2.091004820540344478e-02
1.688368485649028861e-01
-2.893309887252382695e-01
-1.728399912108886938e-02
1.062100729129552140e-01
-1.377300998313788494e-01
1.333867533129711735e-01
1.804548641743344561e-01
-2.110484679542483366e-01
-8.153809715489690468e-02
-3.670424766308622022e-01
-1.783565753793575348e-01
1.324904426946190705e-01
-3.302166094455294409e-02
6.035855017218887120e-02
-2.502192461403543455e-02
1.598292581932975465e-01
3.728213562740426701e-01
6.176521289279708615e-02
-1.618455857831324896e-01
3.035450380515005708e-01
4.174089864388143556e-01
-3.199657324835141203e-01
-1.141716282155089274e-01
-2.112072801340923386e-02
1.507037880580784639e-01
-4.606628040645811828e-02
3.064273250609664268e-01
4.109276663211288705e-01
6.184865889277577633e-01
1.386943341875754299e-01
-2.429386412574697715e-02
1.610104456570458087e-01
-4.814363208523053661e-02
2.650585430296300560e-01
-2.118191841907967887e-01
1.098744636720534740e-01
-8.606911964336969728e-03
3.058145120088991975e-01
2.397155592690731474e-01
4.271911396548315754e-01
-2.872789114327788940e-01
-2.837537027167146286e-01
2.347063784986526402e-02
3.195546793552225262e-01
2.184667136946678023e-01
-5.041353336594855961e-01
-1.463104570504587254e-01
2.902852206255508438e-01
-5.321869184337127412e-02
-1.801455252025711551e-01
-2.178393164128942724e-02
4.947600508187356694e-02
-3.565402800717992760e-02
-1.063547979772401092e-01
-2.500804386862456874e-01
-2.237083242202050903e-01
3.871553729085029927e-01
1.777824482927550243e-01
-3.276895346341884285e-01
-1.485914682206504189e-01
-4.638991408771074576e-02
-1.890992361852567027e-01
1.491523811925448695e-01
-1.005416804584152723e-01
-1.718462547072832913e-01
3.369798165553852254e-01
-5.933622426003484079e-02
2.951232687496668783e-02
-1.676032998015786479e-01
-1.645909046651348462e-01
-1.191694465454898461e-01
4.668677127737460575e-01
3.144826742655397189e-01
2.260948346877960369e-01
3.988996314461721454e-02
-1.639887523535543123e-01
-4.943162982330884248e-03
-3.939624213633372007e-02
1.135755835491398247e-01
1.124484610889681102e-03
7.961147838262630505e-02
-3.234768060161994155e-03
2.418957654558731574e-01
3.601601595495468322e-01
2.086448252590942243e-01
1.883339262431217853e-01
3.669529238383436587e-01
1.083739587744334126e-01
-2.676583135439738470e-01
3.239837905674161078e-01
3.661768967396512586e-01
-2.657433056670566174e-02
2.416882677273367031e-01
9.650621307672010984e-02
-7.863873524016183614e-02
2.735576917983955636e-01
1.112137787114636095e-01
2.789822806515341869e-01
-8.938353733651090149e-02
1.853644912199858552e-01
-1.836914928736551877e-01
3.467697492899415312e-01
-5.383020993347800709e-02
2.538257859938487515e-01
-1.067955878454388552e-01
4.944133978220523473e-01
-1.848518375309642914e-01
4.003164334018364245e-01
2.050652194670501971e-02
1.889815890385220798e-01
-1.024563615509606063e-01
1.682889173189140164e-01
1.433097741224158839e-01
2.659097156918427962e-01
3.324151792326409671e-01
-1.362016850252367184e-01
-3.151485014235294591e-02
-6.012789858457522063e-02
-1.100027010897432211e-01
-2.726972796141831634e-01
2.393107501661573266e-01
7.830135825291903440e-02
-3.113541204842594778e-01
2.603796919167808976e-01
1.986309567692132183e-01
3.776759849118275780e-01
3.629964293710157691e-02
4.707653684736027855e-01
4.223255976025246383e-01
-6.449724755202806969e-03
-1.602839124621280864e-01
-2.002581449850755063e-02
-1.306331487543610781e-01
-7.373185272455932970e-02
4.010521147394203734e-01
4.765222680173766129e-02
-3.510890795286972788e-01
1.534124371435600376e-01
-2.960097961432290870e-01
-1.588276422507717833e-01
-2.308658255344976651e-02
1.628118827372951882e-01
3.051452594963349751e-02
1.298508168103282845e-01
2.088974785721321378e-02
3.948875402818154134e-02
-1.726720687527592557e-01
3.412379627893137313e-01
3.463061441941063245e-01
-2.176213859659934247e-01
9.633492912872586300e-02
1.663440384520142312e-01
9.788108313639634628e-02
-2.812050980424538049e-02
1.409026478144589922e-01
3.673644909673847159e-01
3.700042503396174243e-01
1.077246464484443167e-01
3.492684634458525506e-01
2.691083673410908372e-01
-8.352241363919489514e-02
-8.653599605334413858e-02
-2.050983903949141207e-01
1.439425748630732138e-01
1.212808109302788290e-01
8.180613611625578430e-02
-3.586429210202685125e-02
1.162839235196866661e-01
3.686366371552426968e-01
-2.573403797780879354e-01
-2.499392260012316402e-01
3.013220505044797992e-01
-1.586510865026661277e-01
-1.803126862964510996e-02
2.029013629153001430e-01
2.461466487500584277e-01
2.549732467922115053e-01
3.284344741067762863e-01
-3.314298775730993574e-03
9.912518184082169670e-02
-1.406809294010421540e-01
-2.838568223289031911e-01
-2.262071321268100677e-01
-4.788851220098438999e-02
1.149306030698494102e-01
-1.483560873406536418e-01
1.435044753670546847e-01
3.952747447729449554e-02
1.753878403958044618e-01
-1.871795102062154617e-03
-4.131740134120190922e-01
2.760917806765402771e-01
-2.126543912716216123e-01
9.186605237339859342e-02
9.869569344948797562e-02
3.270739273092990729e-01
-9.738187023078569149e-02
1.010894656292361943e-01
2.134607615910727729e-01
-1.907781140336844983e-02
5.001364404788545548e-02
1.036653600119096658e-01
2.824167911433226319e-01
-6.689950393798758943e-02
-6.255756653366244258e-02
-3.811804158672740805e-02
3.638649808124976293e-01
-1.723639392210607468e-01
3.016083872836677893e-01
-1.976323824024363018e-01
2.465957496762206241e-02
-6.810397511937951731e-02
-1.841975621973387101e-01
3.085617011988858738e-01
-1.559244104647563300e-01
1.843034888817842443e-01
-6.627154153654882252e-02
-2.974631794864436851e-01
2.609505183859279764e-01
1.993038443780624225e-01
3.587737061845939213e-01
-1.814749749381819321e-01
2.911970822629832978e-01
-1.630398776805595529e-01
3.647603655173263237e-01
-3.965630001972820784e-01
-1.289057638118938920e-01
-8.313129544377542701e-02
-8.772472134536343780e-03
1.053266838647304859e-01
-1.587202781814290309e-01
1.437373251293865561e-01
-1.831874713489889672e-01
-9.645372990841578897e-02
1.536704268201873336e-01
2.815598780345296426e-01
2.075619619074958733e-01
1.345139803097310516e-01
-1.928185045606004011e-01
3.566804243057262180e-01
3.257657696595933072e-01
3.025247421529470571e-01
2.547761416204977203e-01
2.024225042557249166e-01
1.874764721307548565e-01
-1.032161025654879452e-04
1.676437698272232324e-01
-3.849023680118102836e-02
4.664951593764742332e-01
-1.878875253392377209e-02
1.087979501553060224e-01
-1.279355406746272017e-01
-1.510902872020275234e-01
4.195559049258203166e-04
-1.182294749029487724e-01
2.032733566690581029e-02
-5.282093279439897815e-02
1.833281940827404255e-01
1.447896936980615223e-01
-2.037687426117285594e-01
-8.061932824739728720e-02
2.897608574207305443e-01
2.675835135563117695e-01
-1.880757030278326913e-01
2.179154035487415597e-01
-5.867455737512713987e-02
5.170120825360016714e-02
1.693041181100011783e-01
5.143991894874768572e-02
-9.632809836701722306e-02
-5.006806612409344520e-02
3.025006435023122053e-01
-1.021190006706687164e-01
1.234900088721411493e-01
1.931088327684848949e-01
2.841896164581885209e-01
-3.913575627937029844e-02
5.225470975422485259e-04
-2.472995885778963565e-01
-2.280243013409276598e-01
-1.543029571765900942e-01
-2.990674034094152889e-01
4.971356983682860553e-02
2.348375611080558145e-01
-2.485945732938501240e-01
2.023015856560212433e-01
-2.906134919001408523e-01
-9.000337483200795963e-02
2.279815447662922878e-01
9.071760503031184308e-02
-1.120714382385062796e-01
-1.356306787588750645e-02
-1.706773624769247766e-01
6.030146101728031671e-02
-8.802642133378221767e-02
-1.704257876115621295e-01
7.224534064394418087e-02
1.182595800785148782e-01
-9.024297171284657859e-02
