4.162890208289950211e-02
-3.048039570473973781e-01
-5.009025734674670272e-01
5.787270232041183959e-01
5.206496465157800513e-01
9.470305011936135386e-01
9.703556417621008734e-01
8.997603935311357937e-01
-2.839078283690537052e-01
9.792658258701298912e-01
-2.598452974487782674e-01
7.012427955636684196e-01
8.473348275931387175e-01
7.439602161297074190e-01
-4.506053417891363599e-01
-3.556402704617180888e-01
8.232439671906801593e-01
7.391886396428832828e-01
-5.528413305581532100e-01
9.277598698053196591e-01
-3.352611150403919105e-01
-5.238913941880549707e-01
-5.487870097303677586e-01
9.298966066016439713e-01
-3.174406707456787213e-01
9.272196683666085182e-01
6.854371322822727652e-01
8.946369072894728713e-01
8.090368224638666561e-01
7.143174380629944142e-01
-5.331760208511504562e-03
-1.515280360059808595e-01
9.699834488112974995e-01
-2.676082997373986361e-01
-2.364415828215409854e-01
-1.367724654853525179e-01
5.856920478562684940e-01
9.357905801600715501e-01
-2.958873819009849027e-01
6.284587460809296644e-01
6.578190904193859101e-01
8.406048425022401016e-01
-2.909779005725194878e-01
8.493248435473161884e-01
1.052472316849742059e-02
-9.720413480848076604e-02
9.728567142114625810e-01
-5.998103357149885129e-02
9.553860285989590473e-01
5.166141831782955496e-01
-5.392042388204956183e-01
9.363457729963486909e-01
-3.745948703639772059e-01
8.427641390034551483e-01
2.038641572252872583e-02
-1.346283946956659816e-01
6.874320933708130132e-01
7.633524810866958443e-01
8.354202186071855163e-01
8.920412942342548224e-01
9.122392903437124279e-01
7.507283705586851319e-01
8.876846244667621066e-01
9.782585664460616837e-01
8.402765903941653569e-01
7.992214190187280076e-01
9.658544623417100183e-01
6.631650865360136926e-01
9.606377723079018160e-01
9.837756728668987094e-01
9.642100063855700842e-01
-4.235665535766764966e-01
5.395644479212284850e-01
8.681391297889103909e-01
3.245591812289921885e-01
6.658989763267464390e-02
-4.051467090832300277e-01
3.093237071877513733e-01
9.144001712849836316e-01
9.526257928412525944e-01
9.260135657684638311e-01
5.643896017990920333e-01
-5.764689443511712419e-01
-3.879913303102586752e-01
8.005544976957487124e-01
9.897468363539936309e-01
6.319851021440326955e-01
4.287771659911438493e-01
-4.575587895075436395e-03
7.505221685075629257e-01
5.755947426788088350e-01
9.832541786518549376e-01
6.739653805413297061e-01
9.345811653716988854e-01
9.733759107688150225e-01
1.063169939641638376e-02
6.085443702471558802e-02
6.818313762370734610e-01
9.892762652961082370e-01
8.811433860658930417e-01
8.563618566614424887e-01
9.419488808297726834e-01
8.450147922194473082e-01
5.698095211284629480e-01
8.474346622841751886e-01
-6.390975510054933140e-02
7.882023667327586747e-01
7.862527310493816479e-01
7.813502520277211261e-01
7.035854128896456006e-01
1.574495154793913720e-01
7.826769415535580476e-01
9.022871742390701222e-01
5.362340442981601285e-01
9.203163261882365553e-01
9.044780152874782875e-01
-1.910537537880244163e-01
-4.930774770953394448e-02
8.827492949372237607e-01
8.701866930298614022e-01
9.528417756650155168e-02
6.790176925195771096e-01
7.267567164505908117e-01
6.341016230297811251e-01
8.330846042303181598e-01
9.610463281696697280e-01
3.821938034561340181e-01
8.924960048039944915e-01
8.706022772787945507e-02
9.551265609600472217e-01
5.595229805087741370e-01
7.362507526609010089e-01
-4.162035624035333448e-01
7.888401423862980710e-01
7.271333167374680606e-01
6.969047840134563465e-01
6.562764958162465856e-01
7.250735173644524689e-01
-3.300974833292845412e-02
9.204901649803791663e-01
9.093909601535956622e-01
7.155689389756021423e-01
7.964296760384981244e-01
8.348771597159210245e-01
6.554844945865391237e-01
7.586052870316615238e-01
6.808084479126226274e-01
5.126275428074407170e-01
6.222832103816085259e-02
2.708993523807497888e-02
9.601459188237069231e-01
7.025491970577594225e-01
6.999370060249752168e-01
6.166190000049376341e-01
7.693238780565940793e-01
7.743256724543903236e-01
9.182618741710253385e-01
5.764329401905037287e-01
9.176782294584096000e-01
2.027103115672186651e-02
9.340978735340330630e-01
4.825699620043846227e-01
8.583936714860537220e-01
7.627868372933950258e-01
6.475647443257512847e-01
8.913341617920347293e-01
6.122878722701741161e-01
9.290803526861195483e-01
-4.071033003303622944e-03
7.938578440116382529e-03
8.872178059698992980e-01
-4.389256549719618983e-01
5.790602395545658698e-01
9.462674572567497666e-01
-9.816951518759621520e-02
-4.147179457954137671e-01
8.630316575662850820e-01
9.375793465014042871e-01
5.254136002813811768e-01
9.325377458892563087e-01
7.921217141842705756e-01
6.968851211322415473e-01
1.518350115267184247e-02
-4.971962211972219547e-01
8.907798821006467360e-01
7.961978462199938988e-01
8.824039020401110989e-01
7.796784633125501962e-01
9.308541760308457480e-01
-9.783156313373508883e-03
4.113734408165602430e-01
7.633240775977396808e-01
9.298810527171895712e-01
7.383867498106265748e-01
-1.229072260148452167e-01
9.626339604129892091e-01
7.197999955645821846e-01
-5.568757738997474060e-01
7.586953332802005567e-01
5.500749671255121820e-01
4.133617990276647891e-01
-2.323489899571999917e-01
6.811850864645838666e-01
7.137319192604465456e-01
7.592886180200096868e-01
7.933179636491987097e-01
1.806183444931185045e-01
8.083977336354440935e-01
7.760474329251150216e-01
8.718244598679074642e-01
9.845179181687380154e-01
-4.661188415592396606e-01
8.109102474356721935e-01
9.460308801311696492e-01
8.126445343107627783e-01
9.768648694474137972e-01
-4.379359140801746264e-01
6.918702078668179101e-02
-4.129653448513170844e-01
7.057751521794419780e-01
1.253338516430419214e-01
8.911877285636813362e-01
5.973682709070320396e-01
3.198405844158094119e-02
8.703640071387421795e-01
9.114846421481770378e-01
6.453209931984310588e-01
8.134613899520702907e-01
9.593946030151384585e-01
5.314899808379542900e-01
-4.602147756383511701e-01
6.414107688403208885e-01
-1.441530074508559911e-01
-8.843905760113415782e-02
7.879115002667784751e-01
-3.592737189901317185e-01
8.784229263923448716e-01
-2.862954865761208056e-01
9.248804437734878814e-01
7.303006765892832153e-01
-2.821070044532557053e-01
8.094942753238932864e-01
6.698633524542026985e-01
3.935534642140661732e-02
-7.845192518775279122e-02
6.761934810759193670e-01
3.754279400981161419e-02
-3.600013071793366493e-01
6.893263440385130059e-01
5.209231197963082316e-01
7.858243479068832693e-01
5.931662182230127422e-01
8.937605848596949509e-02
9.884167016571070441e-01
6.438568736500609457e-01
8.685437841166848694e-01
7.232053699266027813e-01
9.436004238724831072e-01
9.673220966715616598e-01
8.146970929463162037e-01
-1.799551914831460098e-01
6.817073091923389616e-02
4.489874579823585066e-01
8.929393836728585221e-01
