-2.413666039665907648e-01
2.635373637900189081e-01
3.257320801836642576e-02
8.538887835233904822e-02
1.524779445767789621e-01
6.657066487193198656e-02
5.534680853080854723e-02
-7.548581223108973004e-02
1.922011175873331035e-01
6.336317981214356632e-02
-8.609943050807329634e-02
-2.251161555153763372e-01
2.174129779730842316e-01
1.872583640214494638e-01
3.774683535058049877e-01
-2.757610811865990330e-01
2.904650215290390664e-02
7.716003684217723202e-02
2.914523675123500968e-02
-2.515958748048544580e-01
5.927326094747250446e-02
-2.928744314383265324e-01
-2.268143415122816087e-01
2.555553626779882292e-01
1.684447264349252515e-01
-1.261440978338986552e-01
5.635378435171876921e-02
2.138331740703171557e-01
8.121280006818239194e-02
4.499927082483435453e-02
-2.198055196500267316e-01
1.168151941990284715e-01
7.654702831716378442e-02
1.131510058824996001e-01
2.049126769237991086e-01
2.085392515582485673e-01
4.614239983155683095e-02
-1.013710547239445037e-02
-3.459823410188749004e-02
1.043701255162685915e-01
3.649078978436700593e-01
-1.023472091821490682e-01
4.278594914418937245e-01
-3.063622104131299428e-01
1.899659867518873613e-01
-3.727544661297498702e-02
2.990131376466962920e-01
3.350678966211511067e-01
2.411155315532034771e-01
1.017395115823979124e-01
-2.551024530356432035e-02
1.554030193231811796e-01
2.809199184293641460e-01
2.057313399876841697e-01
1.504422219312828712e-01
7.076235503945543792e-02
-9.387833306135802414e-02
-2.447048299879524963e-02
4.020705153317658542e-01
2.504780141049310904e-01
7.886624582059650890e-02
-3.365354179601361961e-01
1.461918726757249244e-02
4.734431121574988327e-02
3.217039582632885142e-01
2.026833998314181776e-03
2.333325875963199458e-01
-6.098957555799918578e-02
7.638444820612955155e-02
-2.405526199205822724e-01
-1.671940003748864645e-01
7.290067456393663214e-02
-7.876578247495670537e-02
4.867603738987101303e-01
1.054540294511272513e-01
4.641121182318065641e-02
6.684498748325688744e-02
-3.471534142723442518e-01
-1.541934051922051463e-01
-2.063625233121815505e-01
-3.180521583162554400e-01
-4.610936272650194567e-01
3.120263408296717889e-01
-1.846585916088639145e-01
6.115003960825089561e-03
-1.748621596013425275e-02
9.102869814482029975e-02
3.732477301471693876e-01
5.063506638720106229e-02
1.557838558636194248e-01
1.354787247066309708e-01
1.738184344473421850e-01
-1.340456795374451657e-02
1.430517059893909870e-01
6.553591532450442347e-02
2.069868834089785836e-01
1.295347922983685895e-01
2.412235812443378480e-01
-3.599990094844887634e-02
-2.573933186035928244e-01
1.188431758218441298e-01
1.049236950384555694e-01
1.817400353316813155e-01
-2.631347915139426452e-01
1.931000317881449990e-01
7.675368431742796149e-02
-1.521256533689564205e-01
-1.927420443169161612e-01
1.140222760960235560e-02
1.227135678588317513e-01
2.342984703364557886e-01
-1.664194707965820363e-01
5.250452689386235772e-01
-3.750051545815397125e-01
1.178555753044879806e-01
-1.474772377814291824e-01
-2.772404252618200227e-01
-1.507116286424903251e-02
7.509478342337851109e-02
1.069562861133754317e-01
1.880094919778420026e-01
-3.550094363051703450e-02
1.056555324535872475e-01
2.132404761669874638e-01
2.100256763614061772e-01
1.054851825906049367e-01
5.253348523258507402e-02
1.574182158720511399e-02
3.353578314834099183e-01
2.963235058299507063e-01
1.382194540432436503e-01
2.967426606867582528e-01
4.498320334069268178e-02
1.308486373497875777e-01
2.208569606299148336e-01
8.357974996213735075e-02
1.855396715877596359e-01
-1.379086226814839056e-01
2.024533572797884429e-01
2.495198754983753986e-01
3.564437438824581694e-02
-5.521279066278755171e-02
1.051907664353123051e-01
-4.083344272969011146e-01
-2.009559896123965135e-03
1.226081338752942618e-01
-7.173210795894039218e-03
1.218583767734509049e-01
1.028577863148482374e-01
1.779360563457983990e-01
-2.482559486739665533e-01
1.465399774849648340e-01
2.487973468627676377e-01
-3.713398625775548439e-02
1.461949128709175705e-01
-2.184273734269520095e-01
-4.881008169199092112e-02
-2.372356213870117358e-01
-3.821220103089986719e-02
2.220726766474169223e-01
-4.559011381218255887e-01
-2.820151613184693207e-01
1.140293523340067394e-01
4.440259123167826505e-02
3.464274161366884958e-02
9.504544484404847671e-02
2.912689998274307079e-01
1.729686542360922008e-01
7.845595626322718341e-02
1.154269529300373104e-02
1.906933812608755663e-01
-2.873088705594824543e-01
1.987586392558996773e-01
1.580169873059840691e-01
1.647750830156136659e-01
1.400358703302324037e-01
-3.672084445815603226e-01
2.609089673048515801e-01
1.507831212614137717e-01
3.030811712889281903e-02
-8.201279934914737502e-02
1.452636263196071253e-01
2.416784583606090275e-01
2.828070760150285246e-01
4.330493651623948392e-02
-2.764427348009012020e-01
1.964307665912882195e-01
5.475868690988631993e-02
-6.478267426891516287e-03
-3.687878033701934288e-02
-1.299692696287593208e-01
1.901170406252582212e-01
5.512954742082082360e-02
-4.623798196174131458e-01
3.269198193515588935e-01
6.038850129008872802e-02
1.324004790680340382e-01
1.637431024624102505e-01
1.227738689498183988e-01
2.096585955016877223e-01
1.431674886640595667e-01
4.404833189851377617e-01
2.435933147419034883e-01
3.111571182198866192e-01
-3.066970641602689285e-01
2.981436864748549520e-01
7.002757906765916252e-02
-3.838865669704201178e-01
2.387504218641059439e-02
1.595528586270811844e-01
8.586386557570543920e-02
1.318857828674498411e-01
8.343909478743623265e-02
1.558386972701062412e-01
-1.907134409484650128e-01
1.960958086604648321e-01
1.400797999474451827e-01
3.654131804433695674e-01
1.370952147385915976e-01
-4.261856126376806220e-03
1.669447693115139741e-01
4.314832309396220839e-02
1.669831754380362021e-01
1.797140728537315879e-01
1.601298574534068542e-01
1.991242820443853145e-01
-1.864392428618426023e-01
2.176500367937577451e-01
3.177050143528304949e-01
1.353535561017735478e-01
-1.938396722567258534e-01
-8.008441575072047791e-02
5.887003480753486701e-02
2.179583993479674298e-01
-3.729181415354700935e-01
1.631890670978071445e-01
1.230824237266495008e-01
1.693243557224629603e-01
-1.993226038559217095e-01
1.870882639480000442e-01
1.339182943172361473e-01
4.160172177687221362e-02
1.715593894721575974e-01
-2.237287310427360787e-01
-3.895378630331921554e-01
3.023628478090299443e-01
2.662057530922864457e-01
1.628284968323660264e-01
-2.175284749441404597e-01
-3.118337884634936330e-01
-2.518199082058670268e-01
1.837747759750239102e-02
-1.390807469050536205e-01
-3.880199705020560136e-02
2.151800708058788092e-01
4.138076581218367300e-01
-1.754564359311391319e-01
-7.694670431025091295e-02
5.474766356049882987e-02
-1.407187950968184220e-01
2.120063352325751715e-01
-2.562941999550659156e-01
2.408326577368609736e-02
4.232899179379648880e-01
3.437722425932382420e-01
1.834935580031747948e-01
2.758924966633057307e-01
-3.263675720073781483e-01
1.803344088917462618e-01
8.216495544705720855e-02
-3.268006821415720964e-01
-4.461250961208641508e-01
1.237648461938541666e-01
-3.483158969367525226e-02
2.611653656879158181e-01
1.428682357883645504e-01
-2.298854898570739103e-01
2.300222844971162306e-01
2.960442042623251391e-01
5.376928748260414309e-02
-1.609504048915449126e-01
1.141280377935914025e-01
1.698513886564513298e-01
-2.328285082273558737e-01
8.278025863120005989e-02
1.551076974021753374e-01
1.509470712588535934e-01
2.797506206238663529e-01
1.733893871905971273e-01
-9.945844061156837446e-02
1.593574944956555883e-01
1.713917504306276818e-01
2.933640972244744294e-01
2.115554502157024341e-01
-4.691369838310684159e-02
1.963215392378762220e-02
-1.532338075600348654e-02
5.735424086404031230e-02
3.432541613389545887e-01
4.504129857734717746e-02
