5.901626198331636625e-02
3.114313075093961061e-02
-7.458005662206372566e-02
8.157951430047998276e-01
-4.540011865448579931e-01
-3.217180320961304241e-01
7.761372206778850424e-01
1.149779924188555902e-01
-2.375702213632763793e-01
9.160592627640278263e-01
-3.138757500187328575e-01
-3.955353236960518215e-02
-2.813346014447171139e-01
9.220921741909180458e-01
7.661902187812172915e-01
-3.731200385905725780e-01
8.173431493669035541e-01
7.132431677017517790e-01
8.504966580302493195e-01
2.994790486030084464e-01
8.551201159261281326e-01
1.986678193115279378e-01
2.626403384638810734e-01
7.485082110954682788e-01
6.407629004204939971e-02
7.815263161779000267e-01
1.608538421507355598e-01
7.472492036172859731e-01
5.234719386971624644e-01
-1.637038265916622437e-01
-9.077475966484582770e-02
7.222695564484185038e-01
-1.637403799793188952e-01
8.831237613688762700e-01
8.270827109183476189e-01
8.659600806242275794e-01
1.199584386591324298e-01
5.215682972959614361e-01
9.058086117411241478e-01
8.269633220333263424e-01
2.854549381441734424e-01
7.964421337769007625e-01
8.954869579801028046e-01
7.353724397086748299e-01
7.955648153126002597e-01
7.383649843191397721e-01
8.469988755400166269e-01
-2.999989694566300158e-01
-4.928030766878691571e-01
9.056380611936210023e-01
9.312914023978727807e-01
-2.625828041830540263e-02
2.665169635408290438e-01
6.854421277858546713e-01
7.780770220495220046e-01
1.721481129866762882e-01
6.357279540474007895e-01
8.831022194103679279e-01
1.276310746980537925e-01
-3.412650825784144804e-01
7.208486739388615394e-01
-1.665786646972912122e-01
7.795551503662268011e-01
8.363812400802486113e-01
8.025956407727370401e-01
8.881319099221924862e-01
3.037071361778457268e-01
7.862734741895712753e-01
2.350946653019606591e-01
8.317271828886763085e-01
-1.417557393769032226e-01
8.730368122396192643e-01
7.890182017498322820e-01
8.953125721095285261e-01
-2.877306708649061129e-01
8.484183384702793651e-01
7.987280894849433377e-01
8.113069689239060800e-01
7.307427567035009730e-01
3.671913735600670359e-01
4.902326189899174347e-01
8.765231972305550512e-01
-4.125817029025734550e-01
8.893640087343148704e-01
1.849544474712513098e-01
7.437427729432815049e-01
7.359220419482382924e-01
9.031361788323875039e-01
-4.341562742078354242e-01
2.157234607046029096e-01
-7.633642951819728795e-02
9.267470903956433192e-02
8.863982542278956434e-01
9.233014438248519085e-01
7.722028210366405077e-01
8.367567532899616856e-01
1.439633849841936986e-01
8.966597329808457806e-01
8.827849922476447286e-01
5.476024907716499079e-01
2.646279336103254942e-01
2.197626118637301396e-01
2.107396930002686242e-01
8.684094235964876507e-01
1.758552685539102045e-01
7.631543645353878746e-01
8.658329848848946853e-01
7.983146852010567507e-01
5.756846910224120567e-02
3.319102878020096514e-01
4.575611600305141691e-01
8.361924306340420276e-01
1.650301633783134436e-01
2.801258751193566945e-02
3.070036601028635070e-01
5.329309228130347798e-01
1.964825611933547767e-01
7.611919124874779730e-01
3.079657160913801262e-01
-3.541136842766324788e-01
8.676020063144278538e-01
8.878240421065650700e-01
9.247121578536289244e-01
8.493809269139909190e-01
-1.801225761430643169e-01
7.677535537804173194e-01
7.276184332018224010e-01
2.258280126417214484e-01
9.037435429700328982e-01
7.624532216106221227e-01
2.147676006719692055e-01
2.494550325783243261e-01
8.495704202531551008e-01
8.736115655210684172e-02
9.249747391455804824e-01
1.857658817587673483e-01
7.551004195132646757e-01
7.474082505019741252e-01
7.343568411597705126e-01
8.738780764797660083e-01
8.833752815774142952e-01
2.328942150889981022e-01
1.771124494367199986e-01
1.981790117058861711e-01
2.509236675719740406e-01
2.027537091378436851e-01
-1.027056830062961224e-03
8.532575061056681953e-01
2.441594989082032652e-01
1.199420028624466200e-01
-1.596608085410582967e-01
2.471826911795195203e-01
-3.101556310067682398e-01
8.398514956277685073e-01
7.768382153762595221e-01
-3.933881238134172564e-01
2.664073293658859587e-01
2.960600951804803760e-01
7.874017905020243013e-01
8.961573879235188445e-01
-4.635884485763869245e-01
8.053809741027231350e-01
7.773795433217701722e-01
8.817339261039081055e-01
7.824780785466958211e-01
9.334204137141091095e-01
-4.327827417635649043e-01
7.760848719752189151e-01
7.470707099231203019e-01
8.819183755531759816e-01
-4.115171304017243292e-01
8.210624546312901284e-01
8.726492628124549178e-01
9.010315534594061371e-02
7.946023893746791966e-01
7.464217464996524276e-01
-3.732905383337057348e-01
2.587889997854983526e-01
-5.074039720779915941e-02
7.667469273342613079e-01
9.190740562674740710e-01
7.212261375248140149e-01
7.613528458707771174e-01
7.836236339027412567e-01
8.883769518019516420e-01
-2.379837448250870513e-01
9.193735345601928843e-01
2.199445511003602638e-01
7.474071724929189919e-01
2.640173530493123422e-01
-3.193097089894577495e-02
2.836648087172459753e-01
7.168905045150804067e-01
-1.287019948741195408e-01
8.913072048566397232e-01
8.387478507221897139e-01
-3.599198211777180356e-01
8.030243315797828130e-01
1.780510707621930644e-01
8.326439027475207588e-01
8.481537940548378174e-01
8.290106721063688067e-01
8.867304771192234814e-01
-4.424991608072749716e-01
9.547419536404704310e-01
7.707392926463103588e-01
-4.393046101075013810e-01
8.087253044047404416e-01
8.286697935555297212e-01
8.752867647830691045e-01
-4.259262833957498939e-01
-3.527337359033588249e-01
9.359299881025320289e-01
-3.429112838565245847e-01
5.947598989732613139e-01
-2.922447419463252150e-01
-4.653518372558347327e-01
2.225012507461559541e-01
-2.276671008425968923e-01
6.311539916254942373e-01
-1.226356413020010805e-01
1.054211829768206543e-01
7.278164892699191535e-01
6.807193552472958764e-01
8.782137071087263713e-01
2.880174249790040664e-01
9.113117093979883343e-01
9.022000818281388224e-01
8.155334946480896630e-01
8.180559245916567690e-01
7.902001803376357270e-01
4.081435795893826324e-01
7.965219035410002757e-01
9.051171754119485824e-01
-4.369151330715533299e-01
1.677358745141843133e-01
9.068555474408661610e-01
1.876239472862044622e-01
8.422980566145356063e-01
4.117719689186223331e-01
1.981889338382567534e-01
-6.033684716915266311e-01
-1.458416092917031448e-01
-1.813850170200939083e-01
9.084240847131165308e-01
7.993359973516276362e-01
1.987612992262882128e-01
7.535126354234834567e-01
