-1.229886438004448440e-01
-2.159858772643590552e-01
-6.747719019302970966e-02
7.594675594320796641e-01
-3.208174270750022705e-01
8.983749970575685140e-01
7.705780771702586129e-01
1.126254406112410789e-01
3.423446536336636203e-01
9.728818465470046029e-01
-2.669212305471820867e-01
8.487141141287749546e-01
1.473982748461244163e-01
8.266372892512927617e-01
7.148804626649668537e-01
7.389796839990825372e-01
3.025746021608921033e-01
1.539369219300745217e-01
-2.111051376459495699e-01
1.597065275652152505e-01
8.578025111231597499e-01
7.887042043826086868e-01
-2.283684660955305201e-01
7.532742639716041300e-01
-9.678486076351848488e-02
4.298045921577668960e-01
-2.801847019870706834e-02
1.920279764177249271e-01
6.914020232285130740e-01
7.898662643583855836e-01
7.344032927861896543e-01
3.569333264200811318e-01
9.213954812553464269e-01
7.086642769598543445e-01
-4.203571168107874678e-01
8.942389604666682867e-01
-3.269635116046685774e-01
8.855404077706493515e-01
-1.563453966251338312e-01
-2.530985589983143491e-01
2.008204702268251429e-02
7.083586442282726603e-01
7.139796202577344264e-01
8.338368155294511030e-01
1.414580679893873150e-01
9.681981266613705339e-02
3.929265374194577110e-01
8.470115271056458672e-01
9.346536306821009443e-01
-9.995292513469783424e-03
7.882920653173519643e-01
6.622497414925062609e-01
6.918674174087895423e-01
7.891113383054133568e-01
9.174249091112135490e-01
6.340114177209690283e-01
8.833257764379272015e-01
6.581339850876759545e-01
-1.721303226899261740e-01
1.629364859132801380e-01
-2.692462167420239111e-02
-1.470893501663997904e-01
-3.161279869494389438e-01
-9.733501978590676507e-02
4.627634300741719220e-01
7.468067505877027390e-01
4.058897008257229821e-02
4.558765035186660569e-02
-6.594141433648531558e-03
7.242310349587530727e-01
7.590428533453847937e-01
4.518969207017684564e-01
-2.814550342752564771e-01
3.656930603822969306e-02
7.453761732039883015e-01
7.567894991623769219e-01
-2.943562441305370703e-01
8.788518990781276630e-01
-3.402782018307214384e-01
8.831208561885918185e-01
-2.829645324618068961e-03
9.000070010415894828e-01
8.638954519592617620e-01
9.415907104116716386e-01
7.794700371536000816e-01
8.982064629784287657e-01
4.946064823954839373e-01
6.846992775299962641e-01
-1.915023826338667357e-01
8.329293113699851592e-01
1.858411047777705494e-01
3.424276607511730908e-02
8.111491686058848183e-01
6.244585161480969981e-02
6.260635527449419646e-01
-2.111710495012592264e-03
9.787747615460139494e-01
6.958976455906078495e-01
7.690625439774803063e-01
-4.219348517833577672e-01
8.936414310039304532e-01
-3.715202830351606034e-01
9.266304104167819577e-01
3.007715686969182900e-01
7.067694793621154270e-02
9.879830109823817264e-01
9.667811579613525552e-01
6.362607087325280464e-01
-3.926448493209938606e-01
-3.969157191358904657e-02
1.947107526610366290e-01
-6.472516840247244385e-03
8.849330245343153822e-02
7.867007909599670334e-01
9.175934388730166980e-01
8.754278194117651735e-01
8.548212770689538331e-01
1.969418494469738490e-01
-9.873254348167669059e-02
9.908480576307256982e-01
5.770489323742156174e-01
7.260906233905091156e-01
8.270868845873575737e-01
6.404686995707993269e-01
7.373334211859066123e-01
8.672177970106225153e-01
-3.584643947467788805e-01
2.379354035469030682e-01
8.032421466212549266e-01
9.550243089353654957e-01
8.168355733471204250e-01
-3.827587069947577247e-01
1.440628801188659491e-01
9.283229719584804585e-01
9.769691445291064369e-01
3.052186480602838148e-01
8.023426016170852604e-01
-1.892096935008980019e-01
8.818567423023658813e-01
8.454118851357086406e-01
7.490860207272718174e-01
-1.298689001633691886e-01
7.533068176827080187e-01
8.071051857736124546e-01
7.690466427518007908e-01
7.236423426873859199e-01
7.983827743665929955e-01
-3.254761917540187621e-01
2.264348423039760638e-01
6.670125094899406193e-01
-3.625832676896908469e-01
1.282415566244986538e-01
7.998739483066796829e-01
7.657188336508000126e-02
6.897662206663444096e-01
7.525489646894465423e-01
8.333634473008624255e-01
8.392651263741219836e-01
8.676643717043457382e-01
-1.928872275248386114e-01
1.692927146276762829e-01
6.971607318081622928e-01
7.578439621131007886e-01
7.250888121848756418e-01
6.683845267997708950e-01
6.564196681030411984e-01
7.262535010648429878e-01
7.471196626946299268e-01
7.144712350957242997e-01
2.197520575525946374e-01
7.301943165636026745e-01
1.670128375511299446e-01
-3.075523432898829013e-01
7.995619637651292244e-01
1.231384331303146951e-01
7.449771024264626451e-01
1.534386511572738976e-01
6.754410777830309742e-01
8.561284304493306241e-01
4.087719737673714548e-01
2.720883577527753450e-01
1.296111773568019432e-01
9.756149850069615326e-01
7.391713793034455637e-01
5.742668209211978514e-01
-3.271435609358638308e-01
2.834357851480053814e-01
7.975731561476453457e-01
7.429526173138090162e-01
7.610896348503064512e-01
3.451579677629214027e-01
1.459196607275486945e-01
3.448402812988089483e-01
9.473539644220495548e-01
9.361759980484154475e-01
7.713461581846360327e-01
8.803663417571903071e-01
2.282010917047181953e-01
7.234618436188113844e-01
8.332898648147504250e-01
8.810753121179445424e-01
2.683325177128915717e-01
9.707020913499832260e-02
8.452895076729103341e-01
7.488407440941700077e-01
7.352823896278757321e-01
7.740300629870202620e-01
8.117250548227339380e-01
3.069946362113890603e-01
-1.226216586495409988e-03
1.199836493993222952e-01
9.410870715332000369e-01
7.005365667273741881e-01
2.217969914848051394e-01
8.744825419395381161e-01
8.091562042490225704e-01
-3.573764971672279689e-01
7.684176151317263503e-01
2.054692080945912380e-01
9.858521437688394506e-01
8.280672547188294708e-01
8.089904457753005484e-01
7.346929037834181164e-01
-3.364849301737046772e-01
8.273802190339563101e-01
-2.034125939084511225e-01
8.993757286681065555e-01
9.005407652688102171e-01
-2.811969517335384250e-01
1.799800033519401432e-01
7.517392122243506947e-01
7.380709024745291114e-01
-4.944271684159296520e-01
-2.764319964844511590e-01
9.404548507025193294e-01
4.229476390955797527e-01
2.481112763550469280e-01
1.786885501627044626e-02
-3.200829919064421825e-01
8.541553856883583595e-01
5.046832185889105205e-02
7.265436430555689551e-01
9.497347356683021324e-01
4.137834774892468204e-01
6.609826087699436359e-01
8.882410508073685929e-01
1.574328509388616959e-01
7.975372413511101488e-01
9.040831705861964718e-01
-8.930357435524684251e-02
7.794037972498752964e-01
8.278499074592261531e-01
2.164417848518806753e-01
3.415724120343039960e-01
7.604998705601633269e-01
-2.913989943834571217e-01
3.150312163042137681e-01
7.798334839627745207e-01
1.401672784584578335e-01
7.681778669534924386e-01
7.999334937552591285e-01
-8.309941277059085252e-02
3.796126674437475673e-02
2.830925448805570732e-01
1.154097575542369913e-01
4.525210888006641619e-01
6.031105861566334880e-01
6.415349061405224429e-01
7.789447414895107613e-01
-2.034246150791836627e-01
-1.802092260815516545e-01
1.243144456896045913e-01
-1.106324245611001317e-01
6.978265260115363855e-01
