8.790553215384300234e-01
9.461748977759776302e-01
7.473257156642949539e-01
9.834986051838328081e-01
7.599575204518869143e-01
7.228821071891886607e-01
9.788545085631752407e-01
8.195748342441737666e-01
7.667175398521828278e-01
7.216812944947466057e-01
9.694628607249615726e-01
9.479201004180619616e-01
9.534431714560468452e-01
6.505374597894697519e-01
8.853324191050827574e-01
9.323517742081135484e-01
9.559722741168750204e-01
9.208880174941898034e-01
9.462844773743191995e-01
9.614990723706724474e-01
9.169560814901049906e-01
9.085982110263561840e-01
9.404469609525956120e-01
9.441680508577192654e-01
9.710984387677363827e-01
7.112734508336919781e-01
9.685330151962980860e-01
6.869067422044636828e-01
8.503191824066724802e-01
6.999803974757370373e-01
8.058227100902251028e-01
9.562504595783081207e-01
9.690161076387033834e-01
8.974842724112368497e-01
8.932160017448200762e-01
9.512511461954147318e-01
7.884215463910119182e-01
9.714641618570181159e-01
7.549644289291259636e-01
9.546562272320610054e-01
8.448177783079386938e-01
8.752341245263273173e-01
8.923790037721430757e-01
9.313406248902170725e-01
8.782262449200824994e-01
8.930403122312735587e-01
7.342552188012847481e-01
9.776638267378747749e-01
8.840073171552624842e-01
9.603574173498964361e-01
8.580215369041328533e-01
9.416197056995343484e-01
9.687082888555551552e-01
9.408447929693544154e-01
9.447441776722291795e-01
7.865121616771766355e-01
9.062844373391352182e-01
9.554092962339872930e-01
9.443496327984991501e-01
7.802215773053409187e-01
9.609055768858326685e-01
9.413371933294786276e-01
8.567888728577353064e-01
9.533402903566192688e-01
9.722640913522762052e-01
6.539732782884127849e-01
5.787433159393560178e-01
8.262706435865121435e-01
9.651263517442465467e-01
9.166180744479182074e-01
9.603220898329902777e-01
6.266833142999643780e-01
9.591846417970490979e-01
9.487398547591152642e-01
8.853140807261830059e-01
8.919672347740398299e-01
9.702912700879633423e-01
9.422779613346632388e-01
9.528768053740667154e-01
8.177940156167664565e-01
7.896004328126795535e-01
9.414033088072546462e-01
9.150641714966537554e-01
8.741830171363738078e-01
8.753564332579455431e-01
7.479101702961350462e-01
9.070602292470739680e-01
9.422269537252647709e-01
6.749908920474421148e-01
9.777453373949509530e-01
7.535933034954949150e-01
8.269202245318434397e-01
7.489537069646134970e-01
9.617774854254889094e-01
7.367594558275314398e-01
8.307350145063270297e-01
9.663054206858028294e-01
9.702879324496809232e-01
8.372797021087337033e-01
9.170184168916543088e-01
9.750111884107028892e-01
8.438579654220603743e-01
9.099446149616894353e-01
8.235033715144639554e-01
8.763237900403313407e-01
9.691353851814913378e-01
8.215777914984897512e-01
9.152928080317818127e-01
7.197909108985438564e-01
9.003925223612296858e-01
8.585840484383511217e-01
9.774423294173864019e-01
8.504839294277865003e-01
9.663000772638682401e-01
9.246776357824588732e-01
7.708840015118255673e-01
9.348561729203732629e-01
9.655292353978887077e-01
9.734545734944606288e-01
6.092651337533239175e-01
9.179101619389720135e-01
8.634619332648978407e-01
8.153377160506946053e-01
9.159994954988863736e-01
8.209502908010752886e-01
8.226474540572037419e-01
9.427651954963487402e-01
9.289537723761702726e-01
9.056903857369482669e-01
7.801057820427066414e-01
9.323692074532978769e-01
8.701909965723324536e-01
9.091963394362299056e-01
9.653277538092500665e-01
9.608773015404952211e-01
9.570564182529996966e-01
7.891162441298438246e-01
9.248618427732521186e-01
9.505647686249028006e-01
9.302197065389233854e-01
9.701911484972182143e-01
8.085706753221728604e-01
7.999878036144386639e-01
9.330914598580447583e-01
9.452865305667755846e-01
9.640720249853921286e-01
8.518566560506146690e-01
9.500483909917158964e-01
9.731682889527599745e-01
9.444424419537411630e-01
7.200291901493027780e-01
8.441306591248551872e-01
9.655176193330003986e-01
7.594251342703176588e-01
7.994269148152413074e-01
9.453004467585375270e-01
8.417424971257801980e-01
9.417369670899703449e-01
8.746500251094024847e-01
9.507713497907762656e-01
9.783242246773820039e-01
9.700660664900747632e-01
9.447465785620443590e-01
9.685811920329402414e-01
9.762001701543198129e-01
9.132630594851034456e-01
9.610856619002821066e-01
8.141594617786187538e-01
8.769912066640952464e-01
9.541802401706689363e-01
8.977000061630097116e-01
8.580768274887961011e-01
9.617803965067115435e-01
9.586302729577573789e-01
8.154202359714142201e-01
6.803749708857200762e-01
9.089348208641958582e-01
7.527821842372862671e-01
7.689390513631090274e-01
9.415650221110188900e-01
9.642726409244697372e-01
9.209502236613025250e-01
8.587018919742520628e-01
5.868759871124235028e-01
7.832664973674736686e-01
9.595883940267888601e-01
9.319837858221312610e-01
8.411997255050054356e-01
9.536235463303310844e-01
9.160544727476667148e-01
9.364553091984151312e-01
9.592600536494628738e-01
9.220068196882191813e-01
6.412812816172610564e-01
7.551182485980998393e-01
8.970706506058092611e-01
9.741706418452160676e-01
9.559810809696083211e-01
7.233968218701585240e-01
9.652086553017840131e-01
7.704265928471986102e-01
8.846208224766247685e-01
7.154333564974454385e-01
8.479179867547576022e-01
7.899876883199385968e-01
8.352140270300064673e-01
6.910574306068989481e-01
9.168985492763499501e-01
9.150439631038942423e-01
8.504637447595038147e-01
9.534634078182646633e-01
8.496845872991285464e-01
6.966469394836954931e-01
9.584779074628039242e-01
7.517072340182482382e-01
9.523855489818292552e-01
9.040192257499850559e-01
6.379281597260313408e-01
9.213806360629516190e-01
9.368687859483236791e-01
7.417807458534493303e-01
9.617261993651917695e-01
9.760427793586570200e-01
9.141419445211057537e-01
8.696477159628279718e-01
7.386776707499971284e-01
9.606253099869427325e-01
9.518796295876597036e-01
7.354025352327955289e-01
9.870489480562861795e-01
9.531196220406872310e-01
8.080531598084219613e-01
9.674312740548611789e-01
6.737948531892412607e-01
9.728085231519632003e-01
9.339188787970770234e-01
9.381328746048780420e-01
9.740356264361471617e-01
9.269734194566672247e-01
8.132874472300776203e-01
5.664414580838359470e-01
9.742216435024197985e-01
9.549533399017616775e-01
7.401353414255211760e-01
8.737210721252268719e-01
6.611534634573567049e-01
6.304285304914916122e-01
9.514573195202069567e-01
8.999546549189842981e-01
8.871996886245885339e-01
9.372371874558397264e-01
8.188328541934990490e-01
9.556909052805144800e-01
6.519763153443598469e-01
9.625924067447702015e-01
9.308608555610384805e-01
9.356878765215219662e-01
8.937654474762390944e-01
7.035681202203400986e-01
9.638187906993818110e-01
9.019765984444958473e-01
9.383721448121148390e-01
9.175770397016782542e-01
9.344051831584423429e-01
8.278243376552529842e-01
9.922402049851259953e-01
9.298692870142251099e-01
7.713514805247101425e-01
8.245513429661700533e-01
9.569528349696669878e-01
8.048431457030020830e-01
9.286790189863970424e-01
9.384212151447097749e-01
9.481024675528331169e-01
