7.813476678876631887e-01
8.063905033497478225e-01
9.271596829595095679e-01
6.504648213584971472e-01
9.211502263120938672e-01
9.510774620172857130e-01
8.466868935658888873e-01
6.408985320779109207e-01
9.500112764224253326e-01
9.730443751742673397e-01
7.580410549123489661e-01
9.291966952046895045e-01
9.503285326278237966e-01
9.560522136160590767e-01
7.798308133782381191e-01
7.644152681458205034e-01
7.093168752938552313e-01
7.329406686630947076e-01
7.244121719521240399e-01
9.742697364572088237e-01
9.620301024969997172e-01
8.604151542544580256e-01
9.543040652828520543e-01
9.439578786337252669e-01
9.517891299628318258e-01
9.344156091632593863e-01
6.415509083267451063e-01
9.267513323203636633e-01
9.558321014811116401e-01
9.541134260523419508e-01
8.606797683538801591e-01
5.202497746838978809e-01
6.647847859590256814e-01
8.843474230816682491e-01
8.688650478026880286e-01
7.422332855255746598e-01
7.135040510032206740e-01
6.332768589894184341e-01
8.109588019266696923e-01
9.260450562351641990e-01
9.544722021033313908e-01
7.078955644968960570e-01
7.098530642785885192e-01
8.834133029480535360e-01
9.661349799878848899e-01
9.557275171667068969e-01
9.346489875465553432e-01
8.341174357064263800e-01
8.861697211538660524e-01
7.185722921430640620e-01
9.575602227722269655e-01
9.596591584465536950e-01
9.471145932236393339e-01
7.192853155684271194e-01
9.484105681304311197e-01
7.568430336966937011e-01
6.168428375693082444e-01
8.757237334609515589e-01
7.131121539804297083e-01
7.258118828551131108e-01
9.224173267013711097e-01
8.260423660847232563e-01
9.360537400643874628e-01
8.257146750740372854e-01
9.688529736024829031e-01
8.856500774852421598e-01
6.690299912465174081e-01
6.591884373894716376e-01
5.346806842362605838e-01
9.523516238364506670e-01
8.807043716697207092e-01
7.436709358506691236e-01
6.549687156638586139e-01
8.807042880022741826e-01
9.361941392646547788e-01
9.523707954729769831e-01
7.965127298183607429e-01
6.278436315168719473e-01
7.339836281401594942e-01
8.187099317142131349e-01
7.303378986231718883e-01
9.548639401634632096e-01
6.900822388536228535e-01
6.868096869894557699e-01
8.348844676536836262e-01
6.983856046111873717e-01
6.267834264992124815e-01
6.857955848890583406e-01
9.419243536891641622e-01
5.723428742618448251e-01
9.508765265231207131e-01
9.683821188516630318e-01
9.444061277738144966e-01
9.356080728324611684e-01
9.185002519535803156e-01
9.724186235521816712e-01
9.529094555380791531e-01
9.474669041986041318e-01
6.358644492645544322e-01
8.839796623612397042e-01
9.551986846398037301e-01
5.852798660443622181e-01
7.290867211549918459e-01
8.023829528623936946e-01
9.481478195768191508e-01
7.361174017054379348e-01
9.748178801310249941e-01
8.193069935002842419e-01
7.484910925073582355e-01
6.479421803805403002e-01
9.530996159205431528e-01
6.488454379072327027e-01
5.703435234176911228e-01
8.197312934728321343e-01
5.752879703394226940e-01
9.798164537249136607e-01
9.644317917538497431e-01
9.355454408006680378e-01
7.608481447395309960e-01
9.256903222460350911e-01
6.514322692759674238e-01
8.796825711203859477e-01
8.675870103284771817e-01
7.012375386724737369e-01
8.995693302870131358e-01
8.722928412917996255e-01
9.711149244395343993e-01
9.527866071802166825e-01
9.705270186414767242e-01
7.132340269961396917e-01
8.631333044752369510e-01
8.740985465160113765e-01
8.006146470785286962e-01
9.365065721797145581e-01
8.138446045269416285e-01
6.965155349457037293e-01
9.180213096336365952e-01
9.345782980423904540e-01
8.002809727192528033e-01
9.580086055931413824e-01
8.548439374296574744e-01
9.622816977469643707e-01
9.398437468370399728e-01
6.717712604891743489e-01
9.072913413965502105e-01
7.602627897593048356e-01
9.526896468870345025e-01
9.722478130016247722e-01
9.620578220393459778e-01
5.338954141793629260e-01
9.525517756227050992e-01
6.660317439171414833e-01
9.701027246934051940e-01
9.251349429810863390e-01
8.978198888592017202e-01
9.510873442420084700e-01
6.807214861857653343e-01
9.406311517624280638e-01
9.727014210787099380e-01
7.441215312410855987e-01
9.609014837653673258e-01
9.217057399169212850e-01
8.674382213964806354e-01
9.564013180948238713e-01
7.769670912671622354e-01
7.013293267780240647e-01
7.787810142607106689e-01
9.482936106732607895e-01
9.635464826720905318e-01
7.014379212245218653e-01
8.059816619183004516e-01
9.103843478582995807e-01
8.345505882765134054e-01
6.216574856537451232e-01
8.136478109529774461e-01
6.645721336891565745e-01
9.567709554318946097e-01
7.342998772075787217e-01
7.471783211063216523e-01
7.972286408340127917e-01
9.034501416502126458e-01
9.367139023889801130e-01
9.152182201385632432e-01
9.303908429693907856e-01
7.377352664549248207e-01
7.216671362012923030e-01
9.276535208918119668e-01
9.734366954721666021e-01
8.109060848182028103e-01
9.231342598802627641e-01
7.651841365960618813e-01
9.047453554537344678e-01
6.974135688387642640e-01
9.294382904088219766e-01
8.023859058405625744e-01
9.022212138545941951e-01
8.839890286820892840e-01
9.632973310098151831e-01
9.360321558951987253e-01
6.707657135681445171e-01
8.926864764334019320e-01
9.269075343276449441e-01
9.154490229426122117e-01
9.556499592031244550e-01
9.384012288303373861e-01
9.582193678185653152e-01
6.572711886402471393e-01
6.990231914678068925e-01
8.314140434179229100e-01
9.488910848617106986e-01
6.144241777943111327e-01
6.385810006341450240e-01
8.089980925197652883e-01
8.175571509587626906e-01
6.986157676857449594e-01
8.700794760078229828e-01
6.839138752658089349e-01
8.974961385918505119e-01
9.577412508105417333e-01
7.312263079828087431e-01
6.013230350638993915e-01
9.558112910352265512e-01
7.178324220024089319e-01
9.464425378550880286e-01
9.515856594762779341e-01
8.999317212142519118e-01
8.407723065950170049e-01
9.455123372896400147e-01
9.337462108733556310e-01
7.679475400985269484e-01
9.605362424846846103e-01
9.505929258884349142e-01
8.633251257814597013e-01
7.601550644214207786e-01
7.959235218297088243e-01
9.646654066927833338e-01
9.452898740873760808e-01
7.513781060205051432e-01
8.749197900579529508e-01
9.667047410677997998e-01
6.797417680049255839e-01
9.455498154608299455e-01
4.634963446823530675e-01
9.391444241027867568e-01
8.819349726445153692e-01
9.254777755058853916e-01
9.682533828611762372e-01
9.452532380997297201e-01
6.616629881939044555e-01
9.490464991672180606e-01
9.503380782933845694e-01
9.221586205258245350e-01
9.683231230054465399e-01
7.234947876710817738e-01
9.271486588542678930e-01
9.457492008649492909e-01
6.732581749181262287e-01
9.275528757437783156e-01
8.334188436692845370e-01
7.536086826982325571e-01
9.140870782523509153e-01
6.525719831776000124e-01
9.411836665010727687e-01
6.043323096274424433e-01
7.424038951280009790e-01
6.021021937818121783e-01
9.386704958735208049e-01
9.562490185934435782e-01
9.361959299264097645e-01
6.759980236658349462e-01
9.411157952380093672e-01
7.000688175232108179e-01
6.880461801823574142e-01
9.527640160544169623e-01
9.803503547827527864e-01
8.982777868138369648e-01
9.359163744861626055e-01
6.410418350430202583e-01
9.506733337221648927e-01
9.374613563454632370e-01
7.383411715280684406e-01
6.434892385720901720e-01
7.767809153595314209e-01
8.913997596479166230e-01
8.152005142469138654e-01
7.296420071278832964e-01
6.582263847984565208e-01
9.506301361447833109e-01
6.117158405119627052e-01
9.706735476192206447e-01
9.449242190018078968e-01
9.710915838381579679e-01
7.563574176402942939e-01
9.636226086146859604e-01
8.364682520219579587e-01
9.288369440709609570e-01
9.411430068249260206e-01
9.685309411640269373e-01
7.280630286917916250e-01
9.452400913585341513e-01
