1.850251995393253912e-01
-4.060491342472849485e-01
4.947670209505131145e-02
1.931861082906345950e-01
-6.983849517610107860e-02
2.228368121190497653e-01
1.119252430796546238e-01
-1.702766181777409793e-01
-3.991030988765061349e-01
-1.779474174560128907e-01
1.158738113729648050e-01
-8.272671103099066281e-02
-3.820232044509948577e-01
1.275941097677446290e-01
-4.128522697144680342e-01
1.531044808832813797e-01
1.065112791043925783e-01
-4.503112101478855545e-01
-3.108912378367950646e-01
-2.723220573259556576e-01
-1.499873382077006045e-01
-5.023798203584518562e-01
3.932733349406098422e-01
-9.866094788444486341e-02
3.239404087283594413e-01
1.652573430928574449e-01
-1.954973063971740255e-01
4.639575194665371966e-02
1.796275783000085557e-01
4.405572147257653254e-02
-4.598301231313688398e-01
-1.689603643570194991e-04
-3.647316061257781239e-02
-6.558959460558219656e-03
-3.992300748473857908e-02
-3.079209531692627677e-01
9.861675642221422178e-02
-4.289509546838143894e-01
-4.678713920312433938e-01
-4.206450416756075117e-01
-4.346960016163231022e-01
1.431234439176579665e-01
-4.399973908821741553e-01
-8.961432815406306096e-02
1.262732129064091102e-01
-9.092510638282592927e-02
-1.076297693796020860e-01
-2.268344898169594726e-01
-2.310785844294014346e-01
-4.239848850493322940e-01
1.056747091848014436e-01
1.006376224501300543e-01
-4.395358121794287198e-01
7.965191404644000883e-02
-2.916468568722401788e-01
3.113225612267587206e-01
-4.141908472558906151e-01
-3.595068402287663334e-01
-3.019709925310545828e-01
1.628399278416172158e-01
-3.856868420840882106e-01
1.900555495960170316e-01
-7.402120586721211426e-02
-4.958014656861252645e-01
1.606212726047153427e-01
-4.502750018744815508e-01
-3.993313494216110815e-01
-2.342003432961023979e-01
1.126409160305593959e-01
1.205405798725779631e-01
-1.127711619042665314e-01
-1.856134715839388438e-01
1.136105779191795423e-01
-4.496649951154854108e-01
1.137979574153882845e-01
1.880075361212331653e-01
2.141841912275189164e-01
-4.028602853517960214e-01
9.234177808728757930e-02
-9.313629737551515353e-02
-5.062261761092132217e-02
2.250200039477800451e-01
4.161719329256165500e-01
-3.395644092117942603e-01
1.355775679436216352e-02
1.990029564267881135e-01
-4.556908988826158802e-01
-3.289662477366260829e-01
1.973924380654332456e-01
2.464693353829392614e-02
-4.160200268663916817e-02
-2.236212977395203860e-01
-2.236709734308328923e-01
-4.484993624673855317e-02
-1.966616708440306338e-01
-3.843268911960412981e-01
-4.976060533536685870e-01
-1.337257393633501101e-01
-2.557393239394415985e-01
-3.397926947358237415e-01
3.680169080428843942e-01
2.118123457403890686e-01
4.144803510969597565e-02
-4.096039364499545199e-01
-4.637697084004097636e-01
2.916970656170336795e-01
4.735232007763223727e-02
1.657123836771356162e-01
-4.420967856247035033e-01
-3.048350575967857523e-01
-4.115612605037022309e-01
-6.243231987443648157e-02
-9.288181669562141363e-02
8.568652000837610749e-02
-4.107288829171150679e-01
-5.559193409237994654e-01
2.729600273465077054e-01
4.282830236835320492e-01
-3.240387300021501105e-01
2.477571077727973858e-01
-3.131476903833747549e-01
1.225147003991995109e-01
-1.701489143321180952e-01
-6.142600409858851584e-01
-3.585895787764128984e-02
-2.382413799872977189e-01
-5.248874837476358302e-01
-3.845346619288684265e-01
-3.729098638266712396e-01
-1.487737821010104433e-01
8.080652411150837655e-02
-3.977317287107276500e-01
-3.324427060427219138e-01
-1.658478310418115276e-01
2.956073915666498908e-01
-3.112020370201956099e-01
-1.484080435563682465e-01
1.958820541603216725e-01
-9.667101319116208624e-02
1.725794332528053088e-01
2.468220696015516191e-01
-1.956861554964920563e-02
-3.532597651054819043e-01
3.813822611481134106e-01
2.783599457049920622e-01
2.255950580656113647e-01
-5.022120399711100802e-01
-6.211680074741184748e-02
-4.571759909452326465e-01
-9.609051270122020982e-02
-4.185638928506706380e-01
2.387986141760557457e-01
1.961573133166692462e-01
-4.034771701098402441e-01
-2.909497713379868844e-02
2.155119454097145226e-01
-4.685137431575496780e-01
-4.478449852860849623e-01
-3.392492452468498509e-01
9.300178218965497734e-02
-4.401148575051059275e-01
-1.642620776003605176e-01
-2.702250145873119069e-01
-3.893167525498327231e-01
2.258928471795016435e-01
-3.238244785570298934e-02
-3.311609188767242196e-01
1.343843847217352783e-01
-3.370722438810051097e-02
-5.063016603647801928e-01
-4.678128637430861714e-01
-1.558946587450259214e-02
2.817280235481428585e-01
3.961373206743872832e-01
-4.241027346437605816e-01
-9.574422963233476802e-02
-2.907337569495546115e-01
-4.552634945744884476e-01
-3.846592406901391814e-01
-1.562674804034703824e-01
2.341502731045535246e-01
-4.028724061855218919e-01
8.890525773851139235e-02
-6.475431490060672840e-03
2.057047186746421008e-01
-2.139714572557201711e-01
2.748137678351406099e-01
-4.281405137858205201e-01
-4.855150821525678340e-01
-4.666690894666299383e-01
-2.055402775643262459e-01
-1.776218465123808876e-01
2.996904012560993452e-02
7.380402867358944186e-02
2.176943176403506597e-01
-5.502247202790919167e-02
-4.344195004899933932e-01
2.472826030849436252e-01
-1.283967852653347674e-02
1.201138659496145261e-01
1.456085995566275271e-01
2.307746880089651398e-01
-4.104384039152558783e-01
-1.832120608202752188e-01
-1.521608794612998132e-02
-3.837756084194135497e-01
-1.629633167368844948e-01
2.917280520592035464e-01
-3.226140894880652477e-01
-4.501519448979681148e-01
2.048648639550933459e-01
-4.496415630126190388e-01
-1.525710873643736920e-01
6.335103757321731976e-02
-1.649565818892439681e-02
-4.935049940957734749e-01
-1.862791432866943708e-01
3.947844000377276896e-01
2.160608677444173786e-01
-1.906183561755899758e-01
6.168950359421540575e-03
-4.937409496046497037e-01
-3.788665171483902028e-01
1.777300964882179979e-01
-5.265529496010044053e-01
-1.346116212223773811e-01
6.401281984999626640e-02
-3.822377969925570551e-01
9.720778125608114939e-02
-2.328440258279598774e-02
4.753137179525263045e-01
2.861873808597913960e-01
-2.829322611497422368e-01
-1.758207844139349219e-01
-2.021073965605299505e-01
-4.757371419468199858e-01
-3.984177399648967666e-01
-1.836525590957638898e-01
-3.273865943547772384e-01
-3.500277690950019671e-02
4.616410642309505541e-03
-3.643733865128505611e-01
-3.418797374152938717e-01
-4.916696835579941749e-01
-4.761353068442773506e-01
1.384656384976099830e-01
-3.881481567129216881e-01
-3.271478264959273297e-01
-4.221961987358338053e-01
1.876411474669854029e-01
2.673127408268798910e-01
-3.361200446439500666e-01
1.356274501354128859e-01
1.724379829982432555e-01
-3.669631441821477602e-01
5.437194643708354036e-01
1.258805614184654517e-02
1.574160404369110144e-01
-2.849208561335027090e-01
-5.209763812079202250e-01
5.011563401333038459e-02
-3.680747192150704006e-01
8.792865559233367656e-02
3.141792858750103723e-01
3.250396770688938619e-01
-4.157206304922562712e-01
-5.073056943838742672e-03
-2.198647094230149757e-01
-3.823352654055791472e-02
-4.244453276680156817e-01
-4.118544549306722979e-01
-3.890300959457740904e-01
-3.100015100072514018e-01
-1.491170700106759506e-01
2.626694228383344432e-01
2.433324271673705796e-01
2.811416008625117202e-02
-5.081693001745677396e-01
7.083566798078831661e-02
2.662607131765364898e-01
-2.407500742710940722e-01
2.581467630591339213e-01
-2.982969965587446426e-01
-1.490669990215381241e-02
2.151232108432071799e-01
-4.175534358861803241e-01
2.088101850365867707e-01
3.987223288782666408e-01
-4.154257222459126209e-01
-4.196321029738599440e-01
4.910827029606259497e-01
1.666014233347544171e-01
2.354128075714306545e-01
-2.717709936243513091e-01
-2.549374710202136768e-02
4.086457111142340060e-02
-4.640865934230647971e-01
-4.509667648241562077e-01
-4.556120998672101297e-01
