-4.410095567267108829e-01
-3.818073497538383432e-01
3.444913176799315191e-01
-4.480737897397327890e-02
-5.247359477796197380e-01
-4.080538143873173595e-01
3.164005626978489971e-01
-3.209831507336702860e-01
1.015011524741131349e-01
6.003487465827746922e-02
2.608402862309618930e-01
-4.278419667718037500e-01
7.496781063762715525e-02
6.280162119950298549e-02
-8.618442051147656713e-02
-4.575050495539303985e-01
-2.401303271672144413e-01
-4.834442754942230858e-01
1.316926011702539978e-01
-3.147001479522821832e-01
3.973059433242010635e-02
-5.633077215283806005e-01
1.342449276887754395e-01
8.796938266571845133e-03
1.195897383485081122e-02
9.195984217015432116e-02
-4.902302494804963162e-01
-3.926500727697029847e-01
-7.245527996667613935e-02
-4.910975940136869111e-01
-3.247154726684677306e-01
1.716121413886138591e-01
6.455410147325302272e-02
-3.707671734724884982e-01
-3.368299962038296957e-01
-4.900078694665555012e-01
-3.513927055237463515e-01
7.854130832736479217e-02
-4.603835068000537434e-01
-4.880694238446534605e-01
7.912130763243316323e-02
-2.672443869370615399e-01
-3.140160130208628081e-02
1.154888289674037560e-01
-5.336525838397300214e-01
1.559124280467115431e-01
-2.024815178060806742e-01
1.107590385835524882e-01
-5.386767944552272036e-01
4.092567560505360191e-01
-5.176887501984728246e-01
-4.881006910919790109e-01
-2.320536964975112026e-01
-4.236458210100451649e-01
1.186162637292838551e-01
-9.138750918570053006e-02
-5.413783811004582169e-01
4.710976151449833976e-02
-3.807037090264572265e-01
-2.476909682281139280e-02
-4.236593508510864137e-01
1.462235817187998443e-02
-4.568694352884343224e-01
-3.678745576679320339e-01
-4.026122715936051311e-01
2.549524828267921150e-02
-2.656088250998010492e-01
2.180320206861165455e-01
2.661876785723377159e-01
1.652237264665265548e-01
-4.165174417429307052e-01
-4.163227330719891373e-01
-2.577652291766653336e-01
-3.565999597715929226e-01
5.873549270744704565e-02
1.159550417776818304e-01
3.388078349010870127e-01
-4.382138766773887584e-01
-3.265616582093318621e-01
-5.286958851424572448e-01
-1.783782451074568121e-01
7.301104415706119455e-02
4.836855297107608975e-02
-4.210543920912892535e-01
-1.490799456977559001e-01
-4.979370893175807389e-01
-5.208259629643771094e-01
-2.970957336050867870e-01
3.777090338093128455e-03
-3.881555319786612057e-01
-3.064681641155598824e-01
6.991082859879337030e-02
-1.947825739282608992e-01
-5.242629774514242502e-01
-4.483350217924340630e-01
2.141148409976823264e-01
-3.081895936859916363e-01
-2.237545374066396420e-04
-4.867108020778365685e-01
-4.745646304633058810e-01
2.687184391592729593e-01
-4.696545087285137199e-01
-5.040228407436087021e-01
1.064918474244740537e-01
2.084060919856773053e-01
-9.482904140424946310e-03
2.606125782769177501e-01
-1.790820811330727236e-01
2.995163944668918776e-01
1.236561158654825021e-01
2.170913683966838870e-01
1.900502203397124723e-01
-4.491746598237883470e-01
-4.505160292097766805e-01
-4.812824007558191286e-01
-4.463702385849744325e-01
1.278268279267755908e-02
9.518160154793098293e-02
-1.008670295455121879e-03
-5.220048064201681104e-01
-5.029883889914877892e-01
2.651945664266490144e-01
1.504132274149952708e-01
1.519108845801071528e-01
4.227283613812421459e-02
5.712530492478162109e-02
-3.398520742829506114e-01
5.965431674234455278e-02
-3.618084194273351595e-01
-3.945347708537355613e-01
-4.765120628595038710e-01
-2.559150592527690282e-01
1.173627106120690711e-02
-4.498805813559830225e-01
-4.744986258471904916e-01
-4.537084351960575246e-01
-8.382461817565338424e-02
-4.218343768822585549e-01
-8.185614050168696365e-03
-5.565670352740864635e-01
-4.793565335138058603e-01
-4.711334087361007672e-01
-1.423357081022352533e-01
-3.357228307189970562e-01
1.916553314916915607e-01
-4.823598783009110935e-01
-1.818574568553722459e-01
-3.830054755934986233e-01
5.364778862534294035e-01
2.156631245133463493e-01
-3.226407891604591849e-01
-4.345660158428260589e-01
-2.729755220961997964e-01
-4.037999504584457444e-01
2.330416663167548808e-01
1.393641893176798818e-01
-4.677649494412725595e-01
3.229883405605851049e-02
-4.372886477970888697e-01
1.776047517822038069e-01
5.951836442350356693e-01
-3.756499538456561926e-02
-4.259637644375110499e-01
1.800449839343635505e-01
-2.079291151141290928e-01
-4.753568443518444986e-01
-4.527075921634877709e-01
-4.416559209936974928e-01
-5.005453885229393940e-01
-5.315668927233209162e-01
-4.399086870989279419e-01
-1.189463160087642080e-01
-3.554760674257079756e-01
4.551423987759910944e-02
-5.913144402612855455e-01
2.213985723654658955e-01
-4.190244335665692654e-01
4.935853060071070109e-02
-2.893605653132304001e-01
-2.658860968872237551e-01
-4.814501402939494468e-01
-3.287580155141402449e-01
-4.727991815878470061e-01
4.992441433455400146e-01
-1.952591607221245973e-01
3.415852012994046588e-02
-4.080516997297890525e-01
2.137013707109129135e-01
3.091842766965568479e-01
-5.471425442283168739e-01
-3.889178664515239303e-01
2.798598188667604236e-01
-4.417970721241214482e-01
4.150009518673163089e-03
-4.605328180852727993e-01
3.964230444071582538e-01
1.584122412187221884e-01
-2.336758158080912695e-01
-2.500428549559080560e-01
-5.161523296304528774e-01
1.550163915397966274e-01
-4.282568319702053095e-01
-3.881947863896442197e-01
3.153344960619968163e-01
-4.238499542553502142e-01
-4.788660502585714296e-01
-9.397469108017933448e-04
-4.052962341428455462e-01
-2.469722258345272425e-01
1.223817906806952127e-01
1.574569193563165881e-01
-4.406408807077498713e-01
1.512901008026590055e-01
5.134114783494720946e-01
-2.635247076596463622e-01
1.302794022475551317e-01
-3.327868362566027138e-01
4.544433725934670654e-01
-2.280059637620484581e-01
-3.376478964551228867e-01
2.699879073188060641e-01
-4.771405612106812688e-01
-4.791482874852734941e-01
1.096272480521564147e-01
1.473547441996811980e-01
-4.847702893547974901e-01
-4.186841011306606797e-01
-5.089820812343233136e-01
1.545329284492676647e-01
2.156855690452379182e-01
-2.646122552627035995e-01
-4.887614758236388801e-02
-5.061730384651865755e-01
-4.698504071485642974e-01
-5.141941542783931007e-01
-3.707313536778347046e-02
8.936564870389185344e-02
-2.726122554206522053e-01
-4.801177053730919519e-01
6.947931926731294727e-02
1.789874062336876126e-01
1.285477915738181265e-01
-4.167520762894766362e-01
8.425793263511391351e-02
-5.432364937329206001e-01
-1.052845767382307868e-01
-3.317527680369047882e-01
-4.057192068768312176e-01
-4.080213817812979871e-01
-2.302275701894955506e-02
-1.511851519184268522e-01
-4.412303093004484866e-01
-4.654471159604480768e-01
-4.072543163270052058e-01
-4.204884259807751823e-01
1.852701078950365343e-02
-4.295392889471860154e-01
1.717030386059336666e-01
-4.214986216235092620e-01
-3.963773232756828135e-01
-4.734814411452665239e-01
-4.101641865202921844e-01
8.438025344737101752e-02
-4.464395707404194558e-01
7.247423564503954752e-02
-5.397354920093353492e-01
1.473811700102622968e-01
-5.248655834833323430e-01
-4.421316399838247646e-01
-1.434380441115973570e-01
-2.030730344506511131e-01
-4.127450688199223450e-01
-4.135966476287497029e-01
-4.918100188901545211e-01
-4.565214799344613494e-01
-4.644811264301147435e-01
-1.386958685390011214e-01
-3.320519463359202783e-01
