-2.927415464662028732e-01
-1.912732849869961532e-02
-6.278476269131844090e-02
-5.705031043644468447e-01
8.962289843636350728e-02
2.977598716813675828e-02
-3.224456321982678286e-01
-4.894892761625739830e-01
-4.787072102707398136e-01
-4.404181108238971465e-01
-4.035493290040844672e-01
-4.555379219067596241e-01
-3.648221679727660094e-01
-4.580252425319188414e-01
-7.258995367268442078e-03
-3.161650785468838598e-01
5.413970578046022747e-02
-4.774281957811617877e-02
-5.163422923282645627e-01
-4.376917846465403633e-02
-4.738747741643837275e-01
-4.078617162531849027e-01
-4.690901386949920537e-01
-3.669548391727683878e-01
-4.699933469645985462e-01
-4.780805526821204632e-01
-5.139901599915736030e-01
-7.095959412243121878e-02
-3.919040619939215264e-01
-4.528804987988319097e-01
-1.191516881102054615e-01
-3.286474563336464483e-01
-2.873814831573915374e-01
-4.399586291975463026e-01
-4.979219531019045131e-01
-4.475122133279941239e-01
-9.553580593051683167e-04
-5.102383639762612111e-01
-4.888928831568906119e-01
-1.276714959503807978e-01
-4.306641094314487272e-01
-4.676123604598326211e-01
-2.874065756202269784e-01
3.630939518478953215e-02
2.137168069612092880e-02
-3.440072650089634476e-01
-5.213473365448784147e-01
-4.752839177273781024e-01
-2.514567246668368838e-01
6.366712204161008304e-02
-4.929704502033033786e-01
-9.357350276738123085e-02
-4.875333433322417975e-01
-3.736170761116566763e-01
9.549776668135988300e-02
-4.277820616543918653e-01
-5.047503878974811675e-01
-4.058841843208200739e-01
-2.996006948481666488e-01
-1.579450374525268042e-04
4.078064629121209289e-02
-4.356057623098646969e-01
-5.266612793192968489e-01
4.450159564377813015e-01
-4.854488029365456314e-01
1.994319754734303063e-01
1.163058301113681359e-01
-4.327250707586711154e-01
-4.363896071828964329e-01
-3.804974064756269092e-01
3.521201242506494765e-03
-5.569103430619227746e-01
-4.508657742835858739e-01
5.435707393225144846e-02
-4.722887896822279830e-01
7.459433204025353592e-02
-5.901975709845651286e-02
-4.650201654154506037e-01
-5.534871100127987387e-02
-5.105030963309111769e-01
-4.444971003357970352e-01
-1.823102634231199282e-01
-5.136071923147766949e-01
-1.648183474224785838e-01
-5.224653059289904311e-01
-4.035918822813754359e-01
-4.366571444641317856e-01
-4.025423880461092563e-01
-1.061899163542664309e-02
-6.353128789427633927e-02
3.900769924419225654e-02
-1.355181782637736310e-03
-3.882738984356374212e-01
8.219971781920297760e-01
-5.354284349098011875e-01
2.331298755910327924e-01
6.444410376443511501e-02
9.931673921455677623e-02
-1.762027682720854471e-01
3.872777462071129440e-02
4.161186566351993132e-01
-4.525543172737067632e-01
1.603043939593007394e-01
-3.939717184034088326e-01
3.120701886680792708e-02
-4.132394732559649397e-01
2.606329931945553513e-01
-4.374221379915373964e-01
-1.915234101181642612e-01
4.659108820577347043e-02
-4.804233003434638660e-01
-3.257476036652310891e-01
-4.187206893258995644e-01
4.327796450345075541e-02
-8.728061017738639182e-02
-4.198323521919077317e-01
-5.200869585963476677e-02
-1.569520576345990737e-01
-3.966818161583476332e-01
1.637708455257261275e-02
-9.085707221721864291e-02
-4.021500747456732139e-01
-3.069250470826572208e-01
-2.515946084439756869e-01
-1.188503619930380423e-02
-3.537684152059903941e-01
-4.341782333792249537e-01
-2.105920361978303595e-02
-3.084745568484906775e-01
2.347995687567587531e-02
8.365885879640229394e-02
-3.678922157667251502e-01
-1.709131825045532571e-01
-4.383557743964303643e-01
-4.243054684430032086e-01
-6.135303004861020898e-02
-8.342239875557470874e-02
-3.159174142419697850e-01
-3.069335450576009539e-01
-1.296689149231247118e-01
-2.137119340243892052e-01
1.554217598358938884e-02
-4.296248739690816110e-01
-9.182446385946482770e-02
-3.057095434743637916e-02
-4.372791617975793632e-01
-1.391956188645357417e-02
-3.075459206486452768e-01
-4.293793169925708836e-02
-9.252442949653030824e-02
-3.768580632744111258e-01
-4.299142338429690069e-01
1.793194745842147664e-01
1.353577581680549119e-02
-4.503297427844717427e-01
7.416502902826238586e-02
4.141865898393139178e-03
-4.027919887703716728e-02
-5.223814890021083457e-01
-5.163212986441139130e-01
-5.090299633264465662e-01
-3.935362958099914432e-01
-4.134967679374429439e-01
7.400173280285488042e-01
-4.488410098611256838e-01
-7.567429798920856376e-02
-5.414906319888013186e-01
1.780832734205448353e-01
-4.199533668362833705e-01
-4.704680463055516682e-01
-1.096877970315895401e-01
2.493344147922364473e-01
-3.990329482911862957e-01
-4.506997161625205806e-01
-5.613148367165552433e-01
1.217082680738373057e-01
-4.632864814417951838e-01
-4.085074082157784670e-01
-2.897870829083175684e-02
-4.164218884127861009e-01
1.977162415827504738e-02
-5.004808327621310671e-01
1.336162380164425678e-01
-5.653212372191700891e-02
-5.005117046055990171e-01
-1.319231227694435127e-01
-4.776808935933886668e-01
-1.063256604225330249e-01
3.549788125400966943e-02
-4.872849634241085415e-01
1.449202300609638283e-01
-4.216588960937456831e-01
-4.497118009721706722e-01
-7.161691220220386955e-02
-1.323273883618250601e-02
3.119809494827500140e-01
-4.366317453884483446e-01
-7.268014409276928045e-02
-5.390691482164289283e-01
-3.778752771914922204e-01
-4.256517832095744747e-01
1.264181818302691773e-01
-2.107963054600194841e-01
-3.340370522631864181e-01
-4.463747182387013401e-01
-2.414345992550833153e-01
-4.482109781623732636e-01
-4.401420352338485942e-01
-4.380663817626193612e-01
-3.388309773627092847e-01
-3.905100617066388780e-01
-3.828867526126192300e-01
-1.974251436419952044e-02
1.109783796390019506e-02
-3.048639308777567614e-01
-1.652805276180740468e-01
5.255603749524095925e-01
1.048930006063340664e-01
-4.399219821264383490e-01
-4.760896817948970239e-01
-4.865457287576998580e-01
-1.927088523946116072e-02
-3.589736283687746665e-01
2.468676392089773908e-01
-3.980359122078980239e-01
-5.191802430029734960e-01
-4.872502270449785011e-01
-4.350037910197446234e-01
-4.990806605328762524e-01
-5.173283513351811802e-01
2.011253447225379021e-01
-3.927477651897053890e-01
5.273513864028180065e-02
3.744792782098842476e-01
-4.982060266060250320e-01
2.030499578627025653e-02
-4.794604425779148693e-01
-4.486013482319292089e-01
-3.354485196847903361e-01
-2.922815338609772162e-01
-4.104632117171664873e-01
-5.697194258298136221e-02
-4.072470165293531341e-01
-3.515238485247789146e-01
-5.528976536024515775e-01
1.221028985241157105e-02
-1.847589232033904905e-01
-2.459545779178526348e-01
1.937283622592045063e-01
-5.085648862791992686e-01
-5.313146063287157439e-01
-7.629569456954907181e-03
-2.304657721746035115e-01
-2.728807397314766403e-01
-5.405480812491270104e-01
-2.024410451118806575e-01
-2.595138767476150021e-01
-3.746833511609695133e-01
-1.248088829143236544e-01
-4.445486292294035247e-01
-1.817763622012329716e-01
-4.671812712238521126e-01
-3.118287508081831749e-01
-4.740123276062438995e-01
1.051856317951633812e-01
-5.315070363005165444e-01
-4.383688212571968390e-01
-4.626781079539061814e-01
-3.948866055842281120e-01
-1.606902514812423022e-01
-2.150946833553538107e-01
-8.314114721373708217e-03
-4.558879523728337491e-01
-1.306722465897779406e-01
-3.630332403766758365e-01
-3.424001688985487957e-01
1.036986543025673058e-01
-4.652080611925983877e-01
-3.096651370729438524e-01
-4.769845688729764666e-01
-4.538561924336775300e-01
-4.391766112091339824e-01
-1.266868624944066657e-01
2.945388384386469216e-01
-3.877033925295181871e-01
-4.992645959950286483e-01
-1.055550734712680655e-01
-5.444304978826759456e-01
-6.145513087681842013e-02
-1.298258317908719817e-01
