3.662838257179960033e-01
-1.898211564235733340e-01
4.397942123340938675e-02
2.250419593080618952e-01
-3.290436141590660224e-01
-3.195462435824215630e-01
3.053042129204164845e-01
1.936747841455256913e-01
4.281033751328101600e-01
2.698435845683452294e-01
4.090970522053449798e-01
-1.123585853433356208e-01
-5.308527610807068503e-02
2.414545728649862555e-01
2.370703343232535842e-01
-1.815527546370367118e-01
3.434077893246333391e-01
-2.699897696438764982e-01
-3.085983940698509009e-01
-1.652475167442527815e-01
-3.488787080014326136e-01
4.645401003111312432e-01
-6.857823609936894438e-02
4.308894095913226030e-01
3.011527531925423107e-01
3.030538454688628258e-01
1.482959570309636543e-01
-5.244642435570453370e-02
-7.894830297356814075e-02
9.170076078046207613e-02
3.396809754448942287e-01
1.986203969185551532e-01
-3.194472449063968933e-02
1.584453131971213513e-01
3.988214988987523468e-01
-8.183223258161040348e-02
-1.155964710490557934e-01
3.047992764470335292e-01
5.124961068927719188e-01
3.348211526807653993e-01
-4.002044628603725895e-01
1.432584509521272476e-01
-1.628056683204009425e-01
-8.866086293532655926e-02
-2.017763730076206630e-01
-2.356598273744809902e-01
-6.481325975333390721e-02
2.987977862313826449e-01
2.802528015073054712e-01
-2.316733867604401642e-01
3.369372899409470712e-01
-2.732788334771291683e-01
-4.182939922367633762e-03
2.783006456070016288e-01
5.629265509797398703e-01
2.326779938242007351e-01
3.315759429546147330e-01
2.820345148795737611e-01
3.477927439965150525e-01
3.180423801010814344e-01
3.163131735427958668e-01
3.808048807407461434e-01
2.729597843368264942e-01
3.145512575221742768e-01
1.857603720942387904e-01
3.193610418593316735e-01
-1.747708192318966625e-01
1.279160833324617386e-01
1.749726880467679657e-01
2.276896348411165394e-01
-1.812974298678665663e-01
3.208930647355554555e-01
1.065677558335231395e-01
2.675603446635533844e-01
7.355623183772236340e-02
-4.221749490325685944e-02
3.101822257546348396e-02
1.710731390562086063e-01
-2.468748941374544065e-03
2.007649283036044841e-01
-2.374314977643948721e-02
4.203256507630649397e-01
-7.009305349101763172e-02
4.575903256781777007e-02
2.995355831449970641e-01
-4.205396595796311032e-02
-2.735211847995831502e-01
4.257279268729387556e-01
-2.454040469890915177e-01
3.333901863051276782e-01
-3.979495030666058142e-02
4.318489059498802352e-01
1.843719631264746361e-01
-3.099757623468592932e-02
-1.585984875703242980e-01
1.733681960047793735e-01
2.704350088326107904e-01
4.835671869206509266e-01
-5.952260031025331105e-02
1.454586288748602463e-01
3.998425252481464520e-01
-5.342507451479017178e-04
2.761816589047544901e-01
3.058000997801803567e-01
-3.418187153146904494e-02
-3.817352663279900415e-01
-1.613877782131122318e-01
1.785742421513182299e-01
2.012133348731768301e-01
-1.900736090689464919e-01
3.811914606398567051e-01
-3.297517784651370354e-01
4.110354145697727724e-01
3.316990439530690393e-01
3.442330949057334499e-01
1.951815798760219434e-01
-2.443318027240558021e-01
-2.184761434821181070e-01
3.021975266482874733e-01
-1.306371484365159430e-01
2.190914668762916906e-01
2.187352026122481655e-02
2.881770379811364746e-01
3.233971872625843180e-01
6.026973234433656845e-01
4.873961678919119245e-01
-8.379833626418873097e-03
-3.176149998182337120e-01
3.235931247899326291e-01
7.806854008356861607e-02
-2.166192369317084254e-01
-2.086194764646622235e-01
1.133112011169173095e-01
2.231233656103775720e-01
3.649295131164447259e-01
4.562824845540349172e-01
1.822024516997067800e-01
5.039910761573249687e-01
1.438945686468516005e-01
8.519795511743433192e-02
4.860138204145943164e-02
-3.650275777874505134e-02
9.431108405293053831e-02
-9.015975677327447979e-02
1.899362570335927647e-01
1.146115668541379390e-01
2.533912572079504155e-01
4.960151051523977728e-01
2.093618264703746568e-01
3.459842595469010407e-01
-1.436304899811590916e-03
-1.073559161843785914e-01
2.079782576809404426e-01
1.371533746521607366e-01
5.299784463620808156e-02
1.881317814802382360e-01
5.394541035972542087e-01
1.964917187352891725e-01
2.100286839010508111e-01
-1.493026023702928237e-02
2.624438012604904946e-01
-2.788554981895747797e-01
-1.088236731351596709e-01
-2.383392216606061154e-01
1.025150553386555696e-01
-1.597586215830892331e-01
9.823422102620474328e-02
-1.514037981757647977e-01
3.806029342906547264e-01
3.590624344415602742e-01
-8.963549679537628767e-03
-3.327906866018107146e-02
3.121858569740719735e-01
2.896565105191158951e-01
2.466449872533194587e-01
5.530765000248997199e-01
1.137735646778893217e-01
-1.439554342233351769e-01
-1.589395950201445418e-01
-1.905635215003539107e-01
-1.635047333470804054e-01
2.663876773574175294e-01
3.383433258657931875e-01
-1.048237136537466807e-01
2.227125756616393781e-01
-2.221871640684432436e-01
3.929656911986545431e-03
2.497899466201231045e-01
1.350165895005006056e-01
3.812391482335093507e-01
5.111876844463315583e-01
-2.426109144140405904e-01
2.561086917037813659e-01
1.824149802449561708e-01
1.389144881532046183e-01
4.168916485888702339e-01
3.985565043413709096e-01
3.858071771291519680e-01
2.747449379737179065e-01
-1.923758740812948898e-01
2.856317448576886076e-01
-7.561637361601973584e-02
-7.012821933136281771e-02
6.085945509461268554e-02
1.759546043812721672e-01
6.343625863845395174e-02
1.755029029680529873e-01
1.951446812002216591e-01
4.794473035894287749e-01
2.986723443667436695e-01
2.984303385216411364e-01
-3.565165568859498535e-01
2.781882392906240287e-01
1.258428664029020289e-02
1.263450320393865178e-01
3.842632878252465467e-01
2.966837261950641125e-01
1.144802858405406520e-01
4.112921985278585324e-01
-1.592440517502389796e-01
4.504746341355642808e-02
1.188622495534238932e-01
-2.357564311978316840e-01
-1.130900237911565409e-01
3.798236211969905352e-01
-5.055672934764996601e-02
-2.961070601915618550e-01
-8.479218106291018520e-02
-4.654427917754856009e-02
3.534059192981834907e-01
2.100619252070451415e-01
2.472823074699808110e-01
2.055156469228486826e-01
3.375530320297835396e-01
7.368711808094630111e-02
3.528651572077531884e-01
2.702646841772323727e-01
2.167070013132590400e-01
3.388825454644998070e-01
1.496214805261321390e-01
2.407509495108714481e-01
4.291272832514809732e-01
6.674856343462078068e-02
1.037013836188145216e-01
1.764317373709333170e-01
-9.909070621766222220e-02
2.551412261431933448e-01
-1.274408867685020152e-02
2.412196331677209926e-01
3.140676421792097939e-01
1.534869118898334328e-01
-3.185844304541330940e-01
8.877109504358812742e-02
4.073748952682539892e-01
9.870876239081688430e-02
-3.524606914064390972e-01
-1.061625458551489209e-01
3.468848471221805951e-01
3.121728927245652208e-01
3.625808714220721263e-01
-1.629812036657267704e-01
1.422161077463083845e-01
2.224731649790386290e-01
-9.848411648816435271e-02
-2.070456085928228385e-01
3.460163849715803819e-01
3.250634839372850693e-01
-2.256620645429483207e-01
3.344469348447826063e-01
-1.970400949657576117e-01
1.249023900532395953e-01
1.999984414502813390e-01
2.180330486809539114e-01
1.835538501853336557e-01
-2.560029784675091347e-01
4.386819003110455917e-01
3.906873236481277489e-01
-8.499513222363339060e-02
1.515352237432704974e-01
2.993389684592315247e-01
-2.590524066745169413e-02
5.608005773813610206e-01
3.594099988954019276e-01
1.254941123686552917e-01
2.127165369502225789e-01
-4.593001822581471716e-02
-2.130201144149518333e-01
3.013954630577228011e-01
9.733300849017767487e-02
5.195564423877655491e-01
3.932123314243201467e-02
2.412988639840951965e-01
5.393916994078677973e-01
4.270871579086981673e-01
2.157123538341871594e-01
1.118020495565188871e-01
1.455890846394577998e-01
3.729733086788833973e-01
2.781974533733060362e-01
4.747473832219709644e-01
