4.975445147156561942e-01
6.814665947920259814e-01
7.354718732539053949e-01
9.288916727552324337e-01
9.540661627947406576e-01
8.649169015262437865e-01
6.619926735648737903e-01
9.054063311174768147e-01
8.564244742430866530e-01
8.767670856638278831e-01
7.926162963392660021e-01
8.779375923668155668e-01
9.484135727963372009e-01
9.227232234839399805e-01
9.453859004984365155e-01
9.104915035369545162e-01
9.531747337591096603e-01
8.846542667687555817e-01
9.374639041111781923e-01
9.452578791203816166e-01
8.534139533881951456e-01
8.462344352602149122e-01
8.337237996727586697e-01
6.730083393244967738e-01
9.588646313002224808e-01
7.245885733911683335e-01
9.328474428202071511e-01
9.376600068790106324e-01
6.965326938278875168e-01
9.557149447127271102e-01
6.548011823282928745e-01
8.520058753138506358e-01
8.899166572059071800e-01
9.135653023888040680e-01
9.382588820109333261e-01
-4.432582944432505445e-01
8.919060120396590241e-01
8.174601178581327732e-01
7.931028539350760687e-01
9.539937166012824044e-01
8.588471601552050139e-01
5.838461551528766336e-01
9.468563081018680494e-01
9.314613339176811557e-01
8.516279708274563376e-01
9.035984848117024626e-01
7.956189485003746231e-01
9.356209926027403423e-01
6.118093943808351476e-01
7.633656453179782364e-01
9.581615208392663119e-01
9.630907804842978592e-01
8.472101499103431577e-01
7.797000021270237280e-01
9.042513904288430604e-01
8.276335970690420485e-01
7.391727017046402226e-01
8.604330645912594555e-01
8.103985926609671431e-01
7.051704003296397349e-01
9.291159381866881395e-01
7.147334542284575765e-01
8.317342907624493131e-01
9.227067739762755405e-01
6.787948017366175479e-01
9.517876475428774796e-01
8.579051886792944392e-01
8.798346457642558516e-01
7.144214274073712456e-01
9.357632137944913442e-01
8.774053399122687669e-01
9.067202060281379650e-01
8.273321490443077408e-01
9.366181061209453151e-01
7.537517317069523104e-01
8.795707665010259468e-01
9.342029399024410763e-01
8.713164827478276919e-01
9.280175946397211106e-01
9.101266941437456959e-01
9.240541494310230419e-01
9.114612939737170016e-01
9.041375153437518630e-01
8.781562070412023413e-01
4.839291610851362280e-01
8.014213656190741775e-01
9.043084963094772943e-01
8.386516637569629840e-01
8.033289684545619203e-01
9.774275074267593233e-01
9.145906685090273713e-01
9.626238271991077733e-01
9.594571005953831389e-01
7.926154770092863622e-01
8.290333278912118686e-01
9.353918564278936865e-01
9.517620971138773811e-01
8.934623671912410581e-01
6.787126545090513829e-01
8.423765251638138940e-01
8.844772833042074955e-01
9.124813247016951845e-01
8.400986030069137467e-01
5.871119667092611349e-01
5.099539926514302657e-01
9.740755564141199141e-01
6.951662196904722091e-01
7.369760700991694335e-01
8.651576687076502070e-01
9.597870930974351511e-01
9.376756403853634403e-01
-3.828033920003670598e-01
8.616593337027820265e-01
-4.270676953908956186e-01
-2.757976098976047119e-01
9.279986604203447342e-01
9.400583629954910592e-01
9.236435403005992528e-01
9.568591430210277027e-01
7.985984154778147381e-01
5.689703027757974096e-01
9.452941952288232974e-01
9.614817128593671214e-01
7.651166775390099151e-01
7.791053940078125351e-01
8.205078000117145276e-01
9.191752921059799242e-01
7.643541645069629187e-01
8.812873235477782785e-01
8.781817804898850444e-01
8.979522659922622996e-01
9.262553979158180129e-01
8.673491094677043822e-01
8.106751257998169313e-01
9.336438750733394576e-01
8.399477521507618949e-01
7.801266033287050927e-01
9.367999153578953075e-01
9.090468449816615504e-01
8.029693420711032648e-01
9.383224617879130092e-01
8.574410450046979770e-01
9.417446208975749355e-01
6.011186479196446442e-01
9.680242598575125035e-01
7.100733314997830226e-01
9.075884212444521593e-01
6.605048247918019477e-01
9.542874143498395467e-01
9.001220562202076891e-01
7.258821704462835589e-01
9.723894489095712412e-01
8.324030564944340238e-01
8.670653418105523924e-01
9.420505468593891596e-01
8.278337925888945570e-01
9.597966900275758384e-01
9.562454833299713908e-01
9.617836161010149265e-01
8.631658408163433993e-01
9.683744282363401235e-01
5.364359204572470841e-01
7.788454600308902798e-01
9.176936925507304110e-01
9.602249200128682993e-01
9.327166982930341632e-01
9.219640598412396360e-01
9.515598999998943208e-01
9.144161490705464690e-01
8.901925733391409246e-01
7.160086851792982765e-01
9.440555776573278379e-01
6.576557959823957633e-01
6.492329300721160212e-01
7.917749548254489067e-01
7.816874721039042129e-01
8.883587060982871542e-01
9.095246020818541499e-01
9.474971493812419654e-01
6.352768801233397156e-01
9.079885371254512449e-01
7.013820530780906504e-01
9.333509286620348400e-01
8.730873196572989103e-01
9.771437763374840602e-01
6.755236818248104846e-01
9.289263530548858006e-01
9.511079184808992615e-01
8.564650036422252199e-01
9.631437899101755740e-01
9.456560490498501226e-01
8.653555118571725213e-01
9.307348854766832602e-01
7.851395555502823642e-01
8.973804923715900106e-01
8.087361034999157594e-01
8.226351468765356056e-01
9.031642397737349448e-01
-3.355596308673916561e-01
8.539092212057567410e-01
9.597946053649375475e-01
8.229780509818749312e-01
6.224078821744811751e-01
6.556015503027703417e-01
8.589004582291233092e-01
6.682229707197407942e-01
-3.765711513859300585e-01
9.350048583347388975e-01
9.582616384163661349e-01
9.495547212904489331e-01
8.802213522357050790e-01
8.682828157137230107e-01
-4.393767410567488985e-01
8.224919899027489656e-01
8.125922113906317579e-01
8.693563338953237407e-01
9.060446085562530172e-01
9.174668105473799962e-01
8.485597521652723518e-01
7.860808993762405938e-01
6.646245058188028354e-01
7.255687519160105570e-01
7.848731739114596095e-01
8.748359855828321541e-01
9.531407231779385203e-01
8.949072193471723224e-01
9.900345033412403239e-01
-2.662352423721552896e-01
8.796169452745108419e-01
-2.927070904644459848e-01
9.123382641469137688e-01
9.483402105493077272e-01
7.695269509618167803e-01
9.009579677286261301e-01
8.786812083111777971e-01
9.460098528340747936e-01
-3.400006627006816329e-01
9.537518588480938808e-01
8.231960358459320393e-01
7.534626864124963630e-01
9.431979709924993571e-01
9.289289088416923246e-01
9.389899122171314616e-01
9.625497588327622811e-01
6.884262705732173693e-01
9.437809050830486823e-01
9.707200327503764381e-01
9.114379724862169407e-01
8.887129878990971399e-01
9.331995555216205940e-01
9.368084668252351088e-01
6.021861453157661970e-01
8.230542321657233762e-01
9.234569456103276508e-01
9.135249787959204282e-01
9.286349039132794081e-01
8.677368708455026614e-01
8.340160580371691612e-01
9.496573021613708976e-01
9.430524746018783544e-01
9.303093676923694932e-01
8.731182746974166520e-01
9.001560521441658302e-01
8.788731359224346562e-01
8.710097186146235071e-01
9.502356730932027817e-01
8.181305787705061006e-01
9.165200972171807514e-01
9.536295951996336395e-01
9.262577743027617938e-01
9.002262751829531728e-01
8.802892365726859847e-01
7.361295475471012484e-01
9.366161173719488309e-01
9.016527277659656114e-01
8.480943691080521374e-01
8.344868147197135322e-01
9.043414127444100448e-01
9.121641333428692766e-01
8.786631283226598033e-01
8.583545363570662667e-01
6.660570408763527572e-01
