9.407839898216908692e-01
9.443399687172898682e-01
9.784198981537848283e-01
8.210741603730886684e-01
9.097991704623058506e-01
9.134701216444669480e-01
8.971315942410428290e-01
6.228637500865426002e-01
7.484057466437668005e-01
8.306117682954536896e-01
6.296111482406065996e-01
8.958549769675855368e-01
8.083474026328389961e-01
9.689221421107194754e-01
9.794898399033453718e-01
8.832587710439165907e-01
-1.445565084755925378e-01
9.105428703185297623e-01
8.828890735206414986e-01
8.573801065646299291e-01
9.603102672306309540e-01
9.042004567137421622e-01
-3.941998268451424314e-01
9.266728254052885028e-01
-4.659998466945725615e-01
8.202986051818643709e-01
9.314155005105632101e-01
-1.034914600263205225e-01
9.641492381216381080e-01
-4.310581370545276542e-02
8.835274650773801142e-01
9.674537822382105468e-01
9.883162794669237972e-01
-2.790609526934322293e-01
9.764381022946052591e-01
9.656162226160110995e-01
9.937270184549633623e-01
9.211504255827487331e-01
9.503012012315310564e-01
9.198086659693770484e-01
3.008589545189210845e-01
9.432366410892699671e-01
-7.124839783490219403e-02
9.021946434819928529e-01
9.245382622513240722e-01
-7.537705096569807806e-02
9.218597123899594514e-01
9.281115959516488267e-01
9.623337738363320071e-01
8.175270638051097549e-01
8.638004807529187090e-01
8.828794148238607864e-01
9.816332996401260225e-01
-1.249368366838817523e-01
7.290483481960381429e-01
8.642429743644293172e-01
9.374802369851225059e-01
9.093036545390027481e-01
9.649059546196003812e-01
8.704340182862420061e-01
8.923479915775200944e-01
9.418291725840665096e-01
6.505876137518280533e-01
9.256581765547380325e-01
9.055465445699243388e-01
8.785043328730138823e-01
-4.951853542382406714e-01
8.590807421770743080e-01
-6.175428171091607021e-01
8.290652604723458552e-01
9.151025125538688743e-01
4.584936558194074863e-02
8.824414111279319517e-01
9.288137412620099953e-01
9.684133759770124916e-01
-6.496059594458523934e-02
9.764195575826484230e-01
7.273060006218696749e-01
-5.792927907726339032e-02
8.975013704303618223e-01
4.064518967300293495e-01
8.835078337066071263e-01
9.796369682101742082e-01
-5.204945846111366237e-01
-4.595377546351090969e-01
9.555185270862147640e-01
9.864869462644119125e-01
9.060381235629015872e-01
9.264857623552160693e-01
9.770767007622702671e-01
8.320981423615188000e-01
9.512968809774824397e-01
9.994793247894750987e-02
9.690452868187793278e-01
9.495780592666478448e-01
8.099783923302938948e-01
-1.266631336707550737e-01
9.496243376716948514e-01
1.588240303142796628e-01
8.460613691727306707e-01
9.146135638631275322e-01
8.733042756089538505e-01
-2.058946334925534360e-01
-3.539628737281242943e-01
9.893875031155929811e-01
8.970285174793202199e-01
9.225165462356426094e-01
6.654165657974892012e-01
-2.798579883602028695e-02
9.363830771209873394e-01
9.550454056713119089e-01
-5.685259123796144731e-01
9.640859883100568739e-01
-3.047266684003135939e-02
9.935117823444434837e-01
9.076136243545881443e-01
9.597292889942581340e-01
2.259351853915712305e-01
8.295421084225007569e-01
-3.698976803713759365e-01
-3.586380703228850830e-01
9.164365190641139414e-01
9.689359664909034109e-01
-5.444804674933249045e-01
8.993092162763172137e-01
9.717534010172984571e-01
9.842671884154733375e-01
-5.028822553315199784e-01
9.526245327179100331e-01
9.196515505776425847e-01
9.834744416542131606e-01
7.062648477467169394e-01
-5.994951261737946346e-01
9.960429014163764139e-01
9.815550007725181159e-01
9.579496872755404180e-01
9.500649621587496929e-01
9.568997855106238237e-01
8.690774799203602186e-01
9.205086862005502635e-01
9.949952122475445027e-01
9.226889793641173121e-01
6.391873503091933806e-01
8.792004346262409786e-01
6.503422661447632036e-01
8.115886173073356691e-01
-3.417151572033526596e-01
-5.473807669697437761e-02
-5.161313952844609476e-02
9.229807744836444616e-01
-1.272961399008538108e-01
9.583642084986542242e-01
9.077846398994711130e-01
8.936395374211038023e-01
9.619094491633561894e-01
9.323158886192290939e-01
-5.323817709128537967e-02
9.888043124020207131e-01
-4.406553808797438604e-02
9.711152245884888679e-01
9.529350390280195704e-01
9.618819960920661494e-01
8.341929193982372537e-01
9.502389740100625204e-01
9.179775864943412467e-01
-3.340100090287977386e-01
2.535745188556093321e-02
-8.117139843991633130e-02
9.194567346744995096e-01
-3.359940028955897273e-01
-4.389951918362181571e-01
9.178367744166795461e-01
9.456471289857719675e-01
-3.719204734282000047e-01
7.811243529838605149e-01
-2.754951703575101996e-01
9.299262085365176400e-01
-5.336744426410212627e-01
-8.553524868104012135e-03
9.190773862265921856e-01
9.365774178705332798e-01
9.916636384144601468e-01
8.669795743535275712e-01
9.547072418117490411e-01
9.521652589690023927e-01
-3.102941658872672148e-01
9.768264903301866475e-01
-1.699957526364220262e-01
9.096074466578167872e-01
8.404759996970659897e-01
9.107834535451864166e-01
8.197712275034061413e-01
-3.935577889109893590e-01
9.835617889219625543e-01
7.422591783282870281e-01
9.668585329338728052e-01
9.747333401500075656e-01
8.393950528159752622e-01
9.514821636970680618e-01
9.295966178101275901e-01
9.039128044420212671e-01
8.811251544088064547e-01
8.530767018069207452e-01
-1.350669658229183834e-02
9.459303228614051040e-01
-1.516144531827648134e-01
-3.130316528464004433e-01
9.549313165435564521e-01
8.446662542396201623e-01
9.253271220084077209e-01
9.670667969278881060e-01
9.275226382283815463e-01
9.857130150576973726e-01
8.972849628786359055e-01
-4.504447996725512438e-01
6.920720443137829969e-01
9.490209928479962365e-01
9.399704326990103720e-01
8.538258443855381019e-01
9.412257520480159512e-01
9.396637496197025596e-01
-3.275893177779447552e-01
8.792697610561308608e-01
9.877925866133487887e-01
8.514674016832574077e-01
7.675270174707612414e-01
-4.571722652889290694e-01
8.963551182342396340e-01
3.820878456228820053e-01
8.898382759083149907e-01
9.108205052293056880e-01
9.926509800866529787e-01
-2.323376366502265533e-01
8.701497520632586191e-01
6.290244536749298732e-01
9.765357592943703091e-01
8.537407042821437697e-01
-1.987727173774836986e-01
-9.006079058604933574e-03
8.226230636347088288e-01
6.925091118274007140e-01
9.891855665200657288e-01
9.702265809849370815e-01
7.847607218156100739e-01
8.793717904089635162e-01
-3.939222426121369303e-01
1.068893288451509826e-02
8.663463118258896145e-01
-3.375439414607750432e-01
7.307610288709491808e-01
9.595769329553107685e-01
9.852180686764149264e-01
9.356577416411621106e-01
9.164702848360630760e-01
9.465697446381500235e-01
9.945722008805343295e-01
9.935985615403383209e-01
9.118718808359707051e-01
8.747609780022604919e-01
2.626802545640606334e-01
-2.199235030232475352e-01
-5.290939842720587816e-01
9.265222919738562712e-01
9.336674092536509928e-01
9.028641297604689253e-01
