-4.182154057494419375e-01
-3.334120392452406545e-01
-1.637269297364143394e-01
1.712086673968101491e-01
1.777138052250229472e-01
-3.230546957591235446e-01
-2.457633613062081002e-01
2.046663415639904948e-01
-3.489878286989145928e-01
-4.406868832930346258e-01
-2.817383770596391113e-01
-1.401405113433895622e-03
-3.329526716406614462e-01
-1.517953869652545196e-01
-3.503748579360822513e-01
3.805299404833500931e-02
-3.325172593464768567e-01
-2.736379668067585591e-01
-4.139026033187569453e-01
-4.568199824200151471e-01
-2.979187748415947357e-01
7.410566508079614589e-01
-1.521609131611741106e-01
3.302845932955454367e-01
-2.685872336527608817e-01
1.135342845828833935e-01
-4.827646461080771223e-01
-4.072275826931271991e-01
-3.917736764178788578e-01
-8.852036383453164292e-02
-1.070772959197902191e-01
-2.029530158566930365e-01
1.228881518764837200e-01
-4.998647784718738829e-01
-3.560147624671246014e-01
6.532882300580690471e-02
-2.945613690155317044e-01
-3.938155695759231190e-01
-5.992269014940382332e-02
-5.266254651261030872e-01
-3.695414473907343567e-01
-3.827888725947897752e-01
-3.168847523421604584e-01
9.859485478801056635e-01
9.743997587753830403e-02
-4.417761198589054139e-02
1.308389575640939717e-01
-6.477752051635912722e-02
-4.247589617866641132e-01
-2.985210213315608874e-01
-2.065738774027718605e-01
-3.173439238696883491e-01
-2.231077133639757792e-01
-4.358397764221646348e-02
-2.428800472332933724e-01
-2.474487309988844530e-02
-2.799146624022277319e-01
-1.678629786647832522e-02
1.023244874298837731e-02
-2.462498182121737600e-01
-1.577720474773618431e-01
-3.335500607809342988e-01
2.094634665607101320e-01
-4.020166952832484597e-01
-1.470054433468152844e-01
-1.201671141146694738e-01
-2.595767923555464263e-02
-1.532910898583180748e-01
-5.275763531295938336e-01
-1.080863518011568464e-01
-3.817993982676368137e-01
-4.236985983682062251e-01
-1.694638485637885994e-01
-3.375396690258660737e-01
-8.204032042179211504e-02
-3.445808885655071152e-01
-4.588784332235369690e-02
-3.708894775063864557e-01
1.091736659399845100e-01
-3.980912363855007019e-01
-2.144539398787751183e-01
-2.748027251780447155e-01
-2.053241766019977543e-01
-2.030619288307707881e-01
-3.003969346363077886e-01
-2.775372602701682845e-01
2.393341129800116707e-01
-2.773803707236536242e-01
1.198561730741428272e-01
-2.525622501619053661e-01
8.947054947323174190e-03
-3.737319363053219767e-01
-2.413773272243422696e-01
-2.149836019564587419e-01
-3.143685522105812979e-01
1.336426783477127067e-01
-6.719458315209993204e-02
-8.668860870948676134e-02
-2.627098646338292820e-01
-1.774881692871104200e-01
-1.713487443434404400e-01
-1.639704405125367859e-01
-2.824294361004148213e-01
-3.621190251753554357e-01
-4.114565653118400501e-01
-3.944813051840181384e-01
-2.442322020700410379e-02
-2.594136093334232784e-01
-3.211739420212582075e-01
-3.249193993059174002e-01
-3.425556647833066792e-01
-2.090644329934235324e-02
-2.871483838461756921e-01
-1.739220571389523406e-01
1.548202602286564700e-01
-4.082562835909870902e-01
-9.324775326489953553e-02
-1.990333362075364376e-01
-3.788725822048302216e-01
-4.514361437623473083e-01
-2.641215422882985386e-01
6.772934593016384508e-02
-2.839440258929891714e-01
-4.784111786874724048e-01
-3.906187064267286901e-01
-2.844051145728301311e-01
1.547861089182688554e-01
-2.736508828665785709e-01
-4.163046992698556381e-01
8.084716828632408647e-02
-1.577720474773618431e-01
-4.568440876034933762e-01
3.780401422674800616e-03
3.460352184605171577e-01
-2.802902244437657231e-01
-1.448596698517691794e-01
-2.499874223588557376e-01
-2.986186863073895803e-01
-2.631669386902734109e-01
-4.743610469949904873e-01
5.628311605141768370e-02
-3.814277524085120663e-01
-4.435764061331056718e-01
-2.818578623088855428e-01
-2.796167238248406517e-01
-3.624390906603259799e-01
-6.887428327028502495e-03
-1.291216255749775554e-01
-2.985283319554518644e-02
-2.134104523131689357e-01
-2.016528346669203553e-01
-4.128250740332387037e-01
-2.065661895605395981e-01
1.137622495824648639e-01
-4.152575506813136474e-01
1.501639938746417435e-01
-1.445732051360855142e-01
-2.398639972277721577e-01
-1.453786502590446172e-01
-1.734087713672532449e-01
-3.545504446673384269e-01
-3.321429126935363518e-01
-2.422481591608617313e-01
2.413416603609215838e-01
-4.039869019000829065e-01
-3.975318701451107106e-01
-2.696350580563345867e-01
-1.382676352758522575e-01
-3.492635708131195393e-01
-2.191792863795664070e-01
-2.289155444150671459e-02
-2.013411536861386963e-01
-2.448223641795207184e-01
-2.671823894334341976e-01
-1.679333569866677811e-01
-3.333623275397319397e-01
-2.269280753416012542e-01
-4.360685385127217040e-01
-6.858718331796181955e-02
-4.403017767704212604e-01
-3.065908400559546054e-01
-8.054589070048638610e-02
-3.093463802576755795e-01
-2.074943904488674162e-02
-4.215105936475717074e-01
-2.874236302296985235e-01
-4.195916224915364201e-01
-3.967156714565122089e-01
-4.543320905137144261e-01
-3.697879358670015382e-01
-1.787633500507920525e-01
8.989241752349988457e-02
-3.777344527466980351e-01
-7.871374460422846109e-02
-1.867212767134520945e-01
-3.610625290460450776e-01
-6.414943876959168512e-02
-1.654379911012766602e-01
-3.336118023308638492e-01
-2.240189060043543123e-01
8.196401589024224221e-03
-3.229078817638240950e-02
-2.633286578085008434e-01
1.248993293023808460e-01
-5.113151690524708748e-01
-1.693953837043597199e-01
-4.222344703011130518e-01
-2.478246400068055966e-01
-3.861652066294481989e-01
-4.040597702452413675e-01
-4.221183270916341046e-01
-3.703974404465798509e-01
-3.729895598314902916e-01
5.242831878373905435e-02
1.140118761197656400e-01
-7.363857009854424263e-03
-4.441443273714443252e-01
-2.262200881918075002e-01
-3.050581036550039649e-01
-2.545850925580335766e-01
-3.492775322995112508e-01
-3.418479475167797155e-01
-4.208907945029495834e-01
-3.420183180608490914e-02
-2.161179909890681428e-01
7.755467816380903767e-02
-3.216628763172877936e-01
-3.484977600684299737e-01
-1.345904125640204341e-01
-1.080155444763999106e-01
-3.091953692115619323e-01
-1.262902660210827588e-01
-2.698831541409975054e-01
9.859485478801056635e-01
6.866360454254591406e-02
1.052612100850582183e-01
-8.494581447905820426e-02
-3.157915918361459129e-01
-5.570435868200329654e-02
-3.831892439278499207e-01
-1.348643200379447127e-01
3.252852164220647324e-02
-2.452029217778787379e-02
-3.847242379111375232e-01
-9.644549331096294309e-02
-4.169289837534583820e-01
-2.146029647183138600e-01
-4.008835051068423416e-01
-3.177045505969234851e-01
-4.015105887216889879e-01
1.158724696086233241e-01
-4.321385723178682303e-01
-2.915270370076862294e-01
-5.442028160925034275e-01
-1.126497573752495429e-02
-3.641720899364202513e-01
-1.926096654550002452e-01
-3.131369472918223429e-01
-9.143441570239627114e-02
-4.128576287171491499e-01
-3.721350822285898197e-01
-3.292016398446464542e-01
7.000068927917256489e-02
-9.426457358717274526e-02
-2.748473498711099805e-01
-3.258062776219269319e-01
-3.035809599909294887e-01
1.713634800834928085e-01
-2.942881375536586797e-01
-5.238792537238571301e-01
-1.581255447923816670e-01
1.096500277446288002e-01
-3.567158041160879423e-01
-2.174904438623964931e-01
-2.328568437366344002e-01
-4.940753164668288400e-01
-2.623242325625626536e-01
-2.306998597255612848e-01
1.509839310773689741e-02
-2.307143417996312396e-01
-7.564398592007474942e-02
-3.130009866163745436e-01
-7.724317733520483231e-02
5.931067896980253551e-02
-3.626969852615405943e-01
-5.272410233045102257e-02
-3.707788441316337558e-01
-8.017978366050024230e-02
-1.358822825278106494e-01
-3.774423111538831588e-01
-1.450578733304093426e-01
-1.997340669844271110e-01
-4.149761735295793841e-01
6.773906827631659411e-02
-2.716829920239804963e-01
-3.859086750392912712e-01
9.032515788312353577e-02
-3.735771376590014264e-02
