-3.147351244977509288e-01
-2.927897845517183351e-01
7.517181416872731337e-01
9.675797856254797491e-01
3.959162162018293185e-01
8.105989827377655388e-01
-3.005429892513442613e-01
4.798662162006924747e-01
7.753009465444856696e-01
1.248673145500196341e-01
-5.852690070339882089e-01
8.295506680528830223e-01
-2.474928666977807556e-01
-3.008269761790084429e-01
-2.519590438099247320e-01
1.325520594404493435e-01
1.125445551485541318e-01
8.978565335986402607e-01
4.207534895983552348e-01
-1.125907024941606160e-01
9.227887462994244228e-01
8.636906224055098669e-01
-1.840622209855549696e-03
-2.615029404504164434e-01
-4.633389774356616031e-01
3.968895109029841328e-01
8.591582843181729823e-01
-4.160209211299155108e-01
8.848369020139010832e-01
8.093778749774721559e-01
7.501040737770607869e-01
1.266940498644724689e-01
8.399789698955272277e-01
6.627964063301364783e-01
-3.251154800982755111e-01
9.125750713084230803e-01
8.860182591676725172e-01
8.503907063423257195e-01
9.134576357915740186e-01
-4.402471064408750578e-01
-3.643627241963326990e-01
5.795380028728375210e-01
2.696819516985156651e-01
1.229532351683636504e-01
-3.554440543319481449e-01
8.946871872752656940e-03
1.110787894318317620e-01
-5.650635295738906105e-01
2.832658334634511332e-01
9.388780254224057265e-01
7.993429369437047294e-01
8.640450845983689288e-01
7.113021001052228787e-01
8.382521832850025056e-01
8.181399633866541787e-01
-5.847627479608143997e-01
4.338933860956747379e-01
8.709464444989882814e-01
8.364001181713263122e-01
-4.607601471529584880e-01
-5.238525508168943023e-01
7.927687575436228595e-01
4.010171110572416930e-01
6.528348671796861957e-01
7.744704215594201413e-01
8.618718532448363945e-01
8.853060343384897557e-01
1.294829965876350131e-01
8.842196062402496448e-01
7.742307685903278003e-01
1.997308032012964363e-01
8.268061026989271811e-01
4.894536567785874592e-02
7.834715634744171542e-01
8.240163809941674078e-01
3.433449067096607799e-01
8.590504338986322264e-01
-4.287072360174192243e-01
9.285508987156452232e-01
-2.981478218489282961e-01
7.289348880773587336e-01
6.168627134097399711e-01
-4.368534357580943217e-01
-5.000906377778051581e-01
1.067442545782412155e-01
9.856686496358674221e-01
-4.274071180232211775e-01
9.440331643951451746e-01
4.730806172095187723e-01
6.414770410378702881e-01
8.148109916926213891e-01
8.328344635659379325e-01
1.014197360361987904e-01
9.056757426187584947e-01
-5.225044543517372020e-01
8.400924746054643233e-01
-2.869781195821523578e-01
8.677297600899600560e-01
8.126160779050402017e-01
8.329450543228158477e-01
9.441772395432401765e-01
7.828125320014405197e-01
-4.667141620638155519e-01
4.362438403299164769e-01
9.831729873511418916e-02
9.930404553129910106e-01
-4.159560589673143571e-01
5.288210710894733491e-02
-1.501716803057303595e-01
2.373821974517242306e-01
7.592215893631122370e-01
8.520467129239006621e-01
5.715572594938389539e-02
7.619980064223912386e-01
8.312499251007487988e-01
7.773273183553227987e-03
2.563127545868249535e-01
8.751183387139516157e-01
7.894161839524873603e-01
2.955183436667142560e-01
5.820822206597472404e-01
8.650372770739422901e-01
-3.015919341212600635e-01
-2.604639611430465962e-01
8.207465078696800642e-01
5.180575949597991947e-01
9.572860481068474758e-01
4.278485940769112261e-01
5.562842677300111616e-01
9.473157177508721993e-01
1.191324821902626785e-01
-5.904369367105328781e-01
8.853748925402169512e-01
9.163144630037816096e-01
8.871014899232524398e-01
2.300166251721549870e-01
4.990453731683032745e-01
3.599639010333987588e-01
-2.996582862815582171e-01
9.409410301606333515e-01
-4.725465772185948321e-01
2.859563757219095448e-03
6.680110946623585289e-01
5.051533010452057271e-01
-4.641578063722677783e-01
9.591175055619585166e-01
8.530790614890180201e-01
8.052237935102343203e-01
8.577406010050626639e-01
-1.460722145179970954e-01
7.526851263933500569e-01
7.326001431024112831e-01
-2.957109119211946968e-01
8.912109024901611054e-01
-1.462208220211576315e-01
8.058432208319155077e-01
7.633527009822502762e-01
8.769735257380987248e-01
-3.518620412550090837e-01
8.498747638451552566e-01
-1.043608058194859939e-01
3.113593580908203817e-01
8.230632442126921688e-01
8.696804841293805932e-01
-2.152058662569013292e-01
6.850860510733833841e-01
-2.528577361135992962e-01
5.877641191559980216e-01
3.272577380246204370e-01
1.417608490143714428e-01
6.172550365850925091e-01
1.406019708034245697e-01
5.805315545096043639e-01
2.461941267148742285e-01
9.773146728599911848e-01
5.078548372595865779e-01
8.216634606875967695e-01
6.622697322689989896e-01
9.447196016209042924e-01
4.367041953800935850e-01
8.992745421140182494e-01
8.141625917739043761e-01
1.963592419535167832e-01
8.663320368476912225e-01
8.048401487231611195e-01
8.971525895535574779e-01
-2.704334118114025687e-01
-4.241417362356700305e-01
5.070704578140864394e-01
-7.609346826025323307e-02
8.713302780476789300e-01
8.856799133367505572e-01
-1.572208336613572510e-01
9.855362258450063306e-01
3.090687113771087846e-01
6.789055271895254595e-01
-2.075237869283950431e-01
-1.613188874796479821e-01
9.180335586655563596e-01
9.250681521910790739e-01
-3.162290993279119888e-01
2.117418079035082168e-01
2.268857944363905643e-02
7.605093706083079219e-01
-5.208489765572698049e-01
9.121000921466647648e-01
7.478911166316448700e-01
4.146540762766830479e-01
4.227705654379019240e-01
8.496232252801556584e-01
-2.533881028442264149e-01
-5.792006616718747836e-01
9.197934795730606794e-01
7.294808635500659166e-01
9.752298243974665271e-01
9.379035098603833998e-01
5.771185902624021979e-01
6.694142135820922990e-01
7.583724518905832213e-01
2.601558382018818172e-01
3.994223690540678051e-01
-3.313481812300796137e-02
8.224554518881497245e-01
9.171920636154661244e-01
-4.144821844063693028e-01
7.854331208581253332e-01
7.770691771834885575e-01
1.267405234794286017e-01
-5.596877454245812178e-01
8.483078675237394339e-01
-3.701914683522599114e-01
4.130851802269123185e-01
-3.748673208073360907e-01
-3.892526060285207423e-01
8.403761226881136803e-01
-5.296177991307624566e-01
6.496258286194548370e-01
9.928674130130079600e-01
-4.830511041426688301e-01
-2.776271084120173968e-02
-5.481921561713816171e-01
-3.504893227361081109e-01
9.734832441268881364e-02
9.242068493417603392e-01
6.822502004128412345e-01
-4.372139401326049502e-01
2.620376711504430189e-01
1.319397300012083440e-01
-5.510211618560700852e-01
6.789724569014081723e-01
9.914499425999974414e-02
7.388236867317065082e-01
1.576308572795700469e-01
6.146186553404778263e-03
