-1.814119811975064417e-02
3.329321893484401551e-01
-2.143137411650323509e-01
8.774531054817698017e-01
7.487629919939979561e-02
2.832448911445741846e-01
2.607255598878054914e-01
2.532330738042534168e-01
8.927422252064269870e-01
4.176350725725699181e-02
2.395049486388546311e-01
1.572108232355290403e-01
3.115922188833318840e-01
3.067297207101474799e-01
5.448602995515080538e-01
2.092810610072050048e-01
2.607503229998479055e-01
2.299831941971014482e-01
6.438751924896804479e-02
9.106016546664901234e-01
2.984518753541265390e-01
-5.093886079698759506e-01
2.444437593227503092e-01
1.192197359628575232e-01
-1.350685633710904110e-01
4.134623284247737618e-01
9.079026777815413229e-01
2.452521245111908554e-01
1.323498553243772080e-01
2.712975758485985239e-02
2.670684138356812509e-01
-2.755898542419252806e-01
5.949542753810174167e-01
-2.959836791827520353e-01
6.718769001443878341e-01
7.787318053560891851e-02
-4.717204166043288960e-01
5.268745246766846080e-01
7.072654084441165612e-01
4.045233446307513470e-01
9.873941156078167025e-02
4.065755698752053782e-01
3.066718517016305268e-01
6.312014145070536930e-01
2.836637383831194237e-01
8.102627709506231568e-01
2.876422700561748202e-01
1.729394051394200216e-01
1.500723060388548802e-01
1.210136229943793718e-01
8.728606155384693865e-01
8.315430169460507059e-01
2.051057473123536479e-01
2.899389234706717389e-02
3.820010620088450937e-01
4.477075972387172254e-01
-2.872131056553878237e-01
-9.067362176691937115e-02
7.949926132755217312e-01
4.342000185628320796e-01
-1.246419279130228097e-01
5.642754477437200711e-01
5.980204870539413964e-01
6.932696101948461476e-02
3.876971981594885541e-01
4.165188089427730445e-01
2.479062497642153251e-01
9.052528389959049182e-01
2.495955496775070226e-01
2.909465203712394699e-01
4.594246726569362060e-01
2.790728311739845147e-01
2.320017883306518536e-01
3.390513833641751185e-01
2.242653263784846751e-01
-1.596275590283988410e-01
6.196391326692831658e-01
2.577590895606207688e-01
2.060069601695120323e-01
4.968837748606262650e-02
3.534772983271218250e-01
4.035751758826461311e-01
-4.072972653861620662e-01
6.866402239724322953e-01
9.657222921127042725e-03
-2.212717221780554910e-01
9.515054215483381705e-02
1.863922098926017179e-02
-2.125846941914956156e-01
2.597227994132768614e-01
2.943708830117193198e-01
-1.660784607035670907e-02
3.008881804588530162e-01
9.124197288148195861e-01
8.864496967080872647e-01
6.745880985010392905e-01
3.133736249376579686e-01
9.271781372040883984e-02
1.499782995047720113e-01
4.106601545741120352e-02
-1.393115469516832683e-02
3.124856130335514903e-01
1.073057786170394795e-01
-1.280547932927947052e-01
2.489836799588074912e-01
-2.191343702403357463e-02
2.261899033231187794e-02
-3.729084786345637781e-01
4.368847155812777272e-01
7.133258448220158865e-01
8.001703006959376419e-02
7.721996419653081034e-01
4.802714334121470086e-01
2.547130309225761335e-01
3.282836262816697381e-01
3.498018343674607622e-01
1.775842794399394020e-01
-3.921408656902809486e-01
1.995435960304602421e-02
-3.028098439923863072e-01
4.565868159261670112e-01
1.770422571888799756e-01
8.965622584620476232e-01
9.285101002060917041e-01
1.660345887174429214e-01
3.300164507991374535e-02
3.195819697082152855e-01
-1.333173454231769972e-01
-1.095790679931545608e-01
2.205619173879333206e-01
2.651641860750883484e-01
-2.504894341404709790e-01
2.664504084750156099e-01
1.391687829494568651e-01
5.965677750530502532e-01
1.677636357910653742e-01
2.693839727499029446e-01
5.002471955934248982e-01
3.756155213189413256e-01
-4.173384464183568093e-02
6.257988107787726406e-02
3.004566633091222405e-01
2.101899204745455441e-02
4.465564723307967054e-01
3.168202183443498132e-01
5.501502942095608528e-01
-1.815054243918003130e-01
2.406778999273342656e-01
-1.179178601551777450e-01
7.082035869409067930e-01
3.216984116914198832e-01
-3.593271377724778781e-01
4.084847700813958316e-01
3.556887794779094447e-01
-1.441190667783273094e-01
2.792179378732537742e-01
7.435872441344721917e-01
5.044224525289280336e-01
3.886038631114694386e-01
3.696784650378293069e-01
2.006578886876236312e-01
2.144658879725243050e-01
2.746536447574426942e-01
4.360327764366848102e-01
8.175864084919688413e-01
1.940230730527903180e-01
9.266273961682462978e-01
2.539058830410514389e-01
5.663343418183091060e-01
-2.412998305419131184e-02
1.408326180573404307e-01
4.783004511535067782e-01
2.550247836290175929e-01
2.759140710870265911e-01
7.385026974626988094e-01
3.648857644389975619e-01
6.476737627912400042e-01
3.088182742000243342e-01
-1.134892929819392854e-01
-4.249338630683981155e-02
2.728776872925759989e-01
3.206200197704088817e-01
1.744787732278168801e-01
9.105850060934794765e-01
1.479604287395800966e-01
1.309985401904655011e-01
1.426512412976024269e-01
1.965434788021901691e-01
3.005053896046636641e-01
-2.520598709413367500e-01
6.089718108672284025e-01
3.791408643833537040e-01
-1.358186989467532191e-01
4.113467254612579449e-01
1.348595478529842906e-01
1.810703633661235323e-01
1.729933740142350906e-01
3.632814191614287536e-01
7.774225895931399233e-01
2.470754032158391511e-01
1.226975846921160851e-01
1.920077976428322675e-01
3.811172102212159185e-01
3.204208306141388962e-01
6.396495987385532322e-02
-2.645017643052765544e-01
2.466856750286081368e-01
-4.608958720162514844e-01
1.475792854507317342e-01
3.842945248246009693e-01
2.644108854327967273e-01
2.873137767532230047e-01
2.886795634190426618e-01
1.546131978507191140e-02
3.540678706718778379e-01
1.899417676847366954e-01
3.043936349812677022e-01
2.585292903118023566e-02
8.108657541420938308e-01
6.811302372386861537e-01
3.174927617304085237e-01
9.464246025974154541e-02
1.672126433290145875e-01
8.371742128388522941e-01
-2.590915907455819678e-01
8.030496800918158762e-01
2.280256812074896722e-01
2.348149655399447144e-01
5.210793006056296806e-01
2.356692194106268512e-01
7.354510453126484881e-01
6.379682127840330397e-02
3.213895657526961158e-01
2.508480190373193475e-01
3.284049298221175528e-01
7.078460590979848699e-02
4.368834591699738423e-01
6.654099005774101461e-02
4.435006604308618372e-01
1.666429264537334920e-01
2.069826894776278237e-01
-3.957408956315616733e-01
2.242812514939290791e-01
1.162849814522529390e-01
2.217743964705112120e-02
4.728208849420095783e-01
3.814750262126234137e-01
-2.006797707321525404e-01
1.274319606311563047e-01
1.768101733173450540e-01
1.954531709295062591e-01
8.463451520103579817e-01
2.149393754824007741e-01
8.120485494723179987e-02
2.192097686447091187e-01
2.614831647294464378e-01
4.372085971510696334e-01
3.549021438011556451e-01
2.105748184107225640e-01
8.700748900308679090e-01
8.612612373995471859e-01
2.189889494663514735e-01
2.365910808875743565e-01
