7.458906850610520500e-01
5.726571442620604913e-01
7.409287194243334707e-01
9.361653962221035963e-01
9.240084165750354073e-01
8.993446394155797385e-01
8.520020031381944081e-01
9.607693767480465219e-01
9.662016202970061807e-01
6.257442444972043383e-01
7.813460265750408196e-01
6.905292529883892971e-01
8.463893763041486773e-01
9.518724901259878468e-01
7.035237921966988051e-01
-2.692876683993943726e-02
7.921139825957881353e-01
5.932557299425785802e-01
9.532606017382430075e-01
6.938678248978678020e-01
9.074575346992368452e-01
6.713375759715887181e-01
8.646833149800257079e-01
8.163980374945682961e-01
6.046371000342399826e-01
1.715816122913478292e-01
9.326543931487880634e-01
6.596894539514968070e-01
9.143708805664139128e-01
7.423619161829384527e-01
9.163615865493051071e-01
1.323891579024958909e-01
7.338001266106812803e-01
8.773810862638273811e-01
6.559267099136307788e-01
7.587634043012567164e-02
9.353189935204836436e-01
9.040413225041714629e-01
-3.294907841327176026e-03
-1.519638595525269198e-01
8.670368515587285607e-01
7.723435613724404236e-01
9.186827981095786466e-01
8.716231007781343187e-01
9.888122565600022951e-02
8.893343893475565975e-01
8.383705154647892455e-01
7.467724595810243393e-01
-9.820367991088793658e-02
9.019709227334201662e-01
7.811493716982216284e-01
9.593204953685645631e-01
7.682836584636730803e-01
2.106664218149720269e-02
-1.312856350773150549e-01
5.996660562365749847e-01
2.435795892187022638e-01
7.033856213093729881e-01
6.831677403288630712e-01
7.136538249593842309e-01
1.995688519747410572e-01
6.834675990064311701e-01
8.267783112923345890e-01
8.653170559497183056e-01
8.547355187116976172e-01
1.434602594540838882e-01
9.637778114487487446e-01
3.689864838077218379e-02
9.402918036844553074e-01
9.442067050878877321e-01
1.958594764419869794e-01
9.670493559967255903e-01
1.225884703954859822e-01
2.144121703762442710e-01
-1.189211902883519772e-01
8.077609933045762913e-01
9.075242183327110190e-01
8.326370843645749531e-01
7.689897199737586453e-01
1.367422481376833754e-01
8.135456853804587940e-01
6.662757482121506314e-01
7.760054542242866837e-01
8.932253474482849676e-01
-2.265937012172723058e-02
9.672277050777613461e-01
9.608696850379063736e-01
7.727780713540740587e-01
9.087117085580493914e-01
9.388050888580221631e-01
8.679624556380678424e-01
8.726270548743098043e-01
9.439820442518684906e-01
8.439333207642045753e-01
8.781789705671236845e-01
6.905802999824546262e-01
8.577507021124055608e-01
6.766371782829510018e-01
8.958614103261692829e-01
6.763846403797846296e-01
9.211463148403031820e-01
9.222279967351012520e-01
5.712182465401525189e-01
-9.942194443080415445e-02
7.481627747999008982e-01
8.115764127090696611e-01
7.096749763846070813e-01
6.557858066458792656e-01
3.717582805451605243e-02
-1.333911210304539463e-01
5.230606033620059936e-01
2.639124887906625916e-01
9.178911198925407966e-01
7.084843474139277397e-01
7.232519246993207584e-01
8.995751548820811738e-01
5.011849304307103292e-01
-3.601838067805455262e-02
8.654664624015380170e-01
9.244303228361820945e-01
8.659690764496184023e-01
-8.834925177064728574e-02
8.730898468953103564e-02
8.723233024921830392e-01
-1.685067570148244265e-01
9.178789066232642124e-01
7.900770280317495065e-01
-3.894212939831108444e-02
5.403141602369927743e-02
7.640491333356986825e-01
9.413894521172780916e-01
8.925880512986901216e-01
7.625874164931211174e-01
-6.312536042506125544e-02
7.797875772192405242e-01
8.336255272097340407e-01
9.476921307237418102e-01
6.742743331180411914e-01
8.647922627095196990e-01
8.073508596552665395e-01
6.630683052212286155e-01
1.940109467232189466e-01
2.247875603524493796e-02
4.251712146024392430e-02
7.910786317617815033e-01
6.373366220230838319e-01
7.490736638568453731e-01
-1.097013646617418514e-01
8.387066186838103565e-01
1.569178593386856557e-01
-1.990387440240816708e-01
2.052887057323571351e-01
9.250421716879424494e-01
7.529407150959628314e-01
9.601623313218377032e-01
9.009244834199783281e-01
8.552431363851329404e-01
1.409367577961055662e-02
9.042069778696195659e-01
6.659197781013523887e-01
9.379498258367089392e-01
9.018476228397231953e-01
8.176004545377486554e-01
8.876192816187691847e-02
1.182191570081772003e-01
-9.884679179089513046e-02
9.309023173453215838e-01
6.983031691275236597e-01
-3.171658401666140048e-02
8.340006891368689779e-01
8.866473630898181746e-01
8.206763762978217525e-01
8.473815416937439116e-01
7.210821793145321124e-01
9.012731077619624553e-01
2.438347759961401184e-01
7.828760519897833836e-01
9.506585423693776349e-01
7.270447258906169719e-01
8.185431717068827329e-01
7.527170814465495852e-01
8.632874683602531629e-01
1.911116100358212777e-01
-5.238601267796516581e-03
5.414689647967906305e-01
6.697100150876134084e-01
6.539390309293773296e-01
-7.381369326084234739e-02
7.452320323775905031e-01
1.549874969209499020e-01
6.877220452265402351e-01
6.854749767556321816e-01
6.968458087956459490e-01
9.114171742392277453e-01
8.349655157645086145e-01
-5.203394586843851366e-02
8.545241017486515656e-01
1.982407978524158843e-01
9.052385336587196463e-01
9.071100815423827068e-01
-1.679209631629809407e-01
8.183476404126027726e-01
7.681320584679016683e-01
2.327621790002742108e-01
7.523234697420211337e-01
1.673072209737461735e-01
9.074558702750308292e-01
9.124098740233996807e-01
7.915746727136623029e-02
9.132205494151928171e-01
8.182764651892837637e-01
9.165268631536999111e-01
7.553672064373720962e-01
9.430395529568791346e-01
9.067125590851867756e-01
8.761781752545598767e-01
9.479904744076478318e-01
9.494055353178851853e-01
8.029915170079030551e-01
7.930150942355878030e-01
9.542243039018140083e-01
9.010753858834970043e-01
8.508254911891979244e-01
8.977936532758473698e-01
1.439193078918250268e-01
7.762985239821764694e-01
6.475752340765263959e-01
6.480114886844324795e-01
9.293465987409210705e-01
9.319962433109481026e-01
9.181611152830735367e-01
6.690952948958798219e-01
9.700004317513329921e-01
7.819621404203437320e-01
6.550088505558530894e-02
8.878376920312756049e-01
6.612520093774683361e-02
6.082981811019052554e-01
8.224222462968009406e-01
9.197751564334826213e-01
7.839899753735439791e-01
9.084133765015510731e-01
8.822186730917852548e-02
8.883405403539088585e-01
8.529702947404306235e-01
9.312419308164645582e-01
9.015535072683464879e-01
9.149445929475860106e-01
-2.527583922219085732e-03
8.049591136912450651e-01
6.274866421717704146e-01
8.807305937707081700e-01
8.614571678342244354e-01
9.252593478463982946e-01
8.759777128456751605e-01
6.558909016360920941e-01
-1.453313196539355312e-01
3.466429701730438379e-02
8.909032078628367213e-01
7.766472042753013172e-01
7.084772815452163863e-01
7.234190508668967290e-01
8.253093061123414342e-01
7.882826555838854388e-01
8.148827400446325697e-01
6.064459752640884993e-01
9.331303745746162559e-02
1.885597963781854292e-01
3.058212585134815198e-01
8.631516333547786246e-01
8.351207897913757172e-01
1.279533022186225000e-01
5.834933339698727961e-01
9.022570447026038165e-01
9.447881346666243685e-01
