8.282005088752940614e-01
5.011720398383303632e-01
5.419372258927629415e-01
4.019303351185739004e-01
5.653704160220425212e-01
4.487982675216905526e-01
6.561511054749655791e-01
4.825986777774182168e-01
4.947761219758871620e-01
4.682660996797712305e-01
8.180414398713331536e-01
5.171987973508185288e-01
3.992129383382880814e-01
8.625420547675711758e-01
7.768655927503000935e-01
6.060315041841080053e-01
5.048969173397692689e-01
7.322836943914847740e-01
8.305122740420914917e-01
9.107606572768013331e-01
6.319681230317694132e-01
6.854755665181535562e-01
8.042298963242213716e-01
7.025818709310694965e-01
5.284338723393706694e-01
6.874753503240349506e-01
5.271634752324182438e-01
5.303577508292283138e-01
5.713515990978761394e-01
5.594137496055269221e-01
5.225880785697690767e-01
5.438614868970110816e-01
7.251059452070718336e-01
6.224790473600216867e-01
6.449496771720515387e-01
5.847504996407041356e-01
4.495109840279900015e-01
5.857850857077118167e-01
5.814106527912776823e-01
5.047384721514667216e-01
6.563043420511049941e-01
5.595906740668780133e-01
5.692710718586395657e-01
6.204150627394612316e-01
5.479217663455421272e-01
5.521715917487926006e-01
8.472755370227124105e-01
5.586097952334699857e-01
9.154121252757034810e-01
7.050123285921339189e-01
7.388287670178261823e-01
4.585220356361132676e-01
8.677243983968120355e-01
4.476042819465900768e-01
5.212202663584470930e-01
6.256382506639572849e-01
5.882444001342430617e-01
4.839969295749123601e-01
5.816447619841482730e-01
5.152821550893522673e-01
5.873670085999662671e-01
4.708970093133864054e-01
5.840052626761490506e-01
5.301281487934044190e-01
5.576539054291564934e-01
9.138278614176954529e-01
8.398039509042023454e-01
7.341107077921789070e-01
5.531335065526981065e-01
8.743136321383788712e-01
4.758076272895189196e-01
6.866778078071058555e-01
6.531170783416305747e-01
7.431625485494515182e-01
7.822969154941913361e-01
9.187298198773996560e-01
5.279054775559203216e-01
3.896318888268718861e-01
5.216799612704392519e-01
6.409479248720918454e-01
5.403538015243112280e-01
6.753855116634970290e-01
7.867456390216193141e-01
5.450324887927001649e-01
6.578297896501471564e-01
4.981799979572988923e-01
4.949943225376524092e-01
8.065802157204853273e-01
8.870216639115772184e-01
4.163411624024321300e-01
8.789099803452913307e-01
7.036509827351151714e-01
7.927856206241674641e-01
9.449099651212269357e-01
6.854653784176358844e-01
6.766566663061441833e-01
4.757667582172193099e-01
5.730849253088077244e-01
8.387645838516253338e-01
5.541749827813182705e-01
5.511459236875027035e-01
6.705668144854065593e-01
5.402628762409792396e-01
5.752619901316379236e-01
6.152200700984988835e-01
5.891975721055763282e-01
7.580901320597217552e-01
5.757568547097726697e-01
5.564367743283602508e-01
7.408249622858249506e-01
5.676051389954881454e-01
5.790502238596497708e-01
5.739072029405695163e-01
7.361928706840101810e-01
6.863566609009001951e-01
9.464908303874499662e-01
8.561514427294310003e-01
5.570755962819888829e-01
4.138580199431618478e-01
6.316961694536544769e-01
8.778831915443586764e-01
7.230869954716002690e-01
7.844101710974467068e-01
6.389177273561386095e-01
7.194445187588403012e-01
4.722770789886863163e-01
8.113686449064561046e-01
5.462109541904565102e-01
6.314669917810181721e-01
8.464589939322090251e-01
7.915346358242656422e-01
6.320675681855573158e-01
5.572443307596337547e-01
5.276710963135098353e-01
7.900977061872936913e-01
5.499545072190814565e-01
4.060279289934551894e-01
6.443437281367806468e-01
5.683492192102070906e-01
4.883355394723208898e-01
5.635432456057674067e-01
5.135062496613005401e-01
5.576399965431313444e-01
8.601400464359969522e-01
5.621194428609622706e-01
6.148346307770509167e-01
5.608849663810886454e-01
6.512850875990084942e-01
6.014250184125742305e-01
8.596647191794554166e-01
5.582694836009441941e-01
5.406901180265404339e-01
6.089964550216369066e-01
5.002408329010843424e-01
4.987679662260638414e-01
5.729910449114321569e-01
7.456837629497639064e-01
8.836107275060940403e-01
5.733506261181207098e-01
4.687226909214251003e-01
5.054161169465731795e-01
8.112838661008858754e-01
6.508263638815469099e-01
9.559178987614378453e-01
7.064241382825114934e-01
5.679993929181664791e-01
7.647045551140234654e-01
4.212848742461948182e-01
4.212336523638431363e-01
7.681350997184884788e-01
7.357539731326676602e-01
6.101800622282258502e-01
4.977446018595214627e-01
7.909240300380008248e-01
7.003204900325413762e-01
6.076990643356234845e-01
5.268052349707083026e-01
7.247562619996164024e-01
8.151279813442080524e-01
6.271199468180846948e-01
5.774499068990033290e-01
8.506876564305851929e-01
6.949380332281351880e-01
5.917903158021204924e-01
6.494811454159421515e-01
5.810014002959198454e-01
7.075385148925525947e-01
5.165012486507254419e-01
5.981102768649266821e-01
7.995817999740258974e-01
5.363328974137551164e-01
4.765224779721143333e-01
9.263592288479783887e-01
5.617669409401495617e-01
5.549465485359820205e-01
6.071736213835585705e-01
8.805237421233099715e-01
6.898630562984489067e-01
5.896605859859882504e-01
6.920628195259936888e-01
6.740537639243759926e-01
8.572373950922667074e-01
5.961482632361436718e-01
4.375317384836177603e-01
5.038334701990343500e-01
5.380831811328603553e-01
5.627236727699606034e-01
5.350653039287618373e-01
8.625165323709367282e-01
8.042616047618387221e-01
5.131204332515886257e-01
6.649828139539295524e-01
4.232300560298450920e-01
6.464333877430241682e-01
8.010050704948303846e-01
5.895438130218508821e-01
6.129272427927953126e-01
6.755594885584618181e-01
6.354957361606765609e-01
5.870165547574044407e-01
4.551166756867672802e-01
5.511751594478793148e-01
6.645688152279275451e-01
6.043243445378925216e-01
6.347900458473003660e-01
5.456100919640769487e-01
4.773604837664093270e-01
5.795666116984172778e-01
7.195650811830716087e-01
7.508251938332384245e-01
6.292008926754886211e-01
5.043342898303861954e-01
6.728042777076794767e-01
5.598049433138483355e-01
4.835715242183715179e-01
5.147055955256394366e-01
5.733349120242702268e-01
4.154430416467651543e-01
7.085745860525328732e-01
6.655633620545251539e-01
4.888830352690034520e-01
6.048108799300964122e-01
8.134239151299107462e-01
5.378996061017105035e-01
6.302916064020192000e-01
6.907704823261744398e-01
5.090641116299196023e-01
5.485812482083469721e-01
6.089813609980798681e-01
7.303980754419220345e-01
8.411803899184594480e-01
5.238788601669117639e-01
6.357662954812900447e-01
8.898917837149553645e-01
7.083263389686812461e-01
5.880894321447514006e-01
5.549936102104692237e-01
7.007491672833860985e-01
5.917706402024359713e-01
5.357851819152641415e-01
6.234147275727861537e-01
5.512630528140120001e-01
6.011204971808092878e-01
6.079397705004923047e-01
5.392351314881027591e-01
7.462052490574644370e-01
6.768059481338437600e-01
4.153188983116068433e-01
5.241458872252726664e-01
6.454694115599028947e-01
4.936357952031677487e-01
5.066913981289976610e-01
6.731537467055346280e-01
6.261778750450797126e-01
5.543882731690479293e-01
4.704708375821982647e-01
5.051021837646382240e-01
5.185673679126880931e-01
3.986820976301773123e-01
6.515638425705834180e-01
9.019893418390920736e-01
7.612827592561907109e-01
5.234531648797940973e-01
5.584215753274865968e-01
6.444306914410207199e-01
4.358802990630912255e-01
4.693518195638406998e-01
5.578735386426516563e-01
5.597018164016385189e-01
5.879951852045794958e-01
6.361143545097607266e-01
4.749253502569610319e-01
5.750529063968026211e-01
5.496882316200359941e-01
6.283631567511243077e-01
5.269065759160777018e-01
6.726661553959635276e-01
5.501505722985793323e-01
7.875642412362322542e-01
7.136401254146864659e-01
