-3.719316081930504891e-01
-1.489561126108722156e-01
7.896787413017909429e-01
-3.092749598298532021e-01
-6.554209650003076093e-02
5.282675099644065231e-01
-2.771550558792131858e-01
4.577722752018426600e-01
5.709682679170384745e-01
-2.250135824418824648e-01
8.405437141172298343e-01
6.623636973293391961e-01
6.480426793517842787e-01
-2.340258826041954621e-01
-1.051235980660998048e-01
-9.314688645015714585e-02
-1.243796892830029699e-01
-2.948790376996562879e-01
7.017996821015702880e-01
-2.869855206896856359e-01
-4.280343424615643544e-01
6.727221984653710685e-01
-2.514714375500389787e-01
-1.417928834040112496e-01
4.629056402544507454e-01
-2.638564040475488426e-01
7.540323691998960243e-01
5.992122928135307225e-01
7.555782688889129961e-01
5.736429998120753382e-01
4.314329176414441469e-01
6.482419719161987004e-01
4.678872859299511022e-01
-1.536008659454874969e-01
6.607295150214893553e-01
-2.620207548373351125e-01
5.149374031240693261e-01
1.301697310412708863e-01
-1.675715022361906337e-01
-5.309499380013350811e-02
7.959098121730994180e-01
-1.483598771547955941e-01
-1.762385349247873600e-01
6.899505154191825085e-01
1.792388590515179569e-01
7.833563300747707903e-01
-4.210658159303434789e-01
-2.838391087065559315e-01
-2.216593955564776786e-01
8.016174664913653380e-01
5.809293092697018768e-01
5.560040815661737579e-02
6.088794118378233478e-01
8.634098316924390115e-01
-2.686645056346330107e-01
-2.113651297037325849e-01
2.054650372688840432e-01
6.656525562951020047e-01
7.199369851136869780e-01
9.012724867925165917e-01
-2.713837070613351332e-01
4.544652982598593738e-01
5.852778741526569739e-01
5.201413125821186673e-02
5.621884091680520168e-01
7.881450092056045964e-01
4.553222191647557926e-01
-9.438968497377052402e-02
7.009209605358117656e-01
7.582993916438600657e-01
1.039389958211395237e-01
7.320007430207520205e-01
-8.953169319879365762e-02
-3.392137778815839111e-01
6.746081339060758797e-01
7.514613961029446010e-01
4.975532997654534828e-01
5.364533263384471118e-01
-1.550833587015568171e-01
1.252363246952489795e-01
4.022053984012904926e-01
-3.499145887904439589e-02
8.919751314103808726e-01
-3.882421162916292745e-02
3.788254492153582120e-01
2.050304807152424080e-01
-1.781410828491784004e-01
-4.007003161056648666e-01
-1.244035570466126006e-02
-4.000593532023188348e-01
-4.349741981400453983e-01
8.264844408848364132e-01
-2.089552664456145181e-01
7.626738472741696750e-02
8.524052066132116190e-01
-2.906920609068011641e-01
7.090927983743159357e-01
5.173405102106609643e-01
6.222744968002960064e-01
-2.239804862383847905e-01
7.975998536385342508e-01
4.060813957817649422e-01
2.063812969256333119e-01
-1.868293404838580751e-01
4.752102386418204372e-01
-7.021633650606616539e-02
-2.839178299927511695e-01
6.191176322416886979e-01
8.785371047165633218e-01
6.171714019078186064e-01
-2.326954003730361265e-01
-3.458145712868955224e-01
6.211906445400913190e-01
4.757198084209910971e-01
-9.452517141285030067e-02
-1.777388207845787549e-01
4.889641567013002788e-01
1.814679882089431373e-01
-2.450745209974705685e-01
2.468623837599219495e-01
-4.327594226096130314e-01
-1.843222942096854056e-01
-3.529615469064236177e-01
7.867959803503655758e-01
-3.803635534053293604e-02
4.351542909528605674e-01
-1.674896724674956316e-01
-2.822090899982903633e-01
-4.028709986337379867e-01
7.996337801833801606e-01
5.246359857819996586e-01
-7.809004915442606387e-02
-4.686857666097242470e-02
7.897445345933242766e-01
5.154489214635799010e-01
-2.291441128047194131e-01
7.034692067657988268e-01
-2.091382889560163272e-01
4.848962350281522116e-01
3.690817395490764152e-01
-1.167768469478551729e-01
6.630444144519926919e-01
1.691348783783957199e-01
-2.691462713643014149e-01
7.685426762334721662e-01
7.061717377283291963e-01
6.810371400113531815e-01
8.408739704375591817e-01
2.087696119881622681e-01
-3.430309450616052525e-01
6.056153435657565254e-01
4.943283618075136054e-01
2.052681366347442193e-01
7.869275056436830784e-01
4.382891077616282161e-01
6.801183964295292039e-01
1.398251991496182178e-01
-9.250682090756366660e-02
-1.297402891191576924e-01
-2.003422358889914434e-01
-2.254771704287388545e-01
3.941085210237236236e-01
5.408849362014289675e-01
8.445894249399399367e-01
-4.003496285538266641e-01
-2.368962471355272048e-01
6.055111871523334299e-01
7.951340919188050194e-01
4.909498543854448060e-01
8.349454959923456876e-01
-6.331919703656938014e-02
5.449655220217926033e-01
-2.743297148929034757e-01
-1.753560639922667197e-01
9.242317426540713754e-01
-2.774344872647441784e-01
-1.161196407866158659e-01
7.791204642962861193e-01
-1.565246112480338514e-01
8.155042797750677863e-01
7.219629502264204302e-01
-1.081791075967033916e-01
-1.655907322448086361e-01
7.294614574119762107e-01
-2.433606908141381087e-01
-2.570996882917315762e-01
-3.408977845555636321e-01
5.941267513990391436e-01
9.400068735553187560e-01
4.592179189195700340e-01
-4.342950079489209247e-02
-2.319472166879685271e-01
-2.474631271366818930e-01
-1.480579802695779490e-01
9.246058093854723214e-01
-6.029082278680730766e-02
-2.863503877626714655e-01
8.898866200093848988e-01
1.309336975288649674e-01
-3.964275651060013006e-01
-3.857608526577463448e-01
6.216677675619205479e-01
-3.542449300686498215e-01
1.899072303010813645e-01
5.692066202930006202e-01
-2.168676822780440938e-01
-2.004063597117713702e-01
5.832044517480643453e-01
2.931824694205772963e-01
4.982970408565692844e-01
1.444648935338376516e-01
-4.034112702426564390e-01
-1.472545802284109806e-01
8.252763324896816854e-01
-4.527759392373600367e-01
9.118213673254316198e-01
7.375066897251528752e-01
-2.679065113044453161e-01
6.540482132865365061e-01
-3.173358939395782841e-01
-3.745993151483841821e-01
-3.089677923985011398e-01
1.921214386828948850e-01
1.294960093778241284e-01
-2.074674181078207114e-01
8.006314510621330705e-01
-2.214941166054531230e-01
5.153407183340676934e-01
-3.342349310063255086e-01
4.181130604317228050e-01
8.476356966506425339e-01
7.440567543338350021e-01
-2.530401263612532814e-01
7.524895734114463997e-01
-9.559949229937594883e-02
6.599868195852115482e-01
8.935996038026635668e-01
1.469721730937987858e-01
-4.026696850788845095e-01
-2.823675456145052776e-01
-3.291783567651460629e-01
4.125165341790775209e-01
7.520051787801594889e-01
6.976409378979534504e-01
-1.888864636590709134e-01
6.622116141396809930e-01
5.103361533499876090e-01
-2.327402662453684767e-01
5.873138525125142229e-01
-2.655918103388032470e-01
-1.229253653973897548e-01
7.751411369883101088e-01
4.572596302566507842e-01
6.149575133010989347e-01
6.016990344978612182e-01
