2.060816460409756190e-01
3.201398166711143523e-01
-3.755910597589545707e-01
-1.583295313526150994e-01
3.766381739691462283e-01
5.479332448693760016e-01
2.472038817483362405e-01
1.839255070655488322e-01
5.315543013053299071e-02
5.191010572161673942e-01
4.323541700047725533e-01
3.984087912427659584e-01
3.376952864857259429e-01
2.897356191376104784e-01
4.050045525652332667e-01
-2.513345082841689226e-01
3.210715400072751136e-01
5.615491554144623754e-01
2.336904859385092736e-01
4.338230991273222537e-01
-3.389816709575818043e-01
7.401397239505005943e-02
6.670638909492930535e-02
5.232810585839775541e-01
4.826663868681544400e-01
4.870159518510237540e-01
5.277078251408849896e-01
3.576769688587468909e-01
3.059748207427913091e-01
4.717060356221781658e-01
2.607729604263417933e-01
3.642941710317307846e-01
-1.762884138585315008e-01
-1.219445101177357438e-01
3.370799965000108034e-01
9.926546945965691870e-02
-3.379431012669298351e-01
1.516002463288775859e-01
2.327832095066485057e-02
2.077586929805737559e-01
1.257066088109207724e-01
3.866253768405869540e-01
3.323419898282786167e-01
-4.089391763997068940e-01
9.619162727620382547e-02
1.715504787545216736e-01
2.363712472406321319e-01
2.789089181483435653e-01
-3.931816356612066743e-01
5.327850983163529008e-01
2.046225465971083790e-01
1.859129168075211169e-01
2.968649422295944751e-01
2.209540438772684412e-01
1.322301526875843680e-01
2.936169029268403396e-01
3.298122470038106768e-01
4.325818494186334240e-01
3.212129145449917067e-02
-1.951836776892269809e-01
-1.110041671015197517e-01
-3.317891543604850058e-01
6.262491635687776892e-01
3.884099242593330725e-01
2.994720578202192396e-01
-4.200633424256620119e-01
7.280819361794412803e-01
8.849826776454837451e-02
4.166037282758566773e-01
5.653303939636857844e-01
-4.446348333821090737e-01
3.751351128082937025e-01
-3.482242178434615809e-01
-1.798778243352369965e-01
-6.199315906569651674e-02
4.455749533469295365e-01
-7.648481294971427868e-02
1.548740873309603638e-01
5.064816131238645269e-01
3.860441143465789260e-01
-1.393570251795868131e-01
5.400339450481159709e-01
-3.234079736411138439e-01
1.988796219408646149e-01
2.205921045607358022e-01
4.008877528497414300e-01
-2.698525920885837537e-01
1.983715054778940057e-01
1.514617634124438283e-01
2.538629386032009161e-01
4.637135621259305118e-01
3.849681871076908735e-01
2.604026105422108661e-01
5.826969324415729456e-01
-2.933758692767652332e-01
3.782506182843276554e-01
3.422855969361463524e-01
-2.757214438478354790e-01
3.306258909349648056e-01
1.792000353306043015e-01
-1.759233803679076391e-01
2.176417720610994699e-01
4.681025144164295826e-01
6.942865851415792877e-02
-9.668808121104502384e-02
3.468542317063661451e-01
-1.418794949048035603e-01
-1.392242198934831865e-01
-1.265762590200407156e-01
2.610389918650666274e-01
-7.560134462985365622e-02
4.507203116179057112e-01
3.677951374105377091e-01
-2.935773915251801980e-01
-2.922056575131797285e-01
2.346238881011759037e-01
4.860453168224645459e-01
2.695912384203250078e-01
3.239506929739699448e-01
-2.897335784372576661e-01
2.744097707293733923e-01
4.344292934025562047e-01
6.897582559305195926e-02
-5.244613352819618712e-02
9.786418524526088736e-02
2.985834998874139501e-01
2.853748152379541603e-01
-1.527302355347044394e-01
-3.166122539769624655e-01
1.801451372911626880e-01
6.666926635202523599e-01
1.803544034650991779e-02
3.819401529209135449e-01
5.152657110778116056e-01
6.085038061087431061e-01
-1.877068360922690415e-01
-3.361490634143519118e-01
-4.382909513185458961e-01
3.422713709818597794e-01
4.701432981719897986e-01
3.887609004153586012e-01
-2.813590710740858647e-01
-2.699456562423719480e-02
3.833118026959961844e-01
3.448932466762606452e-01
-3.490023103303733221e-01
1.530379418030493321e-01
4.234685482996867201e-01
2.591877696646902596e-01
3.668705882685663888e-01
4.027279879727466705e-01
2.897033255859819967e-01
2.367359115886747412e-01
2.623644931799005153e-01
-3.056097389303465972e-01
3.668374377018439603e-01
5.021162532566267878e-01
3.413654971238759828e-01
5.370196401415032739e-01
3.318584891998908049e-01
4.263705831603462615e-01
-3.956506565095811445e-01
-2.614583683011644233e-01
2.021367960189233148e-01
3.293954309023746641e-01
-3.291264461110719464e-01
5.091919874467411011e-01
-8.170543126017636160e-02
8.392814779128476843e-02
3.260194416852847943e-01
-3.040171956056872959e-01
4.039201807065180283e-01
-3.769714764905853221e-01
-9.553557581615598759e-02
3.391782936481219091e-01
2.796782894655428509e-01
4.352852338975997382e-03
6.218812560743485207e-01
3.012729125676915087e-01
3.826915939106760312e-01
2.486292208028378914e-01
3.490402449541226693e-01
8.767177944390386335e-03
2.707781758228058541e-02
-3.211204177982870389e-01
2.279951457835596162e-01
1.018524746569254846e-01
-2.436122885994563836e-01
1.803796983441753321e-01
3.358883519275451257e-01
-2.919418994296311132e-01
3.992069279125610715e-01
3.722779308786013375e-01
-1.558396849437906073e-01
4.416877576459017352e-01
2.159999775343955930e-01
2.354957944758619970e-01
1.911178190177187375e-01
4.283520718194219756e-01
-3.010632737117553415e-01
-7.078693506924092771e-02
2.470778873611415016e-01
9.569870940488175992e-02
-3.160178442801274135e-01
1.993873136868174467e-01
2.632430729254736645e-01
2.195784188141249871e-01
-4.526963315565811219e-01
-2.877827399718861368e-01
-3.869451524551010824e-01
2.245211910219547247e-01
3.069017343704889544e-01
3.343364860705936442e-02
-2.077179089398171336e-03
3.847824624980426544e-01
2.046530839764430509e-01
2.913492902363670756e-01
5.537399459376142197e-01
-1.502033526868604141e-02
-3.766035631564996211e-01
4.044722543705141504e-01
-2.324468530161176716e-01
1.724806762685382189e-01
2.309025342843789297e-01
-3.603716286711584615e-01
-4.113683811328572304e-01
2.728258815716606001e-01
3.461017308607782228e-01
3.018438069257957101e-01
4.944354240925768473e-01
4.150104903099947062e-01
1.740053304026700220e-01
5.057350307975029269e-01
2.441570125703231564e-01
-3.648179131035600986e-01
2.134755950133776503e-01
3.126080318061141838e-01
-4.968123448669202469e-02
3.000705006624629911e-01
-6.590480433376047498e-02
3.581383634043794895e-01
-3.863523093471193243e-02
-3.732103591854049052e-01
4.479728643855735437e-01
3.881100409759650205e-01
-2.295161532927187942e-01
-4.264859065578405217e-01
-2.548741290143929361e-01
2.368052405132825555e-01
1.789252421839583884e-01
3.254955604081437581e-01
-1.757022552295889606e-01
4.517985081565388805e-01
2.745700463394379343e-01
4.083536026271405994e-01
1.158441372537779013e-01
-1.338552436611849805e-01
-1.455150561239210161e-01
2.863124480767170743e-01
-9.607134038153795907e-02
-1.929783469524171957e-01
2.352596243742993698e-01
2.492634256092237655e-01
3.246820099768406298e-02
1.218337805290140297e-01
8.634961455703545063e-02
1.194023626051832487e-01
-3.621083772048636629e-01
-1.051007671387166470e-01
-2.106327133532371332e-01
2.794243917595174986e-01
3.683671081179578644e-01
4.636214125852385348e-01
1.918449106162270490e-01
-3.432246580949451786e-01
-3.588097771158806348e-01
2.883359567910599996e-01
-2.623008264174168658e-01
1.842277017639241676e-01
3.967608635171888665e-01
4.016527776168643538e-01
4.283860051030171090e-01
3.993826771031235845e-01
4.135608010089197872e-01
1.220245810426500710e-01
-3.778766577692991291e-01
7.111234440878363983e-02
4.281670861746531553e-01
4.428157070771934212e-01
-4.196590844868355319e-01
3.786540278173589624e-01
-1.035113489234322504e-01
2.405438726640293234e-01
3.085434051110366727e-01
1.673748612700051361e-02
3.626900176108469737e-02
3.242447173791619952e-01
-2.445166637704889179e-01
