-3.917483363276263453e-01
-8.810150255003851294e-02
-3.262168552259445131e-01
-4.250385967725998082e-01
-3.526044741918596959e-01
-1.111961455667676707e-01
-3.125041735007408894e-01
-4.311434727093021446e-01
-2.655474353716137381e-01
-4.440451759799423082e-01
1.413207157253138224e-01
-5.198964553400075017e-01
-1.534356480455169591e-01
1.219315062661578131e-01
3.364568161352495257e-01
3.239557219006592576e-02
-4.645965307448777781e-01
-2.325957682089044576e-01
-2.063474177669944454e-01
-6.806029770142350832e-02
-4.830489710060608122e-01
3.029219064176291026e-02
1.643235457356043983e-01
-1.635102167667334960e-02
-2.636104635272023544e-01
-2.414156517405565139e-01
1.977593953944948024e-01
-3.739870842335015766e-01
1.575064745125218935e-01
-3.516571945044594250e-01
1.200005899875705440e-01
1.076041659614737911e-01
2.897374830410729407e-01
-4.184315628771799189e-01
-1.258942834776229369e-01
-3.677941049157850140e-01
-1.314341803306484091e-01
-3.882813483321267967e-01
-2.213953221769658641e-02
2.962578579015290869e-01
1.958567789194294861e-01
1.639744055178139759e-01
-4.723878601083154605e-01
1.520290986941566225e-01
2.818300051222327740e-03
-1.909630504409937785e-02
6.930418213368824687e-02
2.954765603142774921e-01
4.016938906241742657e-01
1.339547103210265433e-01
1.086023870160068849e-01
7.337181553004387680e-02
-1.015560428583779096e-01
-4.557602447319061278e-01
-4.487718576970373685e-01
-2.309597658151228416e-01
1.189879283846849156e-01
-3.439249861475417447e-01
8.818234786779843848e-02
4.544030251784517832e-02
1.371419334362122544e-01
-5.574856588133781932e-01
-1.138459775608513941e-01
-3.852010946096452448e-01
-4.875666576921425799e-01
-1.565203174016557286e-01
-2.016555559024264255e-01
-4.992702931965366520e-01
-4.138055181793612869e-01
-8.670497885357777990e-02
-1.286336973740654643e-01
-4.032143681089198628e-01
-2.301628604052927407e-01
-4.435870186537571036e-01
-3.798795989008590390e-01
-2.480713815613930506e-01
4.067078474012283951e-02
-3.447106155114262882e-02
1.248574509367988972e-01
-5.358306922995561550e-01
-3.748407951754869488e-02
2.619344034479151317e-01
1.608964913080592474e-01
2.310597026066476267e-01
-3.653505542666373729e-01
-4.309015215967065826e-01
-4.273979736626303261e-01
-5.535354842571714729e-01
-2.485342275016690361e-01
-4.801464765224464637e-01
-4.180637734245641890e-01
1.778806522729080297e-01
3.716183930040711791e-02
-1.055018631212136238e-01
-5.045579054762564519e-01
-3.736944094609229161e-02
2.952664866465684601e-01
-4.741251510213519427e-01
2.617774648374579516e-04
-1.643038063484951739e-01
-1.211229842772253984e-01
-4.216439551747449554e-01
-4.045223158660149476e-01
-2.419113022600559090e-02
2.263287399218417706e-01
-2.190616226798494104e-01
-3.609655658425767188e-01
-3.957614048307023236e-01
-2.275826051833572672e-01
9.538143401545279287e-02
2.388290479386135923e-01
-1.935209522490684633e-02
-4.058999897631384024e-01
-2.916576685382273326e-01
-3.421573926975129409e-01
3.172412188139897560e-01
-1.248796298874845639e-02
1.282714358942182442e-01
3.655582187270563221e-02
1.689482972517321602e-01
8.529202850427279603e-02
-4.961837521983605837e-01
-5.488782988226432735e-01
-4.069025567484936268e-01
-3.730176379444816170e-01
-4.701201381899056120e-01
-3.495790681513768483e-01
4.622658996825149691e-01
3.446145034860725320e-01
-1.393907635189562122e-01
-4.745934994063565338e-01
3.235020260021482380e-02
2.513691265021789634e-01
-4.121053824962220835e-01
1.224901864066409440e-01
-3.645908708789132313e-01
2.226364730496647321e-02
-4.914294617535725496e-01
-3.362574472686521432e-01
6.216902234006625727e-02
-3.229871337820125476e-01
3.053513253501413116e-01
-3.080794838798598875e-02
-3.735909565674584432e-01
-4.135940910292728590e-01
2.077956196635111774e-01
1.810038762538265233e-01
-4.672856760164728063e-01
-3.808169103446873427e-01
2.230839613529596310e-01
-3.759350540186998657e-01
3.342406771414128952e-02
3.926549762636174501e-01
-4.055995526002282303e-01
2.484806205223853703e-01
-3.127662770547575133e-01
-2.476089293469921349e-01
-1.012285768915829054e-01
8.719106255978956166e-02
6.850466468228294525e-02
-3.989456918485959624e-01
-4.011022749825631228e-01
1.989751809434154584e-01
6.626401009581545098e-02
2.347225109421141320e-01
-4.132570654623671791e-01
-3.287562305347941916e-01
-1.614660656527061311e-01
-4.220415244380527620e-01
-4.905271175335684242e-01
-3.008824293909940217e-01
-1.397033619746900490e-01
-3.069742246707940492e-01
-1.804353459488224898e-01
2.997552391987115886e-02
-4.203015985507969066e-01
-5.191372033005513531e-01
1.279789511039018390e-01
-2.541550466962202437e-01
-4.095510755897633359e-01
2.655924947298184402e-01
-2.432185113049476766e-01
-2.470151023035490889e-01
-3.830878060548792985e-01
-1.419541985106343718e-01
-1.573377815024065152e-01
-3.689623276116274497e-01
1.579517694671332961e-01
-1.951093517301817279e-02
-5.112757756070551718e-01
-5.103737690440125069e-02
-4.660152710054066283e-01
-4.610758852888794390e-01
-4.666740352723121044e-01
-3.498468816542857351e-01
2.566309099539439975e-01
1.620358252321265624e-01
-2.558304033505905475e-02
8.587438695078228323e-02
1.310067893945807693e-01
2.257170912544375352e-01
2.969220259999880152e-01
-2.183991419110384302e-01
2.573292240200851788e-01
6.069710489828029909e-02
1.176156652557668603e-01
-3.875827032987933518e-01
3.776901358129176045e-01
2.912876216475588365e-01
-3.072903583007974282e-01
-2.044648717330379006e-01
1.182667117904392107e-01
-4.330921522172836990e-01
-3.895459202885052652e-01
-3.996587610263098722e-01
3.973162224202461124e-01
-3.202191298292071941e-01
-4.580394739105762558e-01
-1.018581767601623167e-01
1.785134588247566934e-01
-3.155431018505744367e-02
-4.084463902718916128e-01
-4.256464699281911068e-01
-5.290580429569821108e-01
9.034914969744396729e-02
-3.939705214212257944e-01
-3.911242852937161368e-02
-4.170326758929239208e-01
-5.585275879247610931e-01
-3.962237541845137212e-01
-4.503903768025773746e-01
1.705867868885539984e-01
1.914942567269331541e-01
8.683981135010797325e-02
-3.487894492728094153e-01
1.852303963191723191e-01
-3.552697044187856923e-01
2.981161440599731094e-01
-4.282687315810478346e-01
-4.292910823718176228e-01
-4.067253383214193829e-01
3.285249515527428610e-01
-4.861921057629036147e-01
-1.415991992036738645e-02
2.468557619544566872e-01
-5.804297486702334474e-01
-1.432097751819698221e-02
3.183602950838181900e-01
8.698202162020048089e-02
-2.301412979197315911e-01
8.619518567562511890e-02
2.720906536082985938e-01
-3.931551986910332697e-01
5.097278673629351831e-02
2.936010078951272750e-01
-4.862834025632943868e-01
-5.929809957515996821e-02
-4.224245311272044612e-01
-4.003121597610866944e-01
1.765079551202822922e-02
4.158210904504797689e-01
-4.912706702373035861e-01
-4.099181701530479338e-01
-3.287988749678879552e-01
1.688898916139674744e-01
-2.226742138892636724e-01
-1.357331583035635211e-02
4.130180318903116654e-01
2.423424852835388554e-01
-4.288106987629111133e-01
-2.277168932714563054e-01
2.148338314410526695e-01
-4.470820331698301953e-01
8.049238244115963781e-03
-2.959612694797399413e-01
7.541678419479153073e-02
6.594124612580734568e-02
-5.608874739573803669e-01
5.834249048435193874e-01
-4.537403236089971870e-01
2.513260373721132312e-01
-9.448415030539858428e-02
1.501692537786800397e-01
-1.377089874987817986e-01
-4.195421532376740759e-01
-4.494391106805289415e-01
-4.779129958293648617e-01
-4.382745366956303790e-01
3.968904768401957384e-01
8.863712477733456940e-02
-3.310980990404970709e-02
-4.676917948325505225e-01
8.544056640835109850e-02
2.052145123685940320e-01
