7.181443746106535020e-01
9.448933344206253970e-01
7.108381643386333382e-01
6.991111350510755829e-01
6.463374951648415134e-01
7.145511276443524684e-01
9.270153042882012251e-01
9.226198157202369909e-01
5.753136240060809925e-01
8.688787702430300630e-01
7.420662587380948416e-01
9.501807366133858679e-01
7.853731831654114925e-01
7.906499809538216628e-01
9.347793374137487454e-01
6.632200136885059161e-01
8.492551764389854041e-01
9.178619335404101243e-01
9.393467369193879701e-01
9.383294352241002834e-01
9.339848542762327899e-01
7.172253648424988803e-01
6.308315220699443060e-01
7.523339888667770481e-01
6.127806270111854081e-01
5.872666079073597389e-01
6.837967475460742239e-01
9.115405741961186692e-01
9.398063597381174361e-01
5.393653108548399633e-01
9.810541465030742092e-01
7.492085578224787490e-01
9.618629131886884398e-01
8.013897891061245726e-01
9.251767162368809139e-01
9.651537873970390535e-01
6.747548481312528601e-01
8.130946172522872661e-01
6.502727194057930094e-01
9.452031824861300002e-01
8.870157772240423455e-01
7.489509191289923651e-01
6.372494658163671000e-01
9.282960919807732303e-01
9.185738280336216421e-01
9.542519966033451428e-01
7.768543201996231939e-01
9.315612749534477599e-01
7.978909770943101165e-01
9.066727106836428574e-01
9.519540992325273843e-01
9.391113067069727371e-01
7.430793600194565141e-01
6.749637310642047083e-01
8.139425686117353065e-01
5.725584637941729671e-01
6.215746915020803343e-01
9.572701656357411881e-01
5.843976522210135860e-01
6.306759941245732026e-01
8.066850417810179641e-01
9.435326234096725884e-01
6.391611008125002158e-01
8.906701055576800030e-01
8.649071822755285410e-01
9.465656619191862298e-01
8.717851035413064498e-01
9.145812060032185720e-01
9.618693281054981892e-01
9.031520542808972873e-01
6.758759336497158765e-01
9.531936835287675436e-01
9.335797330275772410e-01
8.856540459174497837e-01
8.467399459472109147e-01
7.787039601205039130e-01
9.331896724675934340e-01
7.383981091106560646e-01
9.299453404791790945e-01
5.900137160761433908e-01
7.520346152274344220e-01
8.446722427700303903e-01
8.384351406051234745e-01
9.238199860415730047e-01
9.444782526236226161e-01
8.427945825431018001e-01
7.975301993007701817e-01
7.309145146517685987e-01
9.420606062906257128e-01
7.017379021073749668e-01
7.089296701033437342e-01
9.079965466674323471e-01
8.119064474221930894e-01
8.729883877186339625e-01
9.346712543240904836e-01
8.025388417242977912e-01
7.963790346644604723e-01
8.430289682383425021e-01
9.496938077438091819e-01
9.516261752210950497e-01
8.766494909102182653e-01
8.004067918755304323e-01
9.175566928251920329e-01
8.908962237132785900e-01
9.572007725597204697e-01
9.477484573405149382e-01
9.201214405695242737e-01
6.613775001375470364e-01
8.716635285428889768e-01
9.424775788025421264e-01
7.445849641852786416e-01
7.026469085312178064e-01
8.324520344219241696e-01
7.518035422266424739e-01
6.400937065492227074e-01
9.574769979880343174e-01
7.281498956478558160e-01
5.608142727509641823e-01
5.893092711113783189e-01
9.586416305605076627e-01
7.107193149280276456e-01
9.597250247614741436e-01
9.476151052462106206e-01
9.111879027859155489e-01
8.586979237447828206e-01
6.623885432171572329e-01
8.829166803350194659e-01
8.961665468075168395e-01
9.384241170812427368e-01
7.408668547923644709e-01
7.616030372817057525e-01
7.474322005931205437e-01
6.424034390542746609e-01
8.808493434135705735e-01
9.176395961293751791e-01
8.092600957915012660e-01
9.242453408449635699e-01
8.018136672913123153e-01
9.669530095158322958e-01
8.114034540691925645e-01
6.588217740722734916e-01
9.301078778827913673e-01
9.166497111486799909e-01
7.496892361934622828e-01
9.642421044326316970e-01
6.988992389454791176e-01
9.628677242479333209e-01
9.461365864528730185e-01
7.630696855389148547e-01
6.634392244757134627e-01
8.462188185121626294e-01
9.419815094489618623e-01
8.379825852299885858e-01
9.418570398056467230e-01
8.839506673067433207e-01
6.648153781089194414e-01
6.878300691500464081e-01
8.782254282247230481e-01
8.547940579262076621e-01
6.687457636191745936e-01
7.784109190967153369e-01
6.263415199916826381e-01
8.848490592572619828e-01
9.256729404122716609e-01
8.729278248546448182e-01
6.767893349464868535e-01
8.402080888004258563e-01
9.515088504495881061e-01
9.039600328165634524e-01
9.410079847499733807e-01
9.238432835226040307e-01
6.547357571389393893e-01
6.395436805572072281e-01
9.491556762028735550e-01
8.963639549031207077e-01
8.432609052384947290e-01
7.822921623874745656e-01
9.482294365168744132e-01
8.401443554418948079e-01
6.889584108697442977e-01
7.471094803864181122e-01
9.205849322664705348e-01
8.281702754748592188e-01
7.719531622334943055e-01
9.185279700206102627e-01
8.224848955293100339e-01
9.511436616250004139e-01
7.226612875591726937e-01
6.728135274435946833e-01
8.456971922997784663e-01
9.460727565407551776e-01
9.421227764998600929e-01
9.454335245844364133e-01
9.053201875619704131e-01
9.337708268785114285e-01
8.110415297656387024e-01
9.384918863335165451e-01
9.233628135299962736e-01
9.450793882575130311e-01
8.845772538045735267e-01
8.968699659287946435e-01
8.312820475736760750e-01
6.244955489898701417e-01
9.418296562941712580e-01
8.679825039252038188e-01
8.247668406605914715e-01
7.328698330409385564e-01
5.928887169230312448e-01
9.715235913671964596e-01
7.255654281890340229e-01
7.175751165297453715e-01
8.548315613941079860e-01
7.033796215243717231e-01
9.589382786196611885e-01
6.219208298197536067e-01
9.394412419083241206e-01
8.923608491214771732e-01
9.502568778136528671e-01
9.242067092572683329e-01
7.100116489075700699e-01
8.849145898099152197e-01
9.177735246017668658e-01
6.630524292758417371e-01
6.092400125234115338e-01
6.677164220891057544e-01
6.467504912178747567e-01
7.250104577636982128e-01
6.159639232211597815e-01
7.926597947928534227e-01
5.362700265229347618e-01
7.601125554503249671e-01
9.488326440001901840e-01
6.853602773739387866e-01
9.162459276404972819e-01
6.652491157796665000e-01
9.055956526284179020e-01
9.539718692746157469e-01
8.955002652761206994e-01
6.510327573045826544e-01
9.563110121062061708e-01
9.121334908527347629e-01
5.934235613893761307e-01
7.139469405872286289e-01
6.189223918906598954e-01
8.559868556209974111e-01
9.503940711581442269e-01
9.617432513887445023e-01
9.406567540703071328e-01
7.155704206905723064e-01
7.198657834768681374e-01
8.565533886545764197e-01
9.529765688328155626e-01
8.074688135411404177e-01
9.553315313433189404e-01
6.583914390044638409e-01
8.657083624776056308e-01
9.483438997610436072e-01
9.602913162451791607e-01
5.622879034185237490e-01
9.454359659750538603e-01
6.965356253994869906e-01
9.523234347086015905e-01
8.168300718025396367e-01
9.405525022624980913e-01
7.085815762892834213e-01
8.574394058688865616e-01
7.212819380398093339e-01
7.258769422905051449e-01
7.738481379172991170e-01
6.965118403007068970e-01
8.640418063035717466e-01
9.603927898119919426e-01
8.467009814394668155e-01
6.924128067417576471e-01
7.126395820911799461e-01
9.582537713669191382e-01
8.277810026082921269e-01
9.521630183178095841e-01
9.244201622460493928e-01
9.372639324578438957e-01
9.236960333647131760e-01
9.625560804702748552e-01
8.862280433542402136e-01
9.449952680052103871e-01
9.147295936833840235e-01
6.881929457137379025e-01
7.402750764467813660e-01
5.993555325704549297e-01
6.076708102712224946e-01
9.602499037994416398e-01
8.945393935740002522e-01
6.010792775258663179e-01
6.534210806666580496e-01
6.227329823376520634e-01
5.707847209385159548e-01
9.347553965559350919e-01
7.631741824754300074e-01
4.832518715019540334e-01
6.451686444607241944e-01
8.419628906638981780e-01
