8.166707691414045733e-01
8.634092353568949552e-01
9.691413376533579704e-01
9.352293217951805904e-01
9.759390597283159607e-01
6.898078333431553189e-01
9.671680947878449341e-01
9.349856218467218483e-01
9.363849607380779760e-01
8.382820720015593530e-01
7.429146084856715904e-01
7.925736720840919070e-01
9.891125271909362304e-01
8.223644305090300755e-01
9.440949970690954984e-01
9.206576854438474067e-01
7.171318980748977445e-01
9.548267403245732643e-01
9.425774673127959025e-01
9.847518705461275612e-01
6.368554800269035088e-01
9.403962626545450121e-01
9.314081349098215501e-01
6.728303158255204419e-01
7.215892229288922710e-01
8.605882987132664752e-01
8.951189332096398665e-01
7.774270061216435046e-01
9.361084856951722433e-01
7.324940074776915555e-01
6.912981359381152879e-01
9.224336966074420108e-01
7.729129685951331430e-01
8.922015629757146238e-01
9.392885647922800674e-01
9.955720687174114403e-01
9.218513198574289635e-01
7.382365492210452018e-01
7.164474877193776070e-01
8.244106006255893515e-01
9.511064052046982464e-01
9.425642057526645301e-01
7.032335105677764986e-01
9.286579212173782238e-01
9.383082343068656073e-01
8.417169764457999026e-01
9.129237028080876559e-01
9.034409303173198680e-01
7.146857660952308233e-01
6.458206340875307649e-01
8.921279532298597159e-01
6.465788445214162294e-01
7.635864671158382189e-01
6.106377950027429558e-01
9.717544631444030578e-01
9.365147115285360480e-01
9.437317285697544023e-01
8.917136749936267481e-01
7.142585798906273542e-01
9.699196175065905035e-01
9.031898970465969123e-01
8.883592468745682424e-01
8.315510028409747179e-01
9.742077997428746361e-01
9.409842890041976160e-01
8.497393388643639245e-01
8.668362222199246236e-01
9.591209986324082948e-01
7.185800324528750505e-01
9.304829161788416014e-01
9.430981004717985394e-01
8.410143853859111118e-01
9.390976828179495861e-01
5.543405991207810413e-01
9.620662387483744915e-01
9.282773410595063224e-01
6.959367156886646644e-01
9.711883916606973699e-01
5.412999653827019753e-01
6.981961011449175913e-01
6.866975018202564618e-01
9.680307067580411484e-01
7.120353763050927265e-01
8.067660208389022536e-01
8.305754414341808278e-01
9.433006954367076924e-01
9.064563533457580258e-01
7.186789767547695496e-01
7.338707539513770195e-01
9.024175538481367109e-01
7.460198282597394481e-01
9.701031248309593957e-01
9.590067022720656364e-01
9.009137855279689688e-01
6.802794415957875707e-01
8.862328998780903966e-01
9.438648066638730683e-01
8.810549300641890014e-01
9.400608920099311483e-01
9.900925698469356107e-01
9.693166239050889921e-01
7.009180229945721763e-01
9.283616047718832309e-01
6.708536686794371873e-01
9.395117019009794346e-01
9.514972105266037428e-01
9.507490190587313261e-01
9.518470531990422812e-01
6.768283874804104094e-01
9.326996038880518425e-01
8.616504444519399453e-01
9.671094498490393487e-01
9.524188390477963395e-01
7.932785783129004953e-01
8.657453541610689030e-01
8.420290458391556099e-01
6.620167459231932616e-01
9.762927836399634129e-01
7.160876111157825630e-01
9.472691768416727776e-01
9.485973939316811876e-01
8.616726673771947231e-01
9.211521626520579042e-01
9.034046112259901395e-01
6.612297744497332985e-01
8.692288781663379815e-01
9.681344798604405444e-01
8.248688434300075478e-01
9.760698392452742400e-01
8.004590679702126010e-01
8.705301856607235989e-01
7.678750258423268082e-01
9.396767650314685749e-01
8.293315394367509752e-01
9.580363492230649092e-01
8.237034917778829346e-01
9.395900187788278624e-01
8.075147860383340426e-01
9.155168876293564573e-01
9.612804892604049911e-01
8.684628584102529469e-01
6.778048094998425643e-01
9.336708143006873240e-01
7.487954446990157109e-01
9.119187537718673742e-01
9.327892908783603776e-01
7.182131412843412166e-01
7.078820295413360553e-01
9.663322921244164032e-01
8.580928995666341486e-01
7.257038230173904481e-01
8.984843942143685425e-01
8.869708529021970156e-01
9.372518463290888668e-01
9.483468310550473568e-01
6.661891765831368106e-01
9.472941730839872232e-01
8.679841394145020317e-01
8.257026872259403127e-01
8.558542867685191569e-01
9.605540029428027982e-01
7.289031428867823736e-01
7.045920939235305047e-01
9.095434597530680509e-01
9.505535777451339374e-01
9.520608651411704981e-01
8.089828208336666826e-01
9.653105860402999561e-01
8.813978916877617253e-01
7.971589475977987060e-01
7.351405760066285211e-01
8.754862374886640541e-01
9.503052596286971632e-01
9.306071641084923129e-01
8.600428838039315682e-01
9.546868781826896022e-01
9.731962452696782950e-01
8.869819824571409939e-01
9.588879829091974116e-01
6.290258846747253108e-01
6.481932293729626426e-01
9.227117486535976187e-01
8.262886148658553642e-01
8.260654564306495473e-01
8.420150710072055178e-01
8.396361979549545884e-01
9.563910490198281877e-01
7.197683602364942645e-01
8.749271283905915020e-01
9.629712238531697999e-01
8.924587812238707896e-01
7.738607052321162527e-01
8.420590402749181802e-01
6.694165005802434898e-01
8.282872498086695234e-01
6.520170701277312464e-01
7.601358723031066411e-01
8.268121043137128812e-01
9.423474021911337761e-01
9.626288638190362290e-01
9.479952474590465084e-01
6.953077862580667734e-01
8.151019007098470048e-01
9.296149811777049132e-01
7.172697376266699010e-01
7.458200885338505115e-01
9.479864564663074145e-01
9.521803664893639940e-01
7.721394833521817436e-01
8.432790576396380633e-01
9.733041391153229860e-01
7.342245948763609364e-01
9.560451947643298087e-01
9.139804352527642894e-01
6.002550626555681612e-01
9.629108286428800234e-01
9.633824369533399157e-01
7.732302169837947936e-01
9.818319362212774015e-01
8.966252189213789192e-01
9.372539917885815974e-01
8.218004356373980190e-01
8.428276064290097791e-01
9.606822004199377929e-01
6.327552603026778133e-01
5.964118367048233393e-01
6.672594408334795446e-01
9.434932028466875842e-01
9.268438347064170690e-01
7.157862745773151403e-01
9.494547868451216344e-01
9.531245063287491215e-01
6.197279651489052688e-01
8.204131441016420112e-01
9.553547101004026265e-01
7.278226688443349968e-01
8.633176468486865041e-01
6.968980029949426447e-01
9.938434733717527170e-01
9.343145986341060416e-01
9.672328090314591398e-01
9.753161492159365675e-01
7.796015647198475396e-01
8.147400805223250497e-01
8.502794053029052446e-01
8.881377147998452681e-01
8.434264486273371775e-01
8.521014671995223999e-01
9.764997397561294701e-01
9.329402848092563927e-01
9.239049562591455933e-01
6.970050718565741210e-01
9.622263212929900167e-01
6.838736050704118385e-01
6.581312023090140073e-01
8.799650885630716513e-01
7.141994039871291111e-01
7.625848209825507595e-01
9.510562777482061136e-01
8.859962756040474785e-01
7.491857959945878997e-01
9.863242677970874839e-01
7.594679527947916231e-01
8.273267452049222204e-01
8.530060034415303249e-01
8.962946807768469304e-01
9.510649964207715801e-01
7.435177898089415649e-01
9.355559050901561813e-01
6.971518627741393193e-01
9.161648823185029045e-01
9.093792197482866158e-01
9.553460589357793964e-01
6.726113329368524907e-01
8.926754476580858189e-01
7.822215980206903563e-01
7.332951867291861436e-01
7.808824743138835789e-01
9.426108287822513310e-01
6.482238005776641554e-01
9.606940334389693081e-01
7.840034643960362981e-01
7.697938110673308021e-01
8.263809517145370709e-01
8.956120127380746698e-01
7.288796610757535266e-01
7.692461859720337580e-01
9.715842756504713407e-01
9.393221026885556491e-01
6.551759215202483944e-01
9.504803179660419321e-01
9.187112629391456231e-01
8.167961605166348393e-01
7.283483604516051146e-01
8.404950899702250400e-01
9.430127057291772807e-01
6.320623013248019006e-01
9.400100132762373439e-01
9.404698739857624279e-01
8.490052458202326235e-01
