7.923729055539525667e-01
3.973985065511013992e-02
-2.226086392913547429e-01
-1.638427064913908215e-01
-1.479239068701620474e-01
7.828405556042605795e-01
-5.924721329995701058e-02
-2.323158804125383670e-01
3.299350063273462363e-02
8.622390459124524842e-01
7.974029909985411724e-01
8.311490242535496398e-01
7.766731417035451779e-01
8.139964577312315264e-01
8.196182999650638568e-01
8.380624000545693342e-01
2.118697160443225314e-02
8.128473974616621245e-01
8.252752438381513178e-01
-4.215380124689621644e-02
9.177115084094594755e-01
-2.434192618795806562e-01
-1.286286066954231422e-03
8.712853458864799894e-01
2.725114306834067190e-02
-9.675971323651470779e-02
8.279026635498487607e-01
8.171060405355539125e-01
-2.318237122900948521e-01
-1.729696018276057068e-02
7.984014381075803524e-01
8.700446689805078071e-01
8.817027259741230250e-01
8.198103172889961154e-01
-2.016401873427415004e-01
-2.470271595489945959e-01
-3.307875471719701199e-02
7.484732770331778973e-01
9.409606340362408616e-01
7.999301778855106848e-01
6.600610751066544601e-01
9.822483324641686497e-01
8.511255566153718144e-01
-3.887358884839247630e-01
-3.803557297342023413e-01
8.104148199327719793e-01
7.892397429070066583e-03
8.129089023741005171e-01
8.616490862686232433e-01
8.507810326937187417e-01
7.883943221799206702e-01
-1.054780705938658247e-01
8.265930371767984397e-01
-1.982055026372125939e-02
7.970910996965616668e-01
-2.588311304075224806e-02
8.324118089619233496e-01
-3.467738762181573065e-01
-3.205106076567728057e-01
-2.725227599016996627e-01
7.530652853943839986e-01
9.927888181529154199e-01
8.213633586958393185e-01
-1.943950360420116930e-01
2.787234687712442094e-03
9.073796833401622797e-01
8.830420719738611979e-01
7.087386418588463854e-01
8.215013253189051845e-01
8.268606768750070835e-01
-8.520648435897447415e-02
-1.524576033868575986e-01
7.665139961406943758e-01
8.133285762299591326e-01
8.189519310455178891e-01
8.304975643559162624e-01
7.879819538834621495e-01
1.852709380224959457e-02
8.448793173682396240e-01
-3.816027197287124029e-01
8.161977967106344156e-01
-2.530005905083121398e-01
8.409929670340993146e-01
9.549231688167318932e-01
7.796971775833542173e-01
-3.804294178934779502e-01
-3.648532803867288177e-01
-1.378409809954081466e-01
8.113214421269822063e-01
-7.723810463179071883e-02
1.330344221546153616e-02
-2.160768852197854639e-01
8.626309719552429645e-01
8.440081696226260366e-01
8.463588592658051191e-01
1.131066857821603905e-01
-8.512423500249013952e-02
9.347975213364274616e-01
8.078831704275175607e-01
8.175865553470261782e-01
-2.541325907020973163e-01
8.620374269068963313e-01
-8.533740033344922038e-02
-9.215397749236549363e-02
8.105086371706275994e-01
7.006404920624178523e-01
-2.596053763998003305e-02
8.105377180703725593e-01
7.918391296172866411e-01
-1.986163886813536450e-01
8.055874692671055604e-01
2.567698860481101852e-02
1.173917516189071364e-02
-5.476603493080790530e-01
7.945759889409086396e-01
8.243239948916724069e-01
9.197719057345027371e-01
-2.190679615232351551e-01
-2.584825137339542556e-01
-1.088688155022711074e-01
-1.027226957429339949e-01
1.104003375117052765e-01
8.268875734458032145e-01
8.250483877781410458e-01
8.041745061857596966e-01
1.575542007163314995e-02
-1.720709727295598734e-01
-3.631622805465691828e-01
-1.670667072662104236e-01
8.704077563804155648e-01
8.475600296256491362e-01
7.712360920066528847e-01
-1.127874857139328224e-01
8.177685786799572254e-01
-3.395448524201989671e-02
8.154732152559867053e-01
8.018029426145251159e-01
8.356578756831515298e-01
-1.045707458210143603e-01
8.305439749609533351e-01
7.096911373960171909e-01
8.787119343677346484e-01
8.323237193910989484e-01
8.139926981823237817e-01
8.102545777100772506e-01
-3.827968218954700963e-01
8.146891127978281855e-01
8.108478857620626812e-01
8.068629169819572233e-01
7.603491000310276249e-01
2.223471341593660777e-02
-1.434072442030943639e-01
-2.227215827287885030e-01
-2.020736808138284823e-02
8.139392226123370877e-01
-1.061671195808244761e-01
-1.034421865974314569e-01
-3.517438708346367626e-01
7.734114579540846135e-03
-1.230545899656678432e-01
8.348137978381845459e-01
-3.505620475435669015e-01
9.147366697097765176e-01
8.379776524746875843e-01
-1.981194237482941378e-01
7.812797205899468800e-01
7.879622199490117218e-01
-4.546097609634001252e-02
7.797239272246287989e-01
8.173674737183129757e-01
7.597940736166752806e-01
6.809045785138312379e-01
-1.241456569217642969e-01
8.278390717736889837e-01
7.632057940988730138e-01
8.138827563448435276e-01
-1.152950074805007136e-01
8.140276118143220385e-01
-7.917109815718656463e-02
2.987300591321517818e-02
5.971343004461809878e-02
-1.294589808540671794e-01
8.277032445366673263e-01
7.791351628490923442e-01
-3.994727609911091215e-01
8.367801970154272739e-01
-2.275510162976455975e-01
8.248911628255507500e-01
-6.189174883214021428e-02
8.134836095370876485e-01
8.353670340499937952e-01
-1.002536839218676062e-01
7.870509320262294439e-01
8.641010585079731410e-01
8.011413465108153664e-01
-2.119769989127283372e-01
8.384345803674073672e-01
-2.885646927048942656e-01
7.908260420940634861e-01
-2.555235400947748481e-01
7.970477396819434235e-01
8.087295238711860179e-01
-2.769902934110433645e-01
8.514669166725655769e-01
-4.051081935987584925e-01
8.692495029995193079e-01
-2.309714726142317598e-01
9.457573428533981863e-01
8.484464152607450460e-01
-1.474041247776206043e-01
-3.322783099532996554e-01
9.163881255560429873e-01
5.726603799491081226e-03
-1.470945252862629893e-01
7.930196210085995734e-01
-2.501932503124730811e-01
-9.080191564016475148e-02
8.901093641166734072e-01
-3.441005819347746630e-01
-1.943748142815577007e-01
3.095514567807640394e-02
9.343950045201417920e-01
-1.084710612647918626e-01
8.290031998788240930e-01
9.055689378943606593e-01
8.284912987629124981e-01
8.574533983011958238e-01
7.749445776086649751e-01
1.686106052988922688e-02
-1.300823840832036893e-01
8.438687005958022125e-01
5.808523372313839639e-02
7.791084380212172089e-01
8.262266531932541680e-01
-3.045459618966886994e-01
-2.175944161103864904e-01
8.092580343378323882e-01
9.154581515498472211e-01
4.414040570327938673e-02
8.261128536385222709e-01
-3.246940889712641165e-01
8.407253247559959286e-01
-9.970222678255549753e-02
9.329921263223347472e-01
2.531710908864300003e-02
8.102335899223904736e-01
-4.436072756401777117e-01
-1.331308587893218487e-01
9.310912922840514083e-01
8.169242617358329905e-02
7.734938454184617784e-01
3.398582723078445722e-02
-2.270369434953458387e-01
-5.381389746809651931e-02
-1.135061511021085434e-01
-2.708767419519387820e-01
-3.243824718770385584e-01
-4.320544794450149884e-02
8.414813913978919091e-01
-4.585732897595491686e-02
7.835533942681732755e-01
-2.365642092920576534e-01
8.046777756664645898e-01
9.457380788655368464e-01
2.666229591437407898e-02
8.183926505939826956e-01
8.384665134825745048e-01
-2.006574456257550487e-01
8.486526790555622979e-01
-8.594351640719755103e-02
6.482476109966700539e-02
-1.360043953820508078e-01
8.163832779835955566e-01
7.909049070077568411e-01
9.496648146542320257e-01
-1.601372241614784087e-01
1.023108521205594035e-01
8.250221017030592296e-01
-4.336987447494594639e-02
8.359416145923417307e-01
7.965792814430534552e-01
-3.370573435347444802e-01
-8.275950236154090700e-02
-2.588499205251331148e-01
-8.823160229550243427e-02
8.780514406658479487e-01
