-3.510243030631886585e-01
-5.407431440053411809e-02
4.703888215766478115e-02
-2.618289330212492105e-03
-3.362292679979118626e-01
-1.498043249714093306e-01
-1.990706093556074696e-01
-3.210864491672522636e-01
4.182671922983240975e-01
-2.813376386054710632e-01
-3.848658379156625342e-01
-4.411254462646883034e-01
-4.024368509874259314e-01
-1.646336590877646722e-01
-2.904595015057324092e-01
2.596816937523961921e-01
1.001260431034415171e-01
-2.378870602584983937e-02
-3.721806161501869936e-01
-3.215673424529724711e-01
1.896536700836490563e-01
-4.591439630949856188e-01
-4.678507800343568723e-01
1.683635690139620097e-02
-3.005626631119573955e-01
-5.244562736976564610e-01
-2.053747003256602977e-01
-2.287145322541491443e-01
-4.527669263983790104e-01
-4.062560494301442060e-01
-1.810892993801628548e-01
-3.427482240816599468e-01
2.810337319299172076e-02
-1.853447202391171611e-02
-7.411658109654414850e-02
1.998733092770396680e-01
-9.652923262147174166e-02
-3.879528320923670281e-01
-7.212392954236596099e-02
-1.598460709135807525e-02
-1.084950754451426830e-02
-4.931062856217895418e-01
5.173005781389807822e-01
-4.260150073591774111e-01
-1.352087596806582637e-01
1.520621390733102873e-01
-4.521301431468714438e-01
3.586798277067060337e-01
3.148583009558946766e-01
-2.038868658404280332e-01
9.708424245019256493e-02
-2.284734819652153304e-01
1.357122268155173672e-01
3.227850073491925209e-03
-2.583850547918615792e-01
-4.113660674828197306e-01
-1.313502836164510135e-01
-2.331018433807819368e-01
1.614070031321962750e-01
6.626561946421749560e-04
1.462682737816341505e-01
2.584883552832900611e-01
-4.754160658421380248e-01
-3.681422961318367992e-01
-2.058734705638035345e-01
-1.245087429779997007e-01
-3.426187656707092022e-01
-1.044515783043937218e-01
-2.548463276757891027e-02
-3.019156830448295192e-01
3.291386862094759502e-01
-1.379799045172830363e-01
-2.674099087379407935e-01
1.314964286943919869e-01
7.856468178285364035e-03
1.071511550513274957e-01
-4.667084866219263495e-02
2.380010137653315871e-01
-2.555761765136339569e-01
-4.780782042035560675e-01
-3.990934498275718334e-01
-3.851368977277031848e-03
-3.809949760516501693e-01
2.326244808843681566e-01
2.627116480858075476e-01
1.499297460161456985e-02
1.166013317829263096e-01
-3.589039714563242445e-01
-2.749520196752849865e-01
-4.290291601062692362e-01
1.515258842841304410e-01
3.075294202075682382e-01
1.177542188125202116e-01
-3.291571985469674000e-01
-9.856795109793324572e-02
-2.255016445019584204e-01
-1.745659151428331501e-01
1.281809752842262562e-03
2.618265931722129625e-01
9.824933551697606626e-02
-2.779581087497600134e-01
2.911415260821211826e-01
-3.179506207968625930e-01
-3.642114717457139439e-01
1.046373615903419679e-01
5.060371425236042109e-01
-1.108195156896919081e-01
9.508985216109687444e-02
-4.451555698280025841e-01
-3.329576692138304650e-01
-4.266360969305584838e-01
-7.398063813082948748e-02
-3.326545740782657634e-01
-3.616175530496474333e-01
-5.250745351290801721e-02
-4.132525339015997723e-01
5.941388241064139708e-02
-2.972700193082850051e-02
5.369173390912633514e-02
-1.241689447775044253e-01
1.492081999664908731e-01
-4.063535603794321549e-01
-4.876769130651781303e-02
-1.949223789740755219e-01
-4.069770538088854361e-01
6.948101541886761434e-02
4.632300731785585213e-02
5.228210496214549113e-02
-2.952133970791137596e-03
-2.885146947654571581e-01
-4.844696477008048618e-01
1.989113976561041400e-02
1.243788149007224592e-01
-1.190692264326541211e-01
9.321423184976547482e-02
-3.596770062583307670e-01
2.163692260457016625e-01
-4.531122805106158613e-01
-3.588692017395014866e-02
-4.944845630197642478e-02
-4.300532988763740017e-01
-3.415670509466424420e-02
-2.041155156934403025e-01
-4.170863494275537514e-03
1.010455565828281416e-01
-4.800333706452018512e-01
-4.427667140735624951e-02
-1.546119207593300154e-02
-1.352040469771120541e-03
-2.748942862385573838e-01
-4.249169504060374969e-01
4.896636973277357363e-02
-3.961884974009994842e-01
5.178274926415644963e-02
-9.634519322858145496e-02
-3.357651720441141158e-02
-2.302941557158709462e-01
-2.922738087140125396e-01
-2.129211786025914377e-01
7.495954188180731226e-02
-3.607117097752033374e-01
-2.029608519768360264e-01
-1.220641864658291581e-01
-3.657908258144716429e-01
1.400903095728979753e-01
3.990799023037281401e-01
-3.388797576984854398e-01
-6.553870066189003418e-02
5.425821994089100736e-02
1.678431766525050745e-02
2.033099334510052592e-01
2.475389398930851470e-01
-3.953646112943881574e-01
-4.732999955798999729e-03
4.274828447241679763e-02
1.089113860932579975e-01
-4.171692157667395984e-01
-2.816135296132067922e-01
3.357360684372366275e-03
3.275584831051320256e-01
-3.734804776063879728e-01
-4.020929631087926184e-03
-6.373659684392715685e-02
-4.217861811751571488e-01
-4.440665596888887512e-01
1.120646745118312332e-01
5.510767356158504521e-02
7.392191544904747058e-02
1.199936957156008538e-01
3.304932745073002609e-01
8.402859113460972584e-02
8.962848203431260374e-02
-4.215471777298280265e-01
-4.328558348173695558e-01
1.802420122446192208e-01
-2.488198626532183155e-01
-1.924308787091285611e-01
-2.637968613464714007e-02
7.995652474703474066e-02
-2.644679535082439803e-01
-4.125240178655279477e-01
1.225828021095371756e-01
-4.111550438808974084e-01
1.825154406198811197e-01
-5.251633263853949796e-02
-4.188769520756328579e-01
1.589017822122199552e-01
2.460080813693209523e-01
-3.018887784703622734e-01
-3.547951883637764925e-01
7.142059661961347450e-02
-1.329244604760171922e-01
-6.200189837264423465e-02
1.645278085681758096e-01
-1.095014185879296387e-02
2.130497750812037350e-01
-4.115143099216819755e-01
5.101253600268400579e-01
-3.886229663873030926e-01
-7.909316874850631784e-02
-2.026243181564062468e-01
-3.970022104108975047e-01
3.588116190761712065e-01
3.991572592362168659e-01
1.248680755794568525e-02
-8.460005053784583340e-02
2.517141243603568390e-01
-4.277530457510069772e-01
2.727652174910610849e-01
5.344579128277231195e-02
-4.683489876223382309e-01
1.303954391236147869e-01
7.480308181800295053e-03
-3.287855901859256247e-01
-2.270661337262008805e-01
2.777400134534536713e-01
-1.901453741251887264e-01
-3.347618142341622915e-01
-2.574386259725368054e-01
2.396734693997024102e-01
-1.173469496779429438e-01
1.897550051356954315e-01
1.906808607456653148e-01
-1.422886952603475696e-01
-4.542345743202864106e-01
-3.133188312361400718e-01
2.368770177935662080e-01
1.369306759057374312e-01
-6.557257317972682575e-02
-3.533925790842196712e-01
-3.243955979102783882e-01
-3.359820861564198902e-01
8.608757751088419452e-02
2.150440903245346980e-01
-2.081574748485226223e-01
6.442749499378751243e-02
-1.931299759227320390e-01
-3.706495992867156475e-01
1.611017663282373891e-01
-5.208158717026735163e-01
-4.057068138678585068e-01
-4.366245275990319752e-01
-1.778875153325045200e-01
-3.468929068019169781e-01
3.288162129434875625e-01
3.144766126715357879e-02
-3.043548699999129026e-01
-3.286251939803493394e-01
-3.538960803863691051e-01
-2.088522559371849829e-01
-3.907061030362940501e-01
7.862850227587364627e-02
4.357188646800918413e-02
-3.575044964963501881e-01
-4.172834724623907254e-01
-3.005543367660929999e-01
-4.548743786429046976e-01
-1.551733576297764094e-01
1.066954003467019824e-01
1.720491184753165925e-02
-4.179405462042209418e-01
-4.698000051695776502e-01
-4.081789932527332132e-01
-2.261495720496143613e-01
-1.101061755691671307e-01
-2.559533446510743326e-01
3.850369916307549989e-01
-2.810377093105645985e-01
3.078917830609445572e-01
