7.184848337644800242e-01
-3.688699114465662787e-01
9.403378550611499742e-01
-3.109994009403908022e-01
7.556337702263511424e-01
7.879670422813493946e-01
9.058094039616169102e-01
8.903746827577135869e-01
-3.334332550437313358e-01
8.961929936305408628e-03
7.460401513251304489e-03
9.283601126223630651e-01
9.187625608605997085e-01
-1.584813343460836632e-01
8.090182239462238023e-01
9.049817075204773520e-01
2.184681637720471414e-01
-2.627009576867456730e-01
2.954160234947845326e-02
7.277402020399073579e-03
9.040111729866002754e-01
3.382112984436778935e-02
8.465299159292439812e-01
-2.410574846633929957e-01
-3.717766189399848709e-01
3.494151210296991272e-01
8.869611184228950451e-01
-2.791769739450480348e-01
8.889749190662961098e-01
6.314815961350335183e-01
-9.552901774541672220e-02
9.165590569167983981e-01
1.684565894798448205e-01
8.129879042904155639e-01
9.405882080206774409e-01
1.176621224504638581e-02
-2.445394119408944578e-01
-2.987477308193839387e-01
-1.499663513688868632e-01
8.147035837773518585e-01
-1.645118993021837950e-01
-3.168354192572388484e-01
5.579694619280599344e-02
-2.919556347959743059e-01
8.491628601400677545e-02
9.036067215907089833e-01
-3.050968580665219809e-01
9.337205468295529665e-01
8.308464344867447782e-01
8.134832158680919134e-01
-2.460648168830836813e-01
9.340825073502725395e-01
6.156355027742963504e-01
1.399170771248265388e-01
1.525827706660711214e-01
8.386917875909404713e-03
9.130476604003615049e-02
-1.810572200780354024e-01
7.799020762199598833e-01
-1.810800137459037465e-02
1.881587564410346358e-01
1.874971003078585718e-01
8.220215853711910770e-01
6.726002536495711004e-01
9.227798680233501027e-01
2.539900221990841200e-01
7.438248465923003039e-01
-3.692219768550046854e-01
9.332790712050871296e-01
-3.358677314744268338e-01
-1.551811374230015195e-01
1.238713289230660985e-01
-1.777586143319116463e-01
2.826697682471291523e-02
1.172089257040749566e-01
-1.598691794563934510e-01
9.554910444836060002e-01
9.219689743602920151e-01
-2.570575758283468182e-01
9.199074658366260815e-01
8.120657862078949352e-01
-4.379346152675015480e-01
9.200902452360877337e-01
5.379067604418473758e-01
-3.237334425173404862e-01
-3.544602215898295383e-01
9.168451614310811904e-01
-2.816142814309123832e-01
9.362760931767779571e-01
-2.668992179224011219e-01
3.309992496233222226e-01
9.173604713376369846e-01
9.218493949236077345e-01
9.328774394690879657e-01
-3.245920564072057868e-01
9.107730179213902044e-01
3.557115149849147673e-01
-3.971031418989620643e-01
3.085627795078982674e-02
9.106427479950005566e-01
1.265233956757690625e-01
-1.405819261408460807e-01
2.587542281688209878e-01
2.897423372514615902e-01
8.084238847249041182e-01
-2.329644746266950617e-01
8.754123978996624089e-01
7.619011367747312580e-01
1.241455278035375615e-01
-3.664460107120716681e-01
8.688233604917611208e-01
-3.162281020087632233e-01
8.846264132419302539e-01
1.397205335826244010e-01
5.993057672519230827e-02
8.658547098975485357e-01
-4.032420821503145958e-01
9.415664115240148790e-01
8.036342115629114824e-01
4.660363781642973963e-02
-2.629995410910853093e-01
-6.483659454814522105e-03
8.911626913999719513e-01
9.266323575448441874e-01
8.634857380134007554e-02
-3.685503322497736267e-01
9.311490502996809804e-01
9.119344339759504203e-01
-3.468765541757416471e-01
8.905982235283659287e-01
8.713889780238476268e-01
9.387707999851419016e-01
-4.268882368730095300e-01
-2.732748427111840739e-01
-2.227882005169419533e-01
-2.852156289181320137e-01
-2.758686982091306805e-01
-1.327919228600810686e-01
7.619652445820914721e-01
9.086650248334071645e-01
7.969428613918048132e-01
8.392855861315324795e-01
9.133721526509003263e-01
9.132414630621188412e-01
-4.400486633050355034e-01
8.093471268884779857e-01
9.200434190819944957e-01
-3.005878310191094083e-01
1.137488193311575191e-01
7.937212514499396576e-01
9.012461282674384400e-01
6.789586516143437667e-01
7.588003388399908733e-01
6.910271871175254210e-01
7.918449485867400384e-01
-3.384756451076413319e-01
-2.092700209859215954e-01
8.349987374133607254e-01
-2.536422381081188671e-01
-2.790321380922176076e-01
-2.573469756975111933e-01
-3.949544765444976679e-01
7.445574923381623744e-01
1.568199477335560921e-01
7.531113690158852680e-02
7.820271980100409470e-01
9.182407315613255738e-01
-3.023042641118746654e-01
9.376561123479382198e-01
7.237726862156884655e-01
1.149174118517963528e-01
-3.609391403182571345e-01
-2.455016215500299692e-01
-1.313061368831119347e-01
7.525371275587318110e-01
9.223483311059104128e-01
9.094218812838341659e-01
-2.990110351889552209e-01
-3.453231335004560143e-01
-4.305451639985075074e-01
7.242195280009584568e-01
8.515875016643205120e-01
9.234319932239311024e-01
7.650657719362141673e-01
7.339810761129709205e-01
7.407751164754367013e-01
-2.906740159542889335e-01
-3.226444981450877769e-01
-3.110860786874543038e-01
-2.318775096537555591e-01
-3.028252785180042816e-01
7.184426259588707619e-01
8.214946630462707233e-01
6.857869638051162786e-01
-2.765112477435498484e-01
-2.997473754476337460e-01
7.213760006108366207e-01
8.354017116449861113e-01
1.954192394895768597e-02
7.726172111956863819e-01
8.182160565817092612e-01
-3.147243583108746412e-01
8.645538111855642915e-01
-1.274404917137299531e-01
-4.495289069502165225e-01
7.937847033576207467e-01
7.590199297158688463e-01
-1.830630222130761320e-01
7.936579482443344435e-01
7.529519200562725390e-01
6.696278956487909939e-01
9.118929517325008449e-01
9.457760629373880290e-01
1.229880138970448483e-01
9.388456692539339787e-01
6.318383456204015314e-01
9.010742358441470312e-01
7.677462609825785878e-01
7.880532784724036954e-01
8.717132249277924627e-01
7.417547153657773062e-01
-8.807956494567351080e-04
9.614163347900394063e-01
8.585219089434316109e-01
8.572261849167367442e-01
9.170366186638070349e-01
-3.773314522751908262e-01
2.837575082471050641e-02
-1.699805710060436903e-02
8.347977277608830127e-01
1.528981593273360251e-01
-2.558367200796740626e-01
9.110074101463623286e-01
9.146232439013026738e-01
9.234768619830419079e-01
8.551986759973746466e-01
8.635484065450793612e-01
-2.164997664180493830e-01
9.058882201232604237e-01
7.165526341028560786e-02
5.700279194170143615e-01
9.178208948204428230e-01
4.294140343932967285e-04
-2.971815888119089255e-01
9.134310420798834596e-01
1.066171896123838669e-01
4.184782927072096953e-02
-1.226921355367117245e-01
-3.988638056709191138e-01
5.335140277600475961e-02
9.329401058185154971e-01
-1.734888489464680994e-03
-2.085179822078913059e-01
-8.435528213869611380e-02
1.046780617806379599e-01
7.698350838236864835e-01
-2.048162918507201447e-01
2.359576522858667091e-01
9.113917598997546277e-01
-3.694609376321502658e-01
6.638718871279161160e-01
8.808988415373804060e-01
4.160349415597221906e-02
8.560691083089362330e-01
3.151708433854067404e-01
-1.294891729589170426e-02
-1.989142163198586999e-01
8.489265439626516585e-01
9.168288947120996069e-01
7.225684810585002449e-01
8.405071643692403338e-01
4.553352379541771300e-01
8.900968455925212242e-01
7.429143110551017504e-01
-2.239024803341843339e-01
8.205724115446497713e-01
8.854348974302569397e-01
-2.031803903482204410e-03
7.942771871168433639e-01
9.167001380877655148e-01
4.118863663147693255e-01
7.817425977898463385e-01
9.144530609252649045e-01
9.026888767968487270e-01
-4.331090117253827976e-01
-2.631325264808881403e-01
6.598422458258030865e-01
1.659581369915271443e-01
-3.104553886499661353e-01
1.225780355491962736e-01
1.126527347717242861e-01
-3.496227774392585141e-01
-1.567949444417346405e-01
9.314424208872404964e-01
1.189622307722829342e-01
-2.749181016953975987e-01
7.874348287546061309e-01
7.775056843662380146e-01
7.535149327013640486e-01
