-3.349581200242765511e-01
9.146626572445364367e-01
1.304014730214998752e-01
-4.616824361821321443e-02
8.836805839356599579e-01
-3.696141207948612228e-01
8.279380326162507631e-01
9.061810489346350250e-01
8.276621192618479617e-01
-1.826585859994287464e-01
9.321551195749308016e-01
8.285537265217359781e-01
9.151344952653589493e-01
8.180865996776605087e-01
9.180731953535288259e-01
9.512699751512729840e-01
-2.909947048667997360e-01
-1.572667593578009337e-01
8.834670754495965728e-01
7.324527049011810842e-01
-1.674718365150906774e-01
7.679254615382687943e-01
2.818683931364474038e-01
-4.181716376109010369e-01
-8.308605689160747376e-02
8.706457965251359621e-01
6.457423626051780885e-02
1.700098262878048661e-01
-1.945461149483442842e-01
-1.185434396652265548e-01
1.351024290565240871e-01
7.452149318473523520e-02
7.929547509183385579e-01
-3.146062170222491683e-01
6.227035920015687731e-01
8.952347309533339459e-01
9.179228586200378626e-01
8.463667140796500288e-01
-3.885844630679397005e-03
8.962254861850461607e-01
7.876344651409256103e-01
7.469378666317117998e-01
1.186641976422089656e-01
9.139897778699569431e-01
7.238884631141183634e-01
-4.087646022353841335e-01
1.608483093541362430e-01
1.515704170855158572e-01
-2.722463654186260129e-01
7.326839771309682225e-01
9.284259347938046414e-01
8.566261843063004422e-01
-1.629076777693407724e-02
-2.696582558627522719e-01
8.881444934753890408e-01
-2.758266761532219280e-01
9.170872993045404709e-01
8.834172909106204896e-01
6.935110814966052306e-01
-3.547022582397501012e-01
-3.798086765759126071e-01
7.667671389360507517e-01
1.797817345645653930e-01
-8.187477671396679868e-02
3.456989830566419841e-01
8.627672727180921708e-01
4.085376419368438872e-01
7.321297788452526545e-01
-4.594828223549776713e-01
8.889728869074650097e-01
8.653538952261372597e-01
7.950789812046371585e-01
-3.371829768292162743e-01
-3.266059385791328373e-01
9.058269913649487082e-01
8.878353609084435050e-01
-3.273720670792322207e-01
8.829626395983315446e-01
8.790832108824665481e-01
7.877273888222197096e-01
8.292399205164947551e-01
6.201979915208893912e-01
9.205695256496404522e-01
9.219892029783369747e-01
8.595449000414767671e-02
7.723689621773761615e-01
-6.026201277809569573e-02
7.030880935500603002e-01
8.380815864723264452e-01
-4.796654430474403541e-01
1.568905173085915206e-01
8.020156075003603835e-01
8.894122282748460062e-01
-7.022084831282643380e-02
8.584457543312210559e-01
8.176893553524151592e-01
9.172118840525866901e-01
7.537128085183514292e-01
-2.558218580060608316e-01
8.112092427292354468e-01
-8.102548634742462452e-02
-1.332779780151176485e-01
-1.855667742589633129e-01
1.428231798916620165e-01
-1.097911933029215442e-01
3.384221925646065804e-02
8.220832098517494302e-01
8.745709780534777211e-01
8.986879496430777436e-01
9.228865417353085965e-01
-3.343416331735578617e-01
1.102396027896606484e-01
-4.045126270505126076e-01
7.945138702076676163e-01
9.095824479776775107e-01
7.696817305534213727e-01
8.606104158035129403e-01
9.919767239471433129e-02
9.076923805989343119e-01
-4.409049686673323087e-01
7.515795772936977315e-01
-2.737218344517899915e-01
-3.097015141447782005e-01
9.400491834606197195e-01
-3.159990542864767882e-01
8.022515649355971279e-01
8.874633251132580947e-01
-3.613122546037960126e-01
9.367746616550377547e-01
-1.000583286314920828e-01
9.208521838424539308e-01
7.403244946970236606e-01
-2.584216836622510449e-02
8.786476989712931340e-01
1.760634485636118907e-01
-2.486687398705522689e-02
8.984823244339332771e-01
-2.455277535649422194e-01
-4.775391941981878552e-01
7.562370028416981471e-01
8.798370114876180592e-01
2.794931128687746028e-02
7.682699085686987006e-01
6.126875260207321761e-01
-1.724367113866214773e-01
-4.364533044317678301e-01
-1.707861482128820163e-01
-4.412069519006259766e-01
-3.069438494600658651e-01
8.068603143490348240e-01
-2.604996170477574258e-01
-1.069446427010727618e-01
2.968116523645618690e-02
8.879504159269531183e-01
1.957519224692367416e-02
-5.077086296497286544e-03
8.695226628778122135e-01
9.257988990669054896e-01
-2.986125416312069847e-01
8.713925528735614323e-01
7.166267584532501900e-01
-5.484676773424852769e-02
8.589905204912021142e-02
2.435947438651353270e-01
7.722047564145475551e-01
1.142406859785998208e-01
9.037809031961586692e-01
-2.296171865258861966e-01
8.930406178756605806e-01
-4.899950453068027123e-01
-3.460551269052764001e-01
-2.750105292394392498e-01
8.878330787819600500e-01
-1.131036562870495893e-01
7.996567854039433598e-01
8.762316002422201322e-01
9.158047946006754314e-01
8.833051632135592302e-01
9.444850266845009612e-01
6.893966343844634137e-01
8.447758443052917343e-01
-3.883892909106826385e-01
-4.200027738738355554e-01
-3.764331910182828755e-01
7.476933842810671305e-01
9.135135517692277718e-01
-1.267593237271573137e-01
9.425761077874461602e-01
-1.985311666533342012e-01
9.409064516531685518e-01
1.487919146387308433e-01
-4.099665567496331708e-01
4.851713894319382991e-02
7.357791377551954337e-01
-3.605443628974743797e-01
9.019435928037486949e-01
-3.394932257010195298e-01
9.142322648402766427e-01
-3.598988456393912294e-01
9.426469778419992451e-01
8.603285222346807037e-01
8.707706987409082888e-01
8.834943772089408620e-01
-2.278795371247346185e-02
9.020306320443869375e-01
-3.598794441248507892e-01
7.496913201516276493e-01
8.340764750871036970e-01
1.714238528050790814e-02
7.438971864607150097e-01
-2.363802444005900782e-01
7.148721179160714145e-01
-3.084326712737387455e-01
8.993469488128907896e-01
7.377913451615751572e-03
9.448371572059971468e-01
-3.150218905555903781e-01
8.301566176319069568e-01
-1.418051403002029420e-01
8.949027852004157735e-01
9.405548283858189418e-01
7.348118589434489423e-02
9.192990002957356355e-01
8.836202381359160585e-01
1.068660364350646347e-01
1.296049858602564900e-02
8.765165244508407727e-02
-2.457460167963292919e-01
7.817619808072430176e-01
-3.320576841506797106e-01
5.827514324235293086e-02
-4.456653713036779485e-01
9.167147156934269958e-01
2.616498054097485260e-01
1.600923668976531045e-02
8.948750277036909839e-01
-3.214582802029867237e-01
-3.335569235978892710e-03
8.214663022931172343e-01
9.279731524162860845e-01
-5.045377809210990078e-02
9.260494250114972292e-01
-1.186225516678992564e-01
-3.313912108545785662e-01
-2.797343636233148856e-02
-1.869619621477715959e-03
-3.280422240663737332e-01
1.915065752945260824e-01
-1.268536168084905269e-01
-3.995053795144243858e-01
-4.313248959113111791e-01
-2.696304915814354830e-01
8.408494122542083948e-01
8.787649886814323796e-01
-9.603196287882638515e-02
-2.425466837195434933e-01
8.586141524548138726e-01
1.340002241053854515e-02
9.094707290578258885e-01
-4.654898678429895686e-01
6.723230001994191518e-01
-1.124609402289369342e-01
-2.763332261028787484e-01
8.885139577291156776e-01
-2.784294801173600731e-01
9.337416115345017475e-01
-3.648521392438153210e-01
-3.713310129070027110e-01
-2.979668055140891614e-01
-3.315618350128461955e-01
-3.559312689325253576e-01
-2.843692457037786392e-01
-1.703889261197083504e-01
9.023185652872498519e-01
-4.523706395434557576e-02
6.191428871874715689e-01
9.039889147614112996e-01
9.223237153930685661e-01
9.088853245223309507e-01
-8.431062863351367065e-02
-2.220159588184643651e-01
9.324264455650114192e-01
8.558465051511751076e-01
-3.321486116259818044e-01
-2.261098660311969266e-01
9.011568300668538756e-01
-2.205271430393136722e-02
8.465785725678998119e-01
7.935598489674620115e-01
7.003421115880619219e-01
-3.268114034923471078e-01
6.732489135536373626e-02
