7.486250741370401585e-01
9.113871430781228522e-01
2.991625358665576245e-02
1.096133514620176164e-01
8.925003151833215131e-01
-3.806823785428885554e-01
7.708496174299895864e-01
-1.936507493730506013e-01
-3.424636597413596162e-01
8.903063063809789623e-01
5.792384362007099718e-02
8.954388181670577262e-01
8.560161891006673462e-01
-6.319320751833151784e-02
-3.111114442881610098e-01
8.815038986613140670e-01
9.298492405574700914e-01
3.337351205543882815e-03
1.208820890328144160e-01
8.038723963994175437e-01
-2.735525255020641033e-01
-3.692790990834367015e-01
-4.057669856765574457e-01
-2.562552943508626946e-01
-2.099428359036506486e-02
-1.351093405404434900e-01
9.281553113185112558e-01
-2.927683792499392590e-01
7.716900876689806177e-01
7.910381726377248013e-01
-6.127222533763243550e-02
9.246908053032236730e-01
-3.198047459155471950e-01
8.115383645569661519e-01
7.717381624630079706e-01
7.879966051234850166e-01
-2.318810166926226768e-01
8.988061207851008039e-01
-4.536972287738023635e-01
5.655865888212985304e-02
9.058000788261020286e-01
-3.460236508813002709e-01
8.729735777451123058e-01
3.336300103150494079e-02
8.378635477277914800e-01
8.686353550459021688e-01
-3.397688483068827536e-01
9.254789814819870397e-01
-4.765400963603949602e-01
-3.639388073347987751e-01
8.757383704542669456e-01
-2.923696801658628996e-01
-3.256361563893754307e-01
-6.260663916455744271e-02
-2.954626378078736293e-01
-3.743976173936378049e-01
8.905136556467265763e-01
9.089239834279200236e-01
7.735939939270148891e-01
8.381462921759354201e-02
9.067735662932164820e-01
7.702468300001575896e-01
6.714598960873926492e-01
3.990019057754295440e-01
9.060189395453193129e-01
-4.490713585704514954e-01
-2.561523352036645385e-01
9.053521506596481361e-01
9.405872003429197048e-02
9.158472951910981985e-01
3.050856152079158834e-01
7.821669579031838015e-01
7.710506521378600597e-01
7.675076210667099996e-01
9.100199636895509592e-01
-7.367586497759981423e-02
8.603362290429830139e-01
7.546594569122480056e-01
-2.597506627386514388e-01
8.187647097961208154e-01
-1.468361669027354877e-01
8.110536566211414833e-01
-2.784370970573143977e-03
2.342574928277126323e-01
3.081062485111082938e-01
6.639734209102147178e-01
1.262579976534601578e-02
-3.353505933909233239e-01
-1.730614420105915929e-01
7.757289506209289476e-01
-3.182111319948681127e-01
7.549048814434228261e-01
-3.727574002183853819e-01
-3.262306221924226590e-01
-2.953905760995185203e-01
8.910965988048754616e-01
9.182477255881945633e-01
1.653831493046298284e-01
7.472728763596711010e-01
2.200101348369692122e-01
-1.012149060499999975e-01
8.951604305116991345e-01
8.913787065871417448e-02
5.369755542581031160e-02
7.950142497170841205e-01
-3.624575647721401950e-01
7.634964921943737659e-01
9.116937308670034490e-01
-2.518779702095848561e-01
7.619090404025604668e-01
-3.888333466843539310e-01
9.652077684639018273e-02
9.075972756791588214e-01
-6.362024311958482115e-02
1.851799590117090277e-01
9.622720154559355477e-01
8.814710861649417417e-01
9.079378431258804394e-01
5.993390947729197032e-02
2.453113161788538776e-01
7.769568821064455344e-01
-2.462023797100942879e-02
-3.008589598000379062e-01
8.987650820290935538e-01
-2.620731126601807404e-01
8.848533216451879291e-01
9.125913406619921009e-01
9.063815219866817596e-01
-3.218929047001080068e-01
7.378758671042382478e-01
-3.284487031658709921e-01
6.154120629935068143e-01
5.458369192453008112e-02
8.473066828443607257e-01
4.284830415196337616e-02
8.994284752246100023e-01
4.008379045259382462e-02
-3.062132338098083606e-01
5.758628255214075925e-02
5.587475635145505021e-02
8.956970398613279816e-01
-3.110676669682620465e-01
1.757940199435670814e-01
-2.908585973372100897e-01
-1.353683444804366087e-01
1.157851847139529725e-02
8.411650009763557145e-01
4.169333812752881036e-02
8.289134259926329573e-01
-5.878422942795273609e-02
-3.691140994567156386e-01
-2.206612517270264973e-01
9.331774914121497844e-01
1.385384037154783199e-01
8.141014206627044114e-01
-3.192009639170070856e-01
9.011210068312580646e-01
-2.276039076919513515e-01
7.635459030627794741e-01
-4.263641851539857197e-01
8.906430540108593030e-01
8.187124087023027741e-01
1.078130103256612071e-01
-3.332616927831447695e-01
8.498458296421345093e-01
7.512879999116641727e-01
8.928872792847777351e-01
-2.879009831822055832e-01
8.198372378156369711e-02
9.124017828280193143e-01
2.426354254721196924e-01
-3.938592045534882735e-01
1.616334773552784987e-01
7.837826291054198480e-01
-2.929761277345600545e-01
9.151972806449166775e-01
1.455684070563125487e-01
-2.528070352693784217e-03
-3.088731037246611466e-01
8.013737430331822065e-01
6.874053177417359384e-02
-3.759081634380057046e-01
-4.020277425569623864e-01
-1.842813164729943387e-01
8.924032147950629046e-01
1.475215092491946600e-01
7.983826527803224993e-01
7.988761949467230172e-01
-3.802321310936517818e-01
8.836429847844174956e-01
2.324468007673410885e-02
7.760222726782293190e-01
-4.932678359089102127e-01
-4.058588916693997573e-01
-3.098636010019496512e-01
9.510803920488436480e-01
7.607542110346687814e-01
9.258384670517270099e-01
8.051305078263180093e-01
9.022143603508805398e-01
-3.073249399344692989e-01
-3.657322127051804705e-01
1.029354621494600330e-01
9.428433819229768975e-01
2.997822537660028985e-02
-2.996923095399108838e-01
-2.006741059306001163e-01
8.940096337869918308e-01
7.871828499352985231e-01
8.580583275034705526e-01
2.465726203360693036e-01
7.627601454795842617e-01
-2.868795458566125167e-01
7.926073233264634421e-01
-4.308793418129792108e-01
-2.563860703573122568e-01
9.004089748765307100e-01
-8.031828876268017753e-03
7.571522899761561343e-01
8.854479729664022081e-01
-1.897586834441613024e-01
8.945073011471597058e-01
7.688711518370687781e-01
7.162931786024624436e-01
7.678493084386074363e-01
-2.797992191330821443e-01
-9.890946654093951684e-02
-4.872422492817971573e-01
-3.770527505038280269e-01
8.988954021682271645e-01
6.622532899727889832e-01
-3.627997070291211212e-01
5.452502799695474467e-02
7.918200447974071965e-01
-1.118956599229789101e-01
8.267475824446920418e-01
-3.409712477988915413e-01
8.094858939631418560e-01
8.079209328115072308e-01
8.075670628146270902e-01
7.293482202676013770e-01
-2.155892575161866276e-02
1.850409688401079278e-02
-3.602149082768180688e-01
-2.473092514830659838e-01
7.809557138579128477e-01
-1.862027318884357796e-01
-2.035468088183104152e-01
5.766429582807275356e-02
-2.170099542132241655e-01
3.169299138645144398e-02
8.131052828463332383e-03
-3.592684451261395351e-01
8.258675208823186287e-01
7.477652062385868881e-01
6.725901513366051576e-01
8.106104748378143432e-01
-3.494522304647526556e-01
8.807994666120788629e-01
1.581663503301433682e-01
-2.529168697536814392e-01
-1.327719618759224118e-01
7.399328324507777055e-02
7.934072415097924713e-01
-4.307770620111702753e-01
-5.322319575206599929e-01
-3.079752032240885562e-01
9.028329146031917052e-01
9.296910884676100606e-01
8.830034597338332070e-01
7.504404897401495411e-01
7.791713457579052537e-01
9.091040219429014080e-01
-2.719084347668093149e-01
-2.191926297961059034e-01
-2.787970986774105930e-01
-3.603643075222330294e-01
8.463338610641459869e-01
1.026793183499155465e-01
-3.682089936292704535e-01
7.725038977133178442e-01
-3.466817412193352044e-01
7.847287928730394269e-01
-3.948984980632455621e-01
-4.926519848708335036e-01
1.400561848338074677e-01
