9.044003996824003799e-01
8.352491921716908019e-01
-3.861974621135355612e-01
6.903185632180282028e-01
1.206947995795984996e-01
9.212856520377580294e-01
1.280011003672638092e-01
7.772700736679536426e-01
8.913557341255990973e-01
9.167943906633626572e-01
4.727440898393277247e-02
-3.164547471900692188e-01
-3.592647076037172593e-01
-3.693917856246106690e-01
-4.478219687007793659e-02
7.125052905711725115e-01
6.973341292380964562e-01
8.777843308392581090e-01
-3.631787332262888524e-01
-3.568706378525855483e-01
-3.810839323169505355e-01
-3.355155913585135541e-01
2.836478556813726293e-01
-3.860185724667958285e-01
-1.386335659442485269e-01
9.170139989152789051e-01
6.456671817015964265e-01
9.067447878220799007e-01
-3.895696788123770293e-01
8.073202655873669142e-01
-2.937818748697798021e-01
7.637509821114678576e-01
7.283262430696728629e-01
8.915360565582232111e-01
2.397033289160095670e-02
-3.060022063720164720e-01
7.901267415419989115e-01
-4.061216709887147114e-02
1.894337059249982247e-01
8.931076151470492830e-01
-2.793801104235047461e-01
-2.071518042685729644e-01
7.564416740561804575e-01
7.838494758389318307e-01
9.463837641785719512e-01
9.126461797336933301e-01
-1.718167410392150984e-01
7.332728380730558770e-01
7.585688734754769680e-02
3.448025867994627958e-03
8.894889473571484517e-01
-1.556323164115601121e-01
-4.448159738908820104e-01
2.260480200875831236e-01
-3.210751549632387958e-01
8.938756358154074100e-01
-4.624211365324842893e-03
9.176454441903360015e-01
-3.958194798268098169e-01
7.652837495598228124e-01
-1.971237075989079601e-02
-3.160727448845104259e-01
-2.136057680830255323e-01
9.139848129459567927e-01
1.808211298166750580e-01
1.059484224208604997e-01
8.796135232809610960e-01
6.943484924495391120e-01
7.589892319995977799e-01
3.478845462355627249e-02
9.045244240131928848e-01
8.835786325131954611e-01
-1.727012508892398490e-01
7.775033716254456939e-01
9.303202209727121086e-02
8.391682794908028598e-01
2.141461700663041534e-02
9.239690021434108225e-01
-3.668761567578749938e-01
-3.909588747035364631e-01
-4.710980258536250076e-02
7.747223811093107981e-01
8.864461926318789597e-01
8.264541237470850454e-01
-7.104755562300814342e-03
7.697043311614545358e-01
-2.636682054611895754e-01
-4.567594963779253447e-01
9.319647320156830839e-01
7.676873578386053110e-01
9.036186431738525426e-01
5.762490796109358548e-01
8.939218233696455407e-01
9.290222118106173932e-01
7.102821872705937789e-01
7.493219258243449810e-01
-6.704322560869124814e-02
-2.473387679199166300e-01
9.035715568368773987e-01
8.858391334163522313e-01
1.632252920989054612e-01
9.136948652265213244e-01
2.000116816236098272e-01
-3.723722349569522083e-01
9.038550646161820357e-01
7.894550519720674453e-01
1.835343411178440853e-01
-3.932263557872188176e-01
9.496067670592698295e-01
9.445585663629136874e-01
-3.815823495377188013e-01
-4.317954341106159943e-01
9.170157757366783624e-01
7.769252022232617794e-01
-3.159351513242917298e-01
1.922358261273579561e-01
8.371909363654935765e-01
-2.371462011862610630e-01
8.766148619485428783e-01
-2.801991407605669004e-01
9.017838104629193330e-01
7.822672808667744393e-01
-2.815502705300731434e-01
1.417518462682172409e-01
9.033982220422922538e-01
9.136519532299260948e-01
-4.018544660093286702e-01
-3.057578136336280838e-01
9.378906229140717699e-01
2.062351644715775534e-01
-8.662564624706448058e-02
8.828307566320106048e-01
1.112621594661265811e-02
-1.033781212862282944e-01
9.400151669494917206e-01
9.179743267169944154e-01
6.214935075529172404e-02
-2.608810330731942684e-01
-1.264564258127784391e-01
9.079669655417036411e-01
9.151710598424832588e-01
-2.539637810788697436e-01
9.018033654236620178e-01
8.252493465997162714e-01
2.813007404057038530e-01
1.641875118450153992e-01
3.573099485107738421e-02
9.072722583897454562e-01
3.527572622355791554e-03
-2.532391226321488165e-01
-2.424698094464498299e-01
8.631699017350855652e-01
7.812044052847049169e-01
1.696179774642955079e-02
7.213935340153611042e-01
7.858039992394363349e-01
8.396793654362284531e-01
1.772450600711726332e-01
-1.910476897273963026e-01
-3.156268783614322310e-02
-3.638379051671307707e-01
7.131356335559122517e-01
8.086008448514213631e-01
-2.447886150891440127e-01
-3.282067323205530851e-01
2.664350753349533640e-01
7.415660571834208348e-01
-2.001824200280361565e-01
-2.830959656897205634e-01
-5.283210808064323777e-02
-3.274044253857059661e-01
-2.816675355585256391e-01
-1.588923089792282015e-02
-4.496452303476850543e-01
8.283474168076651045e-01
7.187627826062709113e-02
-6.956566765678648401e-02
7.550540080828201939e-01
8.771720040423665044e-01
-3.545648764875829195e-02
9.117517105483404771e-01
1.693803657273503308e-02
-1.278442843028379516e-01
-3.271937481304857398e-01
-3.043203334122022152e-01
7.940326341499419627e-01
7.950269217580320236e-01
9.497360535572954010e-01
8.300636952415099135e-01
-1.211625928472571667e-01
8.902638613913922416e-01
8.350715160261142911e-01
-3.475764028068176748e-01
2.825750562366771690e-01
-6.088432487576186242e-02
8.353357575222245535e-01
9.010967120414824505e-01
7.974018232006636620e-01
-2.491095000590592135e-01
9.150843266398521747e-01
-2.136032129391781664e-01
8.320474632356233968e-01
9.402370440574051580e-01
8.224871807037014149e-01
-3.084306084748935084e-01
7.790820915492108201e-01
8.269933428271635245e-01
7.991676161228842279e-01
9.150936175937346428e-01
7.548928689156488847e-01
-2.694942403481397353e-01
-3.473768643886877561e-01
7.203804665509803140e-01
9.282847096885558091e-01
-2.529338603046041856e-01
8.365126548294826714e-01
3.145915716704766885e-02
8.128625610167219406e-01
8.763301174775599556e-01
8.947954281659604714e-01
-3.135563925308268440e-04
7.355622082547099705e-01
5.481696966845367447e-02
9.565747889782294511e-01
-2.549843111692221553e-01
8.043144648181512757e-01
7.166281981913621424e-01
7.599831251605705384e-01
8.910781974748731571e-01
8.538922154936825493e-01
-3.360868893918800282e-01
8.187349689970181421e-01
8.774253932397171329e-01
-2.960256156371753322e-01
7.795457956721680848e-01
2.142891016238173962e-01
9.339171548758727903e-01
7.461212571000187532e-01
-2.529561588834132735e-01
8.675182541962791483e-01
5.526378714904418149e-02
7.801669930242192130e-01
8.244693897117241210e-01
9.117019542324849013e-01
8.650155276052537423e-02
8.813422873308927041e-01
-2.475744295361385905e-01
-8.096546612618812921e-03
-4.372336663785093558e-01
-3.039089584541731504e-01
7.105560911800347101e-01
7.661761203732092573e-01
1.715880361368633256e-01
7.224617776959069149e-01
-3.366499534816569383e-01
8.842989611140076311e-01
-2.145183858177893699e-01
-3.039039572160465719e-01
-3.426891875656848385e-01
-2.853533905183087693e-01
7.081914552467761803e-01
6.835906029629579272e-01
8.477778754829859431e-02
1.935658895347775951e-02
-3.429311884210226036e-01
9.121333082875142662e-01
-3.084529587685633234e-01
7.825389533113770169e-01
-4.478819790893790453e-01
9.101133652934432217e-01
-1.391360632344279535e-01
-1.669302999490832606e-01
7.143111472635012005e-01
-2.977391882687254188e-01
7.688785723504025782e-01
-1.168808945598734383e-01
-3.474387472303334112e-01
-2.116200980583237135e-01
7.630542412957608267e-01
-3.181689632781535271e-01
1.736367921676758297e-02
9.068906989364661220e-01
-7.540865069572405543e-02
-2.676258035482100839e-01
-3.341368196474030217e-02
-5.557179192006031498e-03
-1.573311581212924470e-01
-1.202858260750020725e-01
6.450759119309129597e-01
