1.440988571234769200e-01
9.151566099148886746e-01
3.490108521938238284e-01
3.613079574686708928e-01
-2.010693792655217083e-01
1.021939343889460422e-01
6.803400743542903362e-01
9.065444207231720952e-01
-3.676885899087393161e-01
9.153222209377946950e-01
2.811175660432160828e-01
-3.915655766004794147e-01
2.028352795474887560e-01
9.397731855210816887e-01
-4.002927430258329533e-01
2.330757121668982079e-01
-3.242954736450707753e-01
-2.418120474010511389e-02
9.146745239422368057e-01
1.097602848083450156e-01
6.442205377552114864e-01
9.197442732206573268e-01
-1.439839435062889583e-02
9.063940163991845989e-01
-4.097956391869793102e-01
-1.914317152910390285e-01
8.089586622872323440e-01
7.556118311964959977e-01
-4.340240126501308526e-01
-1.291507686529639320e-01
8.439572709249028026e-01
9.065848780870654489e-01
8.012187045041172517e-01
1.271440664209800009e-01
3.998097130655110798e-03
8.849782226829960852e-01
9.351111079322349529e-04
5.583424414165175653e-01
-3.135112143962313080e-01
8.934356656705493283e-01
-3.662108147687915816e-01
-3.229442907142788255e-01
8.321245758424524741e-01
-4.611428111580737621e-01
-3.743885431246072315e-01
9.358437763810267818e-01
-3.359561924354348417e-01
1.500007247390473530e-01
8.898948010623293214e-01
-2.860400180799375081e-01
9.287004873783356595e-01
9.261556567595770062e-01
2.849569912752334955e-01
8.326441280882987961e-01
9.034454533206676130e-01
-3.642497577241082807e-01
7.857442552727468277e-01
7.104639052341200633e-01
8.873146359776785674e-01
2.665638365428428247e-01
-2.876676941158146650e-01
2.684563020792916227e-02
7.012711115355746427e-01
8.082712809062717607e-01
-2.132316390183834620e-02
7.609233637956285268e-01
1.651157785364074093e-01
3.387064230181258129e-01
8.289136312588684108e-01
7.295019075015558574e-01
9.655783419292428282e-02
-7.565533762343160107e-03
9.039872860237302410e-01
9.122382688448863464e-01
1.422825265834262165e-01
-3.270228170549790980e-01
9.197608884028611875e-01
-2.965951863684200829e-01
8.008989014855885102e-01
1.048679294522154581e-01
8.052715839237181150e-01
-7.585342736706891797e-02
7.900277851137175178e-01
6.378378715928109122e-01
-3.655184065504996638e-01
7.270786796478739822e-02
2.525677403125715925e-02
7.747835977322903300e-01
8.895090795283799867e-01
7.913402710080369440e-01
8.216838900318307326e-01
9.021783167766356248e-01
9.154658199328612467e-01
-2.718644918526059717e-01
-2.886126168278146387e-01
-2.821615573873205163e-01
4.255893731289651927e-02
-1.062087360812572628e-01
1.418355720367479589e-01
-2.044977966875788367e-02
8.244273751688178109e-01
7.995810954934129411e-01
1.740924722903731681e-01
7.480263058777333329e-01
9.005771700710865080e-01
-3.382186982637501171e-01
9.287686458399775358e-01
-2.138769336898951878e-01
5.642423877498824875e-02
7.129268907920364162e-01
8.972401805514703677e-01
2.563232659518177026e-01
8.054712383797106856e-01
8.971709596593731018e-01
-2.716440964038482897e-01
7.788981544880566599e-01
-4.083594033132722512e-01
1.031973750759000025e-02
9.090572575137219058e-01
-2.841312646825840393e-01
8.879902191077319040e-01
7.470560792382616722e-01
9.083674380242370283e-01
8.216155214468685575e-01
4.765023715137890747e-02
2.670586169933910625e-01
-3.200245332972343482e-01
-1.620959460909525141e-01
7.184817735308940412e-01
1.435329996145436882e-01
5.830899191924293623e-01
-3.581854541126804903e-01
8.404249327306799744e-01
8.339512522327088284e-01
7.061174332539764675e-01
2.091936994028630870e-01
8.961038648417093411e-01
7.751179906817214915e-01
-4.401893564194990227e-01
-3.076543626528036590e-01
1.169618175429685686e-01
8.346403721447863411e-02
6.927092401952386069e-01
9.066696732548971127e-01
8.331792368626516065e-01
2.277007991486469929e-01
-4.477254401954065821e-02
-1.457427163203229570e-01
8.614518044434488209e-01
-3.583334758687301558e-01
6.396452203675014880e-01
6.760966759764365230e-01
9.387631530921652923e-01
9.057514257618859421e-01
-9.329394624504050437e-04
2.028033401584046769e-01
8.334494744512876974e-02
7.860514009737182839e-01
-3.310192402294837022e-01
-3.346704267876814132e-02
9.121910077570306585e-01
-3.818135808936606868e-01
-2.226377099216778066e-01
-1.012019058132832688e-01
8.880242089423914242e-01
1.422995571272594462e-01
2.213636763538865404e-01
-3.163432786812321873e-01
9.082205705448832544e-01
7.455139634544170057e-01
9.296958602467815247e-01
7.739676223275492317e-01
1.405112147985280724e-01
-5.662080618489585826e-02
3.274826054854976243e-01
-3.770880640794869176e-01
9.297586022066881561e-01
9.267576470755947149e-01
-2.158565301475734999e-01
-1.854782404772264276e-02
-2.988466460809707792e-01
8.594764090626183517e-01
8.307672399915202455e-01
9.072648610966925764e-01
-3.476990788067618743e-01
9.373626466599243034e-01
-2.335254085175839101e-01
9.117916444391466202e-01
-1.317940366367702509e-01
7.897505477808688390e-01
-2.098216625012324088e-01
-2.814354259634044841e-01
-2.663743140486597993e-01
-3.173496941951123862e-01
9.221654340460413435e-01
-2.002596782405558495e-01
6.947806722537406277e-01
-8.409168189436790758e-04
9.868708893209995892e-04
7.311760646095241123e-01
-2.819979222361173599e-01
6.127864547548556029e-02
-2.787497612364287503e-01
7.520751618738082123e-02
-4.571638391793598766e-01
9.014122238174349100e-01
-3.250599609818781710e-01
8.762645257052688319e-02
-3.651655973211526129e-01
-1.352698399379077820e-01
8.942557311328476199e-01
8.565041239597673828e-01
-1.198001470478683717e-01
2.068266750841932788e-01
1.121741478752238397e-01
2.618366386502924900e-02
5.564053538897102413e-01
7.578844577969028329e-01
-3.176544275832023922e-01
7.862391294498959349e-01
-3.115192703023976495e-02
7.740386167575837861e-01
-3.930841156154877281e-01
8.267879261690966874e-01
6.874210268401743651e-01
8.433393769170308696e-01
-4.120627161997119647e-01
9.122116633392185481e-01
8.492178977058831846e-01
-3.881388879993470931e-01
8.475649067761970024e-01
-3.142866964244349082e-01
7.616878523509663657e-01
9.331296913149268457e-01
4.301549298811294664e-01
-6.885901861458076922e-02
-7.094513717494060900e-02
-3.799088122934010658e-01
1.960443935626429712e-01
1.433573793699330912e-01
-4.437673883443735146e-01
9.332195251168677874e-01
7.896572494348974569e-01
8.070051574985941389e-01
7.113149053979545000e-01
9.152373676325926688e-01
9.055426704205892241e-01
8.861427227457280287e-01
9.281878569280803681e-01
6.929258535294501309e-01
7.854525170590861416e-01
7.941104966870431436e-01
9.451873993457132750e-01
1.063075399989295983e-01
-3.412130013470352496e-01
8.419252375036330172e-01
9.121147019394055810e-01
-2.967488432005198629e-01
7.939287323694411702e-01
8.994711246332249832e-01
-4.470705109083007445e-01
8.058031062146523427e-01
1.933199771073101925e-02
-1.393352610622430182e-02
-1.026430317179613527e-01
-3.292762528661024590e-01
1.078516598258048576e-01
-4.299360750955905086e-01
9.043332695513972563e-01
-3.387828349479223844e-01
-3.091555949137560488e-01
-3.240391132288750198e-01
9.480036327213681169e-02
-5.011953657792641570e-01
-3.157843920956406314e-01
-2.990790157186272724e-01
8.737744440066858020e-01
3.859601380262442372e-01
7.791620046940193056e-01
-3.124959222216657229e-01
1.190592479412185822e-01
6.921914999835117044e-01
9.056325493049488529e-01
8.912862801802757806e-01
-3.467599272188842119e-01
-2.492959986237596459e-01
-2.978342400371185583e-01
8.762273658844229596e-01
9.044908244236147254e-01
7.118440190066103179e-01
-8.526227334682148773e-02
4.398173607739498392e-01
9.165499767236839901e-01
7.298341988432912597e-01
8.968090159059698419e-01
-1.543368373466336152e-01
8.748153674991566708e-01
-2.983748641935698442e-01
9.091718368938698225e-01
4.868510744177404620e-02
