7.368283324098579001e-01
2.040542548069865236e-01
-2.272135336864348765e-01
-5.124059085591585738e-01
4.492126904227222717e-01
8.341524719954941380e-01
8.683348912103436290e-02
1.867105108030665817e-01
-7.292479390949713203e-02
1.491327644205695524e-01
2.943445426117742292e-01
8.477582856966339175e-01
8.528121857535462258e-01
9.104716859445030064e-01
6.826136795980991545e-02
-4.206048301741093232e-01
-5.603757191806094107e-02
-4.551315150151841182e-02
8.728673272578703068e-01
8.213081857375029715e-01
8.282228593632446900e-01
1.975589141550635475e-01
-4.717214996894541351e-02
7.172023384288512826e-01
7.336387620976392299e-01
4.804506327584424086e-01
7.473379730331815018e-01
3.010131465019447727e-01
1.144724798673007055e-01
5.391081270878839149e-02
5.404425491823287020e-01
-5.302475947465642436e-01
8.967954131871234136e-01
-2.261065197146577277e-01
-1.335938211160003497e-01
4.140834915860448495e-01
8.388133683614391600e-01
3.615623780685758154e-02
-3.885689648631407422e-01
2.153531151211988126e-01
3.142642997044330089e-02
9.043145173871640630e-01
8.218519902202354732e-01
-1.426248535193599953e-01
-7.073652316892341252e-02
-3.036224356746760056e-01
5.601719299304742244e-02
8.155205875457065545e-01
1.912645915762219706e-01
8.096486095468715671e-01
7.091219500859795577e-01
6.644101683156236615e-02
6.449043425124661999e-02
9.315348353510429780e-01
4.973766189581063646e-02
7.843669670643425018e-01
-6.129920267694471264e-02
1.911451782523840293e-01
3.932733386235564010e-01
-1.858004479121238006e-01
-3.894705620705808391e-01
-1.205066294587896630e-01
-1.013753911118502465e-01
2.021321761753548940e-01
9.514716101090701927e-02
7.197223104378941416e-01
-4.542844214666615921e-01
2.526787411531463690e-01
9.005114085346364039e-01
2.484491971487150230e-01
2.309355776722606945e-01
3.486281563325145938e-01
8.235559431934658114e-01
-9.899283799702626729e-02
-1.725947514630811197e-01
7.799529621084184683e-01
9.490359747758667641e-01
-3.395489121810884026e-01
-1.054314607501118523e-01
-6.013746216532640104e-02
8.063156604016935569e-01
7.014682888411241102e-01
6.832394078608305943e-01
-3.403116795767809899e-01
4.763254787187816142e-01
-2.393375062387165797e-01
1.229625503685895654e-01
7.617855761199325837e-01
7.465935824673054777e-02
-1.606779116091294757e-01
6.813491455572098232e-01
-2.410834852774328962e-01
-4.424832153193475337e-03
9.066314723477232329e-01
7.508834122372832764e-01
7.658684714698964502e-01
8.130681657536469320e-01
7.076812205747680107e-01
-4.372128573576422594e-01
7.363831848620667753e-01
8.129041499428049100e-01
7.392942069671387673e-02
2.112049889782517120e-01
8.974473050211254632e-01
-2.995800686416305592e-01
6.976727475082111773e-01
-1.719041881336658417e-01
-2.963707963162551806e-01
5.385528621628254964e-01
-3.682446954270075512e-01
7.913819868851363903e-01
2.569469511797995431e-01
1.061325677191760630e-01
1.012248363424033959e-01
2.579803895675891190e-01
-2.098814285979100913e-01
7.546578377589868714e-02
7.990022568009234050e-01
-1.807447881041011617e-01
-4.780808060057165632e-01
8.901863140891964621e-01
3.440458218286054914e-01
-2.838514161573099104e-01
7.064294714134187192e-01
2.063058005419963342e-02
-1.220316441311148914e-01
-2.349184374966085675e-01
2.457101275808165342e-01
5.286657393019336681e-02
-2.273991601333209822e-02
-1.153733569910140866e-01
-1.817744977878282819e-02
4.338811676915831361e-01
1.693143551965298477e-01
-3.470859356147168451e-02
3.556617259016688765e-02
7.274016659961317632e-01
7.189002348710363810e-01
8.389397037707732041e-01
-9.609273408854435150e-02
5.403039714798407722e-01
-3.698571000752509108e-01
7.454351809283710217e-01
-4.170522749344986457e-01
3.969766024381024550e-01
6.728502149783227582e-01
2.340527193352634483e-03
-5.646052797264596718e-02
8.654245835159829481e-02
8.897435309155208305e-01
-4.670709972280953082e-01
-2.677969710462396735e-01
1.655255432430721430e-01
-2.664168909709150879e-01
-1.759960652500531242e-01
7.495149253629649344e-01
6.548147729859046251e-01
-2.414588747672971880e-01
-4.105870742684829544e-01
2.272366561618703248e-02
-2.081909392561386851e-01
-1.703063457442018369e-01
8.024993999912647391e-01
4.500425286606287573e-02
-2.743474795739203609e-01
7.832139073247873506e-02
-4.833665907647896054e-01
7.519094418305607985e-02
9.344459689355141818e-03
-3.398906480123097262e-01
5.961121558107702612e-01
-2.936549167631588020e-01
-5.124059085591585738e-01
-3.314877667834234543e-01
-1.516038491012978162e-01
6.817626555836477920e-01
-7.398530633963831815e-02
7.240883058559868801e-02
-2.213125084749677784e-01
9.720735752037124033e-01
3.851832738518955884e-02
5.016556419005295808e-01
-1.036014068514525543e-01
1.989797872525726763e-01
9.474543479439654359e-01
-4.523446697178443165e-01
3.624172786433648569e-02
3.900501554188817721e-01
5.132073650547010202e-02
7.577753827505540052e-01
7.991809931344616702e-01
7.906023025220793032e-01
8.448995222625497181e-01
7.794748588874911288e-01
-1.915638271831389405e-02
1.008602148143301486e-01
9.460216900597066825e-02
-5.547885323991822576e-02
-3.821673099178274358e-01
8.616818635389509318e-01
-4.816086694360133258e-02
1.860484350023745570e-01
1.619360718913293862e-01
9.228993940199703427e-01
-3.107446602463496133e-01
-2.403626131419460688e-01
9.453091839889893322e-01
7.852850930780579386e-01
7.223277974383926492e-02
8.212793268325917495e-01
1.864193074858436494e-01
8.121595014572529081e-01
2.235562105379343967e-01
4.701322479732616411e-01
7.690370805007509247e-01
-3.237556848323055458e-01
8.845816963276922351e-01
8.636118969456310079e-01
8.846956477121561413e-01
-3.330896813856437100e-01
9.304263778095920312e-01
7.330005358387972070e-01
8.966496268328486008e-02
7.142101620039684740e-01
7.408694633747908709e-01
8.501298639697671966e-01
8.298227010410199611e-01
-1.090855341655487254e-01
-1.426301358803388486e-01
-3.090211693577493007e-03
8.233082061673148155e-01
-3.909362211169543633e-01
9.258143420348474706e-02
6.547070953865747889e-01
-1.071958700316858609e-01
8.815868735235546927e-01
3.366965791033156852e-01
6.952851087048919076e-01
9.054895500925136398e-01
1.616375809762819471e-01
7.213714314923033166e-01
7.700551725176472129e-01
9.118583946387857075e-01
7.498340673885177665e-01
2.687151416908600265e-01
7.350466422387487153e-01
-5.121273824314550582e-01
-8.767808558507408923e-02
1.502797579260521377e-01
5.995493650144133324e-02
3.854775973639241737e-01
