8.767070453156939891e-01
6.680936646875514917e-01
8.255356663550572627e-01
8.790674329352061722e-01
9.163224163191447946e-01
6.153505549513893502e-01
5.348401767552015684e-01
7.025793517472518346e-01
7.357645468246367670e-01
8.990198233672435091e-01
8.887188120827893556e-01
8.938139737289891862e-01
8.652999617405051636e-01
8.786565551834151222e-01
8.060505289527601924e-01
9.517992428112482806e-01
9.038036783368454952e-01
8.201367279662563625e-01
9.771948541545016909e-01
9.053765152135198058e-01
6.498886158788599321e-01
9.710573904103650955e-01
8.378951455937988513e-01
8.061505869842970906e-01
8.227434434822764597e-01
8.790716402510725391e-01
7.910180108797115750e-01
8.881375775735242950e-01
8.883575316344736184e-01
8.040792800707703414e-01
9.444986834721640356e-01
8.281986063619203309e-01
6.962786795750204316e-01
6.727096934405405460e-01
9.452914574991018171e-01
9.197652667453639630e-01
8.027513368172412012e-01
8.890662084240668062e-01
8.607513097343306718e-01
6.971050936095757322e-01
6.924731083108959240e-01
8.918595160666262789e-01
8.852529516420875044e-01
6.324993226500352783e-01
9.304438738235808470e-01
9.308856129126938939e-01
9.580545124776929100e-01
8.031741555395760512e-01
7.759539338091155924e-01
8.970174514393391973e-01
9.345676657996290215e-01
9.761267209045472182e-01
7.504096045583814600e-01
6.983682477034575120e-01
6.755162282211230051e-01
9.118963596196284493e-01
9.091535917398758659e-01
8.729199224042905048e-01
7.759801918078168548e-01
8.353750592108247774e-01
8.615064664376475001e-01
8.316138621537227937e-01
5.560429114581066923e-01
9.547008582478689886e-01
8.453015561130352573e-01
8.843287863102633484e-01
6.086494208286439278e-01
7.160765923582816939e-01
9.047870424520364496e-01
9.145958000417560019e-01
8.363898706919478121e-01
7.937287714251848314e-01
9.051974763914210076e-01
8.060294750569343414e-01
9.098893940007819481e-01
6.673219044486540241e-01
8.381769821864952785e-01
8.484872518760406823e-01
9.888189474154706060e-01
8.741516631449450792e-01
9.407298986213559200e-01
9.262736383530176809e-01
8.045989813879581565e-01
9.468079473185464501e-01
9.193000318799082748e-01
9.522342598474047293e-01
5.634110749380740746e-01
7.697298707883364344e-01
7.001359450594462075e-01
6.528075968360016468e-01
9.095555526170573390e-01
9.283357544489656554e-01
8.587213024410238482e-01
9.227023736950783483e-01
9.415102241707997699e-01
6.554177544421521118e-01
8.355031790070097664e-01
8.398909159341390041e-01
8.610563624058502619e-01
8.804308731319855363e-01
9.474017193554460370e-01
6.667080819617245968e-01
8.047751635868878317e-01
6.556536356495028528e-01
8.202956978347469841e-01
9.128690674969999197e-01
7.372210408853916430e-01
7.940645671275814443e-01
9.441157425583240892e-01
8.917826039560389217e-01
7.765676933877582178e-01
7.559116316704987959e-01
8.768452882293523709e-01
9.470027098128532828e-01
9.280924310390545884e-01
8.504174479640956852e-01
6.995672679677440442e-01
8.187958675858155733e-01
8.845076751359466360e-01
6.424715771229591033e-01
9.241164630818003989e-01
7.958038608708324357e-01
8.831654701519038309e-01
9.221409835910822084e-01
9.348256076133587555e-01
9.667518209012557762e-01
8.166005289786162358e-01
8.902510196865495162e-01
9.162525787738198257e-01
8.415864792688401153e-01
7.696302000833593615e-01
9.584272558067403747e-01
3.879325482606660325e-01
9.187394078293557032e-01
6.813488786442338796e-01
4.488318039310165153e-01
7.776344754505015722e-01
8.872621256336759021e-01
6.157511094945715691e-01
9.059682666974966381e-01
9.202057810018368089e-01
9.044194279556292404e-01
8.433683829661329234e-01
8.480537659211013768e-01
9.108880707851398917e-01
6.139674351110997463e-01
9.043000923839978888e-01
5.300070350958068222e-01
8.526297866567393857e-01
9.679045047388041834e-01
9.131019370840307570e-01
7.575733528300057085e-01
9.344578994845418318e-01
9.078045187809962169e-01
7.357666043840715986e-01
7.949930362535411188e-01
9.428168042883776634e-01
7.800958057159962378e-01
8.920318958440203172e-01
6.958359838067642578e-01
9.293626553695026882e-01
6.532881285499237967e-01
7.905152610685762804e-01
9.061612551127914417e-01
7.868040760235261999e-01
9.669856145014853466e-01
6.737365778699683228e-01
9.148470114417175392e-01
6.889986777071890334e-01
9.504283424100409272e-01
8.431720133322750943e-01
6.681197521958437413e-01
7.369131081814299655e-01
8.918921447869612162e-01
8.028680592714192432e-01
9.663241198648602204e-01
5.725238247830246596e-01
8.981159504942897165e-01
5.727835142599946305e-01
7.142993210213233191e-01
8.138097485325062053e-01
6.259294108973620929e-01
9.003151431217428780e-01
7.372710830207702681e-01
5.162875799923054565e-01
8.448998647986827315e-01
8.531442817080208130e-01
8.658872879089585251e-01
8.670241019992914744e-01
8.824651960780331983e-01
9.107726184843303319e-01
9.531840912033461288e-01
9.698393858334082296e-01
9.711358535550376203e-01
8.431790033340421653e-01
9.253191622513239345e-01
8.524333122976188726e-01
7.909886777676885528e-01
8.115575772374608032e-01
8.454196514023666342e-01
8.940634510570948379e-01
7.933247285523561398e-01
8.660115926719322843e-01
9.205278825066927073e-01
7.885286833595970268e-01
7.709224261451390614e-01
7.638432303774067567e-01
8.437209137222272393e-01
9.516292599929163654e-01
8.811377087644612915e-01
9.761526114623155781e-01
7.731377061951876239e-01
7.244634547582600170e-01
5.330743844391998554e-01
9.133949920995787508e-01
8.269742559537306414e-01
7.615748434862301686e-01
8.944138512288561937e-01
7.424254384968818066e-01
4.357600998860375885e-01
8.941030066162539702e-01
8.085237972071913637e-01
9.223859660701148044e-01
8.065897898858036541e-01
7.699380293961954891e-01
7.816872251450717179e-01
8.399248444841997951e-01
9.556253238126523053e-01
9.419160868773649442e-01
9.439188653071410862e-01
7.189338395793885006e-01
9.147370863786394857e-01
8.920964253898919782e-01
8.742785250266186248e-01
5.571184366302021074e-01
6.498007846823686817e-01
6.910122437809218532e-01
7.260488548358230432e-01
8.162372409242200089e-01
6.184512584542407598e-01
8.608811855891429499e-01
9.419062442266159518e-01
3.363153994635502131e-01
9.192798767665703030e-01
8.791256796847417565e-01
5.596689013031834747e-01
9.704341797891899990e-01
8.848959212539120323e-01
9.563578097307232628e-01
5.307874079020103997e-01
7.258259284358939967e-01
9.216752558335686851e-01
9.371531582057891496e-01
9.351100767609286102e-01
8.733929532530412265e-01
9.457273646270678569e-01
8.943618095319820771e-01
8.122584943083717146e-01
8.324567860033391664e-01
8.377111952480286172e-01
7.203242822051784122e-01
7.218651187093931831e-01
7.191771811286730154e-01
4.859472758951744464e-01
8.507306290579437213e-01
9.697984068952106851e-01
9.101862756146767985e-01
8.422743715952913934e-01
7.625029507406374529e-01
8.266035049366400322e-01
9.407750443674440799e-01
9.251867299906082476e-01
8.714355027706970347e-01
8.802390929390619956e-01
8.239704651955561676e-01
8.625018958951156112e-01
8.578321195653945130e-01
8.178820159198509909e-01
9.422304085467150259e-01
8.265795420199398835e-01
8.085348076577896226e-01
6.725630081720734843e-01
4.837811153067160808e-01
8.862210812767983281e-01
6.407139418014555776e-01
7.238261983362241914e-01
6.837809601084640088e-01
7.038086609352645073e-01
7.995356905076267395e-01
9.557287964821701287e-01
7.915646281648105465e-01
5.552113047406459501e-01
7.958362472545696953e-01
8.612088821943015837e-01
9.038633641317888046e-01
5.738435013429978859e-01
8.462289710106070117e-01
8.550192125369723284e-01
6.786662437296647754e-01
9.214878766770309149e-01
