7.191013537178680970e-01
-4.512008596066253152e-01
7.957412247048665233e-01
7.493966746267199941e-01
7.089588196490705929e-01
-4.227366608927514147e-01
-3.846291992872797882e-01
8.147504651621173544e-01
-5.223297400416542224e-01
-3.882095262981869466e-01
-1.912467294813116891e-01
8.344541868986372624e-01
6.406494323842530925e-01
6.279941282614612819e-01
-2.685252200067407835e-01
6.178445984617972897e-01
8.253680395840587991e-01
8.092502054748504925e-01
5.792852112573010359e-01
8.064959226140029358e-01
-5.362309541327363593e-01
-5.567365062607914084e-01
6.051044520497355084e-01
-2.398533868795899304e-01
-4.747400338610746617e-01
7.035505082290998136e-01
7.806611340511608876e-01
-5.543591498223365832e-01
6.850398689453307544e-01
6.528272597835071966e-01
-3.453752268239589918e-01
-2.063236132801490874e-02
3.791107921859331320e-01
7.295020422381337522e-01
9.143741840647392483e-01
7.217265790134284043e-01
6.988961007645591028e-01
9.957162722989590931e-01
-4.269661230314170108e-01
-1.976744613669184636e-01
-3.833086654531366877e-01
-4.377612896792551500e-01
-3.489890075135699266e-01
6.029185607878601028e-01
8.241951689238673495e-01
5.005138955004443391e-01
5.707709111873565666e-01
-5.003207149319242042e-01
7.317723672867587625e-01
7.404111830199150424e-01
7.766438526269224818e-01
8.144375213077263975e-01
7.449069636521048476e-01
-4.187157425343395745e-01
-8.569267328350968493e-02
-3.126937775285796306e-01
9.213897451755344026e-01
6.556579596410392341e-01
-1.486282662996629977e-01
7.455643407693007818e-01
7.532455709446217451e-01
5.762734199266839052e-01
-1.300997070656134125e-01
-2.736853031515706913e-01
-3.839736472044277260e-01
6.589501718283652387e-01
7.802051545461459181e-01
-2.505616699816721749e-01
-3.896909990481670638e-01
6.106139173871426573e-01
-4.843105564181598988e-01
7.956344756229353221e-01
7.164280397597115879e-01
-1.171474931064761110e-01
7.587860392686427424e-01
-2.921534126087564909e-01
8.077397732698028410e-01
-5.487226555336289779e-01
2.480390968781069627e-01
3.695282226020257799e-01
6.227619328479974126e-01
7.873259752447481219e-01
3.538212143085273653e-01
7.142328766355481307e-01
8.704416931856491235e-01
6.940055474136106461e-01
-1.997073732525088408e-01
-4.971079453352980626e-01
6.473034507362657175e-01
7.197602011329482519e-01
-4.619289928060435479e-01
7.451694632913503646e-01
7.547081706946414670e-01
7.001842544795080503e-01
8.160846688702007024e-01
9.834864356185386569e-01
-4.184734453287355938e-01
-1.436580684703923638e-01
9.346989025004566187e-01
7.214830761374905199e-01
-5.339601507053064466e-01
1.151761919661895284e-01
9.004259461899191130e-01
9.845953899933090891e-01
6.759543411162908244e-01
-1.640528381857364604e-02
6.156770229034842501e-01
-5.467369758612550257e-01
7.597847190446949117e-01
6.735101925171307347e-01
-2.101533571433143732e-01
-1.447949353958669083e-01
6.984149996884617684e-01
1.270107917949803711e-01
7.273639497808224164e-01
-4.703222215430263864e-01
7.681820733971006510e-01
2.882101171304571885e-01
-2.082393448004097869e-01
6.952141215327196644e-01
6.216559426051537773e-01
-4.525976379385376891e-01
-2.661512109497834455e-01
6.854974438699292794e-01
8.030374002229704322e-01
7.034867490008003266e-01
7.565953395110267543e-01
-3.320429150097549131e-01
-3.966574024194673420e-01
-2.447079142323875245e-01
-1.108240782041172434e-01
-5.560452551698655821e-01
-3.292776863770160989e-01
7.934371255077981022e-01
6.716429870527614865e-01
8.174446700310649128e-01
7.333864504519287397e-01
6.425507412835543830e-01
-4.560872426246814770e-01
7.928613429149434788e-01
7.762234658739219917e-01
8.057457235901028803e-01
-4.589877654039660193e-01
-4.146665704389166374e-01
6.366436661602357105e-01
8.046556362610384205e-01
-9.959591351258183234e-02
7.021506865857141122e-01
7.827694824883852931e-01
7.195944994586713772e-01
-4.702623887878009112e-01
-4.458114525235615799e-01
8.167267278067571468e-01
-4.140881682860950708e-01
6.544726317663001058e-01
5.513635536692932382e-01
6.955329269518325530e-01
-3.902369574525961782e-01
6.734805328644249967e-01
7.210833223003446646e-01
7.677325313835329235e-01
6.405369557551336968e-01
7.902803889377485458e-01
-5.517120442295172511e-01
6.802644713657983733e-01
-4.951870094502149877e-01
6.790058470985733674e-01
7.188149051371891529e-01
6.806683809779577876e-01
-2.092794904595419725e-01
5.995291877115931367e-01
-3.275854439310779131e-01
-4.411345787469270752e-01
5.437834118663504857e-01
-4.400307047147652417e-01
6.685962030701990688e-01
-4.108272558186951695e-01
7.963205723591888496e-01
8.341531758482516601e-01
5.892093382201573082e-01
-3.561131412758044568e-01
-1.956405141605850051e-01
7.219934191951891123e-01
-3.156718470496571172e-01
-7.061419002758170804e-02
8.193194100290848159e-01
8.122245118016317988e-01
6.618735205306479630e-01
6.869732327853832476e-01
-3.864125413569006184e-01
-3.751521695588835303e-01
7.742937744034615877e-01
-8.109090889861422791e-02
6.981275871217310636e-01
-5.575568919264872747e-01
7.193194264269083815e-01
-4.583483657633320441e-01
6.056366614058327213e-01
8.178897835919494153e-01
7.081410835707672158e-01
6.285984165952607228e-01
7.971406827896734271e-01
-3.505601922414166016e-01
8.011027400469572513e-01
-2.725933589887964414e-01
8.478613131809118464e-01
-3.922369430530426304e-01
7.155818709977154191e-01
6.707723521586750337e-01
-1.790445672418471690e-01
7.455688575303941468e-01
-3.802898655309068232e-01
7.068341489585224791e-01
-5.746876157029697785e-01
6.550722623607032613e-01
7.508505587421401284e-01
-1.973855597909921974e-02
7.530402595684426714e-01
-2.171543481645408780e-01
7.363117986315077523e-01
7.260748705644484158e-01
-2.486226699720316957e-01
-9.870599285944327284e-02
-5.362297087301187704e-01
-5.657969988972076925e-01
8.056589649665936159e-01
6.201834899494884645e-01
7.805303258271282241e-01
-5.959210719518889254e-01
-5.752189037145167827e-01
7.196530034178580948e-01
7.526431298784178603e-01
6.667694589911962177e-01
-5.445898083279694379e-01
7.966377462717959546e-01
-3.396238047698587059e-01
-3.910967623656415038e-01
-5.183142772132279807e-01
1.465721586073762961e-01
6.527630950346685612e-01
7.592015467397783546e-01
9.362048659964590236e-01
6.805026561903817495e-01
6.699419794297971631e-01
-5.631816972271191934e-01
7.785245221537155924e-01
8.182317273099777299e-01
-5.686196299836623336e-01
-2.558509361012523825e-02
-3.720482234594371107e-01
-2.463726228779904714e-01
7.379296598220415060e-01
-5.276286671391579031e-01
-2.327948807297335054e-01
5.319342529850026313e-01
9.146051947597172438e-01
6.631870512087680858e-01
5.413114915842851538e-01
8.474997814216465031e-01
-2.269035041955499432e-01
-3.711754789062793325e-01
-2.499431897528365809e-01
1.237539636755922712e-01
-5.502969122168506200e-01
2.138159161158882382e-01
