8.399168932303530122e-01
6.394043911866927887e-01
6.164897260619621733e-01
7.196043305075767726e-01
8.227860740443673215e-01
6.942330325926180379e-01
6.955601096845371867e-01
7.443835681178784247e-01
5.464924827780619498e-01
6.639469249877623103e-01
6.292084981164296487e-01
8.176304055422012329e-01
5.713757693098622248e-01
8.962485118136022111e-01
7.119758569649572433e-01
8.429762670683957904e-01
6.247012037441191934e-01
7.403063937410534479e-01
7.837873039365846894e-01
8.902663773910099998e-01
6.391098774101766633e-01
6.871746894598500521e-01
6.292113830999797042e-01
8.558970602734888855e-01
8.647969651975315752e-01
7.530054010608533410e-01
6.755912766131373370e-01
6.694662371416240099e-01
6.994327079111519740e-01
8.962161543464559621e-01
6.514213746797496984e-01
7.949145783202185012e-01
5.930964353769525577e-01
7.735461485858730057e-01
7.368433804925602626e-01
7.753112658820640046e-01
8.072512131130793467e-01
7.579428240829304553e-01
7.216124016813307840e-01
8.916132594361474428e-01
6.502883173579578902e-01
6.478805159950773440e-01
5.572203362827943263e-01
6.417254520907831328e-01
7.607859616627535848e-01
7.393685475985327660e-01
8.957543178255178429e-01
6.051487698262525416e-01
8.443665322804869700e-01
8.222128528192510499e-01
6.396536971750419465e-01
6.890592443950362966e-01
9.288002850326693149e-01
7.529836594882839407e-01
7.990595096821682120e-01
6.860581220885946241e-01
8.994294558447697430e-01
7.151428692751415905e-01
8.472890217588457951e-01
6.723792292682500005e-01
7.947922599615981909e-01
6.737395174756743987e-01
8.434008294560114694e-01
6.220679870511064413e-01
6.039004868569087803e-01
9.353724591364744878e-01
6.654079076911957324e-01
7.909188495105898831e-01
6.746058163460366686e-01
9.215495296044986517e-01
8.770424271042768227e-01
8.887303477102923566e-01
8.739916374343077443e-01
9.197262498020015720e-01
8.803078904953649531e-01
5.751679607217302648e-01
4.806272115716021531e-01
5.589794870219755296e-01
6.617693345210893252e-01
6.527503539750912909e-01
7.866035199258962773e-01
6.950367628129583419e-01
5.670723787757936396e-01
6.625947346435911989e-01
7.478375626982207702e-01
7.739527915958406279e-01
6.435752194222148503e-01
6.753025334388371714e-01
7.612840836852480253e-01
6.385518935758296433e-01
7.180675330870835982e-01
6.351439697382006422e-01
7.408620392563879387e-01
7.212703865875368381e-01
8.957381030447724157e-01
7.737295790476392821e-01
6.308080057136113972e-01
8.030342827724654686e-01
8.788535914146704542e-01
5.400465805087624194e-01
9.254340559178837466e-01
5.850221320530948343e-01
8.074635331754371759e-01
7.968062287838729718e-01
7.839055848380529490e-01
8.537779195322139358e-01
7.072643594307681525e-01
7.294083961502113578e-01
9.669430391004083525e-01
6.776557011634603001e-01
6.904946085949710266e-01
8.412310222641197210e-01
9.407956722844353914e-01
7.351704603498498969e-01
7.066438711388283167e-01
8.647813781302137182e-01
7.740152603698946532e-01
6.509624436257138713e-01
6.098373366713296662e-01
7.403319608463212464e-01
5.304937082773610868e-01
6.680441059649571134e-01
8.529488043877033743e-01
7.102128628134545263e-01
5.743048410854605379e-01
5.157712223528534423e-01
8.239245431025504773e-01
8.291333373248856997e-01
9.123849615346069086e-01
9.063894787058828229e-01
8.642054858062686584e-01
7.735789965100456911e-01
7.928964059522678465e-01
8.013603901631352056e-01
6.892795645832677787e-01
7.835282781807608732e-01
8.299652979920767448e-01
9.427265454175408621e-01
9.098786871821668010e-01
6.620108336870950128e-01
9.036655421611923256e-01
6.977560267206109890e-01
8.775815535379268839e-01
7.590333421359851673e-01
6.526420680346181058e-01
6.981967119205645389e-01
7.662788165831661003e-01
9.059326209167684052e-01
6.716251737288556622e-01
6.902870846725974729e-01
6.103878319793980545e-01
6.396496187783708987e-01
9.200421748955071033e-01
7.587192304397852860e-01
4.860306178692707646e-01
6.920636531511176193e-01
5.269287276530785213e-01
6.573620840157077261e-01
7.781413560331349455e-01
8.627714899822875871e-01
8.617010155811878347e-01
8.583884134715045189e-01
8.193585409478951753e-01
7.699761024303279910e-01
6.889224771072690601e-01
6.930024958691288761e-01
8.210432984018638525e-01
7.041408184092160516e-01
7.637629981884603847e-01
6.431033617398853597e-01
7.661667768551314595e-01
5.017100551399027442e-01
6.266552660300326316e-01
6.909079629553452895e-01
7.314456399420063981e-01
7.122226601097201293e-01
6.865165221369236015e-01
6.755148321438655401e-01
7.060410494285760397e-01
7.956046247360227808e-01
6.538244416770406797e-01
4.783425095781687064e-01
7.977099608895911187e-01
7.637450799854950123e-01
6.812452694841850676e-01
9.525012187793590046e-01
6.034390841070161882e-01
6.367855745307591242e-01
6.489339703592897912e-01
8.768288202958371969e-01
6.904184011880915017e-01
8.395353364197862822e-01
7.013704206640121175e-01
5.850303011451660762e-01
8.492886078603443245e-01
5.846742984800881171e-01
7.323895577364036846e-01
5.756242166796697868e-01
7.094101711961391388e-01
7.515172486562211596e-01
6.594443537330842986e-01
7.093898476122231234e-01
9.378777948754777327e-01
7.651047689466663471e-01
7.123134129249967250e-01
7.689539545652287478e-01
9.428289310221030783e-01
7.214510065304196029e-01
8.308630584086905690e-01
8.861024031312358940e-01
6.042663993565062786e-01
8.042562662015058095e-01
9.105770959107339912e-01
6.317874553894190504e-01
8.558450830304176193e-01
6.035832630898887441e-01
7.396339248702989977e-01
6.661236139021413649e-01
7.419810222147333878e-01
7.616736147919049849e-01
6.730614965757304446e-01
6.889993729177977810e-01
6.197985460747902353e-01
8.564158048643810695e-01
8.934372535290018291e-01
7.529082400305846523e-01
8.246361705181589619e-01
7.978053611134798828e-01
7.353379374636941357e-01
8.437959252108256925e-01
8.528766580235748185e-01
7.408311633663230422e-01
5.919636641026693180e-01
6.873010683019618039e-01
7.187995163475355831e-01
7.229041433016358820e-01
8.179061067655915007e-01
9.472128416776102178e-01
6.473930110662442505e-01
6.653964684963691312e-01
5.839882029061107538e-01
7.549973141897958762e-01
9.702061054440237475e-01
6.596205677863771211e-01
5.634841488505401008e-01
6.000738014345061710e-01
7.306085626811931188e-01
6.760928613964161116e-01
5.925955261679535235e-01
6.308634742659506855e-01
9.111588300951154462e-01
7.326921036284221866e-01
6.223937869603550777e-01
8.888654463648841819e-01
5.556296453937459301e-01
6.521237866757363388e-01
7.443897977733757720e-01
6.638680599423486539e-01
7.762612937270000346e-01
6.200331101274387802e-01
7.411637328623126297e-01
6.901706033308513399e-01
7.890409828277644699e-01
8.124460079723712091e-01
6.019745747347717835e-01
8.821953638091954986e-01
5.249142602707415062e-01
9.444358943358868164e-01
6.891197414217600237e-01
7.816291524551284287e-01
8.732722385402645893e-01
6.835215219500632156e-01
8.907322235208955385e-01
7.615584475446471879e-01
8.777926368740205376e-01
4.703164033297262403e-01
6.547145755323147132e-01
9.196590451707091773e-01
6.679779084022419156e-01
8.368956096461761529e-01
7.206499682862743672e-01
5.275506104331574297e-01
8.206980749860077751e-01
7.764279019253750302e-01
7.016223999994158911e-01
6.738506908307483334e-01
8.359424090000937557e-01
9.649951919788619659e-01
6.635375768105835625e-01
6.056966034773891838e-01
7.335038021000669373e-01
9.028689716775768481e-01
5.153704007604841264e-01
5.907603486041674845e-01
7.550852475825071686e-01
5.788632825708083240e-01
6.373180330291459139e-01
8.593068460218324933e-01
8.328352459967900412e-01
