8.007705030759013076e-02
2.557691610331397913e-01
1.738909889680387288e-02
7.145274476227139737e-02
7.982031735546311069e-01
1.435099713031414703e-01
2.517114744825940664e-02
5.075392355316068471e-01
9.199638045681808318e-01
9.329793823467937841e-01
6.013949817487365124e-01
3.585992602183070144e-01
9.736010396149556989e-01
8.545173747927570229e-01
5.963191957557466560e-01
8.862470899828185367e-01
9.193423062098562415e-01
9.389880358985409625e-01
6.988769627566615572e-01
7.120478978867811337e-01
4.451401419944694959e-01
9.274654544357953112e-01
7.206874232748458065e-01
2.859941857842792645e-01
9.463442093941845101e-01
5.849854156857794973e-02
1.370074341478465518e-01
3.567399717077751609e-01
8.344272885315915378e-01
4.078803208477035369e-01
1.005892803239811228e-01
3.485534986495909537e-01
9.391226755109423063e-01
3.763501433800112150e-01
2.553255879923799765e-01
5.791909874215335208e-01
6.756771091607169932e-01
7.735807132524746832e-02
1.502507122760418645e-01
7.351776638917044693e-01
1.410229299174963445e-02
1.354878962214788041e-01
9.377305263801198887e-01
3.036071826760765591e-01
6.039636000769854629e-01
6.091681042963015269e-01
9.380464223658853129e-01
2.164761103352301763e-01
5.633660149499157832e-01
5.759920001183538307e-01
9.373824541427284718e-01
8.887496093270215169e-01
5.529968855718448983e-01
-1.495251235102627863e-02
3.429038054232281807e-01
5.275593367046824689e-01
7.984059270830271560e-01
1.941095527111444952e-01
1.560309799639221784e-01
6.672364449804912834e-01
8.894469142504801695e-01
2.862195490323677372e-01
7.343359023440593214e-01
3.665557572883574311e-01
9.014144313081626780e-01
3.670128358890221154e-01
4.057615408224316544e-01
8.465248178683981717e-01
5.039977968399419472e-01
8.413152874182233676e-01
1.559219637731570629e-01
5.280905555338462065e-01
2.942332552409626656e-01
7.458733791589554629e-01
2.879723426087407168e-01
1.422047655481739059e-01
2.305313035638459906e-01
4.644226084285860146e-01
3.047111349867210883e-01
1.966822229278676615e-01
8.926574918637335543e-01
3.613455343098681549e-01
9.200000530720092717e-01
-5.987281613837723560e-02
6.995910673924994327e-01
4.888711774878936600e-01
7.883274632994659026e-01
3.526990794785281325e-01
9.397993658535562789e-01
9.427693504923165269e-02
1.184576062649784628e-01
9.190776495382066980e-01
8.743840591122495898e-01
8.008809157515655031e-01
5.590076505219186975e-01
9.474760552416298109e-01
7.565889249869681699e-01
6.365611646049943451e-01
9.212845312243440610e-01
7.710821210360994105e-01
1.251617088860010885e-01
4.929674928089769481e-02
8.333292095630686624e-01
7.447778663136206401e-01
7.905810064880782750e-01
6.494340443893397152e-01
4.475549246059070674e-01
4.653029692329635481e-01
-1.442356312468467405e-01
2.092419954711182417e-01
7.220100225575328823e-01
3.452372602978621974e-02
3.630007052776345056e-01
9.128395650385559001e-01
8.917416324211049350e-01
9.219782302830841214e-01
8.750322547393625250e-01
9.909951378033168279e-01
7.412348590859166864e-01
7.752251625507947663e-01
6.664646728328269543e-01
1.887529561387592258e-01
9.008644604801713252e-01
9.060858942769978164e-01
7.172593649205418753e-01
6.363244680697198730e-01
4.484900505852266739e-01
8.800142479510333349e-01
7.188508472815691164e-01
7.216851932903345368e-01
6.434683824617027925e-01
4.995279024676545498e-01
9.314018476008470993e-01
2.986337318812133934e-01
8.299832711162730137e-01
4.067350091300947490e-01
8.907059054753664329e-01
6.514984649639954384e-01
5.275783010609623458e-02
2.251095092732031955e-01
3.680842671822903700e-02
9.410331623628143127e-03
8.950125829628673424e-01
4.791691013662870979e-01
5.187443528601662912e-01
9.423003823667355228e-01
8.926888171617686218e-02
9.257245193073128098e-01
6.406384100330262399e-01
8.347519815628230422e-01
4.180607934453023367e-01
2.450071478715385997e-01
4.283320778179410815e-01
-2.257797559749574190e-01
-1.640451470465251749e-01
-4.298050967056687294e-02
-6.663264080335434825e-02
3.033972208205582555e-01
6.125383358069509399e-01
9.867119131586722380e-01
8.983057502574449682e-01
7.231549485443020675e-01
1.778043265469455014e-01
1.751896715253812437e-02
9.143799608361391495e-01
1.982679116754172965e-01
7.721601135707231167e-01
8.732862954995234128e-01
7.053760972806212282e-01
7.656725207187302651e-01
-1.168801676621176594e-01
8.950140601357172709e-01
9.453252665840459201e-01
5.485176675243956801e-01
7.589976372069306976e-01
3.715074962166117212e-01
9.039975394319532676e-01
1.435713178481875379e-02
1.405624743130924892e-01
6.411215716401773290e-02
7.649284306280434986e-02
8.949331444893019460e-01
-3.451854356121603767e-02
8.992089879096076821e-01
7.478491854084516888e-01
2.344286361182756351e-01
6.396946273452877030e-01
3.247696963845502216e-01
9.186488275675586124e-01
9.837758844344618447e-02
5.608034158296613114e-01
9.062283880868557961e-01
2.391610304265811004e-01
4.499886664624595106e-02
4.269582955537378766e-01
7.417838643439670365e-01
4.635769330501895436e-01
5.615064724686003039e-01
3.193182113507914144e-01
8.396359977056004897e-01
-4.702838756850206969e-02
-1.698084935225334380e-02
2.140000746756190453e-01
3.664388427814992411e-01
-5.704129143372711069e-02
5.920925519516768709e-01
7.542783455787346325e-01
4.266608773684099076e-01
-7.221655614751579244e-02
3.937581305235932083e-01
8.703147364428898136e-01
8.575437882704767256e-02
3.938618751599233525e-02
8.296405609303807438e-01
3.877760745339671189e-01
9.509143420061847429e-01
1.725391708287436487e-01
2.242506030967195696e-01
8.044709631916066028e-01
-2.359595642333788545e-01
7.933181277926919517e-01
4.609698354336035364e-01
8.605858458540049938e-01
5.540422105161117994e-01
4.030152787431983130e-01
9.612134381839944064e-01
9.527293688500022562e-01
4.567929547474622320e-01
6.602166300011402811e-01
1.058863120556382265e-01
1.915048663279300400e-01
7.457148054099551615e-01
8.830442491932345428e-01
1.271938579235674105e-01
7.694945615015478246e-01
4.790587769118819228e-01
7.036389861131335799e-01
3.048014512822912192e-02
5.793526142903020204e-02
9.652693800591554130e-01
7.561673333354430593e-01
1.143485175311554636e-01
5.993160561962715960e-01
2.938357486443052835e-01
1.142947911759749774e-01
7.885896046971345719e-01
3.055493519344893993e-01
5.221600672625907880e-01
6.971735531301925803e-01
8.460163064013537237e-01
7.369038308844725327e-01
8.209519499386086494e-01
2.818160912792119221e-01
7.170725907426710455e-01
-1.745110475692158714e-01
6.588013628147313394e-01
1.779473513849862965e-01
6.794219784271723905e-02
8.842270113225836337e-01
8.692512486371494207e-01
2.647479519294635431e-01
-1.158834352854977989e-01
6.738812874006236964e-01
7.358536029768130149e-01
4.930858787562489853e-01
9.016664425186702303e-01
6.817164154851068636e-02
7.006343236291893151e-01
7.229032863713753532e-01
4.274036222766992160e-02
4.504583666804538034e-01
7.992280090540009319e-01
3.759392422364915554e-01
1.143488453953919320e-01
2.431310999896761083e-01
1.504507977486005954e-01
