2.073191740629870272e-01
-3.132488558327344019e-02
-1.213028643892716599e-02
-3.543750954000915998e-01
2.681231062269223142e-01
-1.858846941734340619e-01
6.783596664543002641e-02
-4.022985095573587966e-01
-9.713391851668498611e-02
8.731517857462621490e-02
-4.209830649668995228e-01
1.429660021251869251e-01
-1.603228867995068474e-01
-3.237493251285946672e-01
-3.431848646488822041e-01
1.066645843112996872e-01
-2.047424395515511086e-01
1.608322389298650346e-01
-3.784499710441306397e-01
-3.626130686082368326e-01
-3.651719462903135760e-01
-4.570579420594328979e-01
1.177327058503102042e-01
1.325292303084759926e-01
-3.831569202929718809e-01
1.322643930746242591e-01
3.994534429198481340e-01
1.488805777283193355e-01
-1.150706075357124936e-01
1.171743912082389566e-01
2.205021935612461181e-02
-1.036942727395510772e-01
-3.682801994650817812e-01
7.794671583023461692e-02
5.039874233873576498e-02
3.604532166572456675e-01
-4.844609602421114936e-01
1.102044590330772539e-01
-4.116210491467370280e-01
-4.909496263319159670e-01
6.428443812535744595e-02
-1.052761790213602583e-01
-2.208609404264341158e-01
9.743700571239630182e-02
9.551896465690061511e-02
-1.509727642705777084e-01
-4.904474340884966699e-01
-2.801894091024258460e-01
-4.143133337241536873e-01
2.024111946252244998e-01
-4.239923375744512890e-02
-3.731344332588907853e-01
-1.529471497514110212e-01
-1.424391121068352417e-01
-1.362523173989709513e-01
5.913500899164639280e-02
9.435131997177669677e-03
1.363679392964962656e-01
4.684284752562717369e-04
-4.314508121789474293e-01
-5.253230726318105503e-01
-2.082151628371612662e-01
-6.134563775943829150e-02
-3.665162403877043618e-01
4.318037421782050522e-03
-3.552766518269920293e-01
6.079978159902457019e-02
3.153462443591947828e-01
-4.129689376957759173e-01
-2.566402609019426961e-01
-3.842738158687994954e-01
-3.014092700584633522e-01
3.423236724348883153e-01
-1.103952132853679435e-01
4.585938948915777719e-02
1.746876487089374097e-01
1.460701413776830382e-01
2.495474110136152585e-02
-2.298211005993691103e-01
-2.830614419820635108e-01
-2.199265312845423148e-01
-2.875379769127155427e-01
-2.972524852477498314e-01
-2.210899533476722856e-01
-3.795543983931213283e-01
-1.917943369634020692e-02
5.073280351188889092e-01
1.046494148921033734e-03
-5.287680667930463319e-01
4.600677574115343699e-02
1.019888396516373391e-01
-4.114720971281231043e-01
-4.013589624867185401e-01
-3.801959685432122482e-01
-4.014464802967826484e-01
-3.583358300326803247e-01
1.410278871393874922e-01
-4.333071731231145085e-01
-4.722511307570952388e-01
-8.598185177012676594e-02
-4.061220816076581697e-01
1.528870911338975347e-01
-4.052355025855366999e-01
-1.190430767404832973e-01
-2.115507982620264404e-01
-3.455673844944668338e-01
-2.574814197120442461e-01
1.526351229210611837e-01
1.327926342296175677e-01
-4.281075680380802551e-01
-3.705228168523416188e-01
-3.891983476276442699e-01
5.542756599485412772e-02
-4.910060225673360534e-01
-7.237837268514946132e-02
3.110729314559125824e-01
-3.293748344905967351e-01
4.207765801494108282e-01
-4.605688844371322865e-01
-4.021465306642812432e-01
8.061997275511771643e-02
4.596759675442142756e-02
-4.178991518437333852e-01
-8.037979959123735252e-02
2.142588292185566290e-01
1.610352670500125316e-01
-4.662909353346990082e-01
-6.480333349966857504e-02
-2.862318218743511444e-01
-4.375501371955959340e-01
-4.316267417429164865e-01
-4.009958332060388764e-01
-1.011311202917375418e-01
9.487235375245803293e-03
1.217592697998275131e-01
-4.371775471637821542e-01
3.250627581248904940e-01
-4.438570055971963191e-01
1.619544459541679207e-02
-4.062031379521941488e-01
-3.395762864578277251e-01
-4.261259296631576543e-01
-3.605061654160350848e-01
-5.367304414120599443e-01
4.063531455878726523e-02
-1.064447487627352418e-01
1.249795580917551080e-01
2.970510569454892780e-01
-2.897143811464485963e-01
4.640811684212497318e-02
2.480443482111202302e-01
-5.141287145738842046e-01
4.031256748493226849e-02
-5.186022624135813164e-01
1.432395819002246218e-01
-2.810462536242395171e-01
1.528614159083404311e-01
2.252795803984397049e-01
1.306776746555471658e-01
-2.429532724706598701e-01
2.913635625703973192e-02
-5.080484641327539519e-01
-3.956442516896435113e-01
2.332799561396524390e-02
2.319563823414900749e-01
-1.826174795073604307e-01
-4.862778570568306868e-01
-1.009175543756125198e-02
-2.746567563439771265e-01
-4.425561733946166698e-01
-7.390165817570994167e-02
-1.509690313797435735e-01
-1.053947402041390813e-01
-1.155940658065270354e-01
-4.673101486593474463e-01
-3.264981344306371325e-01
-4.673212433804083132e-01
-4.590255615760256980e-01
1.511312533437070005e-01
-3.297108734816004971e-01
6.140445453750371235e-02
2.068239429280500918e-01
-2.945094024324984572e-01
7.527228995575048487e-02
-9.777157311938447504e-02
-2.879856690404838937e-01
1.141367550207433856e-01
2.432022342056497088e-01
9.470160370348895684e-02
7.194890272911481921e-02
1.793363455088947678e-01
-1.570855821330483515e-01
-1.010113743859133301e-01
-2.897268564005303082e-01
-4.846913544211882419e-02
6.914582505425151404e-02
2.717153497386695649e-01
4.774497136440700729e-01
4.061319714960437421e-02
-1.680960192550123855e-03
-2.857821990353213715e-01
-3.817061162840522104e-01
2.039736305743961309e-01
-7.755235096859347532e-02
-2.535399256947699076e-01
4.417427046043501115e-02
1.998354474636434841e-01
-2.701718581737309888e-03
-2.561958738199713315e-01
1.306132515752307655e-01
3.473686002917423798e-01
-5.924765261087164281e-02
2.332014242299485784e-01
2.674499540216470628e-01
-3.458876550358027102e-01
-4.192998706757021798e-01
-1.085244383751703262e-01
-3.902009424482992817e-01
-4.562382481731142025e-01
-1.668211767140409529e-03
-4.981028376448463080e-01
-3.683620289674597870e-01
-3.733137998019505494e-02
-4.777626597593025992e-01
-3.281037441121729681e-01
-4.561065170143324132e-01
1.904013154466932534e-01
1.372268240286264318e-01
2.511096719843097791e-01
-4.139309809952315122e-01
3.025534226357662893e-01
-2.663836486847737661e-01
2.046484126930074865e-01
-4.405449162840665012e-01
-1.461981803256937329e-01
-3.708914852579694443e-01
-9.360844969482634559e-02
-2.888679672484695260e-01
-1.205756243490232471e-01
-4.178478555958826113e-01
-4.583911349357356890e-01
-3.273907411236749443e-01
-8.379207032945015787e-02
-4.325736320899097320e-01
-1.329967159285161682e-01
-1.638044961376473874e-01
-2.158234099888039492e-01
-3.593712525086900089e-01
1.798941943619977724e-01
-4.430389767993002104e-01
3.680552826941629330e-01
-5.473165907849169010e-01
-4.853228975922856403e-01
4.053000728880453707e-01
-3.561975360025287918e-01
3.361843342706488658e-01
2.572442277830410684e-01
-3.120316649551012622e-01
-3.078884592665664943e-01
-2.599084683959841935e-01
2.149524348689106634e-01
-3.969513219663716730e-01
-4.175504552132645597e-01
-4.065550614162064536e-01
-4.598324999865395779e-01
-3.813287014706315259e-01
-4.518988172664819419e-02
-4.314938406908837010e-01
-3.889942431346025686e-01
-4.184433704228776030e-01
-8.601238680361456002e-02
1.827564094718281407e-01
8.360497180428611008e-02
9.097870326689819209e-02
3.016702576046016437e-01
-3.941708764610341031e-01
-4.459763037443756351e-01
2.695557792918800155e-01
-5.170934126996663549e-01
-5.356807280919466674e-01
-3.853235760291939260e-01
-4.884509548934317102e-01
-1.703613625020974909e-01
-4.391241455217704814e-01
-3.695189050820685828e-01
6.076073407801861267e-03
4.678977881772544700e-04
-4.067946413028176167e-01
-2.278844825310982758e-01
-5.002288687353659835e-01
1.319243110465861679e-01
-3.841013576631799875e-01
3.742010440129171500e-01
-5.099256515102412735e-01
5.049867984761390038e-03
-4.246635227684052438e-01
-1.959537759272094448e-01
-4.508973707253521312e-01
