9.134358543540437303e-01
-1.774489508959732897e-01
9.130176579928683811e-01
9.219481401077391780e-01
9.413555044665488092e-01
9.155247795677217137e-01
8.909901573134012542e-01
9.922335103097573716e-01
9.425299541093130617e-01
9.385687519627885500e-01
9.441336599567669019e-01
8.636551045493201517e-01
-2.244619319912129207e-02
9.126348637573191702e-01
7.388968755869522731e-01
7.563638686458387106e-01
9.962776577471927908e-01
8.212929038930723014e-01
-7.354075364953542582e-02
8.810245342559536175e-01
-7.877346355073575057e-03
-6.854596414265241855e-02
-3.003595917828734696e-01
8.961258817685774369e-01
9.241101950828081169e-01
-1.365011292442010193e-01
-2.151163726077687799e-01
7.751136268178000499e-01
6.939037068810516296e-01
9.343700184531424924e-01
-2.350145984698408241e-02
8.691584837694246168e-01
9.198309413179688310e-01
9.060967953916883033e-01
-1.062563068385023596e-01
1.788470634148374427e-02
7.275704781827863066e-01
8.233584192507682475e-01
-6.858319358493990270e-02
8.530898600869593618e-02
1.131221658632130256e-01
8.990396690804364210e-01
8.722779955595666435e-01
8.574530890799231253e-01
6.462353017290887180e-01
-8.827983671237146779e-02
9.388745795855876208e-01
8.933765436823644102e-01
8.865554557015242754e-02
8.029623483122418914e-01
6.050245931165890156e-03
-1.736844047408923064e-01
7.838501922157352642e-01
-3.227014490009758041e-01
-1.694703805632705729e-01
8.534249640488447697e-03
9.390504768096339383e-01
-1.719486002075987230e-02
7.720414465989331454e-01
1.033686455568143259e-02
7.962403051435611445e-01
7.886201027355281834e-01
9.088745787496377293e-01
8.467454842277626348e-01
8.336925591339574559e-01
7.980496390510970484e-01
8.985303792899393960e-01
8.503359164239563395e-01
2.067250394496816801e-02
2.387865142562310694e-02
8.722281105009568325e-01
9.312988630146367131e-01
8.913486515450679271e-01
9.264150590891649939e-01
-2.006357211274100438e-01
9.140707574019681925e-01
8.195532174517470292e-01
9.118887267343078751e-01
-2.225568315000626962e-01
-2.048207799834419196e-01
9.320459072685690627e-01
-1.480842522274266604e-01
-1.666829346347232788e-01
-2.412183153404792724e-02
1.067706158667598715e-01
9.276443663316498167e-01
9.218076709597173846e-01
8.394227893436103649e-01
-2.282787745162471182e-01
8.815554674196416363e-01
1.584011551341417967e-01
3.597803484297001919e-03
8.635994701999520906e-01
2.161641170131117784e-02
7.634397090492663907e-01
9.249513442065591118e-01
-1.864446110276833379e-01
8.225285510397133404e-01
-1.009106062288955136e-01
7.175269414476892482e-01
-5.578554450149622590e-02
7.754255072977318530e-01
8.382577586502769629e-01
7.627364713685663711e-03
8.049607877092674890e-01
9.119247276757017628e-01
-5.543144134202934725e-02
8.350418278076312539e-01
8.791437268193971200e-01
9.536975390311406287e-01
8.718040848951686961e-01
9.265586688481376454e-01
8.552350198293388051e-01
9.526154240695843267e-01
-3.685544816681499136e-03
8.019057028195195613e-01
8.810747114949434300e-01
8.050225214525497108e-01
8.507372345701850191e-01
9.085888013352700909e-01
-1.219593081405060675e-01
-8.730382193653239697e-02
9.115824842928937910e-01
1.406097242603551456e-01
-2.193761249994138907e-03
8.236491467507753850e-01
8.434464524959646159e-01
7.885686436153016565e-01
-4.876090180769630800e-02
-9.491543425114939980e-02
9.348434933591571738e-01
8.996900439309596376e-01
9.233709022611470418e-01
-3.212585900362343594e-01
7.126586093584796888e-01
7.491497082474787295e-01
8.336980433164253856e-01
-5.656932644527717935e-02
-5.219704147696645202e-02
8.740646753842675754e-01
7.604740960489487778e-01
-6.617733092434319175e-02
-6.262282131381631534e-02
9.131134989165596849e-01
9.401156214465380412e-01
7.469841544942867895e-01
8.450742684413701244e-01
8.651462364334001620e-01
-1.967531591344513775e-01
-2.840684156968253382e-01
8.608739133231829710e-01
9.174511729965981743e-01
-5.545326560710395203e-01
-1.151997946788178989e-01
-1.115518736825088925e-01
9.327188639335950437e-01
8.515102467333055536e-01
9.079440932640696627e-01
8.652922576793766751e-01
8.108941052759013335e-01
9.616429839278317626e-01
-1.201979249090603247e-01
7.242570490579385289e-01
9.150924265865743035e-01
8.712165905022719592e-01
9.488343163255968937e-01
8.555614743952297818e-01
-2.435915929955084769e-01
7.306954822298926677e-01
9.060203600681902003e-01
8.709984815238311917e-01
8.566039386058006411e-01
5.800411750490602758e-01
8.593227888360154276e-01
9.499204977178029585e-01
8.043509534905290970e-01
-4.673552521521912029e-02
9.279952463934590945e-01
9.869916751471197180e-02
8.216492379128493839e-01
8.213971866849304471e-01
-5.153401053575937252e-03
5.531819749926256136e-02
8.908352369379815006e-01
6.777074020724679904e-03
-1.342394380727897629e-01
8.768914405266029499e-01
7.041132911566101438e-01
9.100278706021776021e-01
8.862619997087650692e-01
-1.253005742909444609e-01
-2.932584316897678955e-01
9.157864042943715255e-01
9.333262565597195692e-01
8.979393737098517736e-01
9.061248644865994573e-01
8.619345703721504881e-01
8.258080931588863693e-01
9.003204631292982540e-01
8.103925534393452423e-01
8.557520104053935039e-01
8.794262590013421921e-01
8.360056116196952214e-01
8.813913905641096447e-03
8.152104751092653645e-01
7.678614282779188116e-01
7.633477785318703024e-01
9.286231627174230674e-01
-2.680797309325378408e-01
9.040074600539333982e-01
8.741506728055294939e-01
7.157280631174639529e-01
8.714307275931016949e-01
7.942128348364649315e-03
9.307812018536305576e-01
8.934066355767777967e-01
4.914534295736405767e-03
9.091497663204752833e-01
-1.073072660943671791e-01
-2.597865660942957899e-03
-2.884887354034843532e-01
-2.198203908276998297e-01
8.883349217755899252e-01
1.327984745599703753e-01
1.523543349009678916e-02
8.253731742088087353e-01
2.709818049987249011e-02
-1.777992826973576190e-01
9.066658203365676183e-01
-8.399292245277209523e-02
9.129443329543602825e-01
-2.654196673894474445e-01
8.805944542830099753e-01
8.818867399738652413e-01
9.142054134274953947e-01
-9.117329556179357142e-02
8.806979216297193824e-01
-7.923155434683251674e-02
8.859127756567769518e-01
-5.753432945496379791e-02
7.200990031410803294e-01
9.164798799988713718e-01
2.056296154370640394e-02
9.142091878072214906e-01
8.215376514197890723e-01
8.435602501934984510e-01
8.433359825467952042e-01
8.005447752986430410e-02
9.149795138167464703e-01
9.202200427158181428e-01
6.142501517755849516e-01
7.784186516270193978e-01
9.083998915621920300e-01
8.062137667471791502e-01
9.140414360397831617e-01
8.449719140602418577e-01
8.596272723538775917e-01
-9.330947397264063858e-02
-2.246394476923672390e-01
7.498231477570579395e-01
-1.030567688620832867e-01
1.846366859616214995e-02
7.192033211918933411e-01
-2.719437794964413291e-01
-2.968345100062141362e-01
1.050209947451198611e-02
9.349109202729495305e-01
8.067817269828390092e-01
8.800512277062226829e-01
-2.851618446252185413e-01
-1.815362695856033437e-01
8.268136714922773578e-01
8.567696875070889284e-01
8.866871671267693156e-01
9.133385583362076954e-01
1.132685771951238429e-01
-3.930599150196875669e-01
8.491637627619960105e-01
8.729676338328806739e-01
7.262784032310930504e-01
-1.324411794253321228e-01
-9.323121332688691365e-02
-2.027674279981409033e-01
9.212775466871226948e-01
-4.216305027169298114e-04
8.493822170753075884e-01
9.684562585796661072e-01
-8.392477902396168477e-02
7.750028362039552698e-01
7.475176497618274407e-01
-1.481544979383266070e-01
9.176269108392367535e-01
9.300118866276543272e-01
9.788658434279564613e-01
-1.444307174735517951e-02
9.449437933845121762e-01
9.170547294702106056e-01
-9.407644459654254665e-02
7.356814641566560287e-01
8.128499950280196895e-01
