8.285761685732290216e-01
-1.323785185057191338e-02
9.870073471234882545e-01
-2.564576528074878625e-02
-1.286465729237991074e-01
-5.929432643916981993e-02
-1.344855432499250936e-01
-3.396865824910233478e-02
8.909786161530832693e-01
8.251213763110925026e-01
-3.528847621583110494e-01
8.332809117626428508e-01
8.471578262947196403e-02
8.192172233738398424e-01
-2.100142508027264543e-01
-3.220035945964092039e-02
7.587204307027958783e-03
8.336351248039989281e-01
-4.678566240228770878e-02
8.452667231133486059e-01
-4.317956979978186671e-02
8.603298406956139122e-01
-1.607884355338975724e-01
7.694636652345339112e-01
-3.345424536666290888e-02
8.109224531598340224e-01
-1.697583004763263126e-02
-6.676458452102010388e-02
1.379957114604736801e-01
7.729061627653119881e-01
-1.091403627834028334e-01
8.251454427589807183e-01
8.553574756983644001e-01
8.787857118164557058e-01
-1.946419976162436505e-01
8.311877492216972474e-01
8.498205441595153564e-01
8.984975929712391007e-01
8.313830765996380601e-01
-1.735009548293730275e-01
8.578735992782571262e-01
3.848539521298450367e-02
7.936708662660481028e-01
-6.553698533754212519e-02
8.554240756672182311e-01
8.107129774878820694e-01
-1.080395163978269540e-01
-3.445733302141364141e-02
8.121341468229533733e-01
1.252151857543876146e-02
8.347121307018230407e-01
9.922043649680134525e-01
4.491945538936209514e-02
-4.049707269733002213e-01
8.278942512826474864e-01
-7.201496262771237000e-02
8.392321060243710384e-01
-1.207351905848157853e-01
1.696293121869307807e-03
-1.267842261970091311e-01
-3.180833443575357966e-02
-7.053233617768386865e-02
-3.914291734607268092e-01
1.359784093460840448e-02
8.974454327775569507e-01
7.444944549721027593e-03
1.402377199246816926e-02
7.934729065374677148e-01
8.336149558943265481e-01
-2.848307127976770770e-02
-2.117712306234849351e-02
2.063863307618410414e-02
-4.140359902554936467e-01
-2.778798188747929054e-01
-8.642131899443727949e-02
-2.060947927920009359e-01
7.894246601310693778e-01
8.504768447735812087e-01
7.880685055864773414e-01
7.681850315495033499e-01
-5.817215737309312795e-02
8.578626773819190143e-01
-5.511756692600774388e-01
8.413762542169276326e-01
-6.183434772161458537e-02
8.386873194179460533e-01
7.623432854788665392e-01
-8.103480915751813674e-02
8.216316430599934773e-01
9.133508730588613123e-02
-2.540496277635330702e-01
8.122517735977445863e-01
-4.039349990263772783e-02
7.815911734689048318e-01
-1.173873689861719416e-01
8.235389280812077661e-01
7.603929473824667662e-01
7.142183803736800174e-01
8.103704262807431835e-01
8.010908153172905388e-01
-2.162380329373753476e-02
-1.864988296373798482e-02
7.968795829198581648e-01
2.002486169582748665e-01
-2.906836224468413721e-01
2.130686600305277401e-02
9.293581756299482688e-01
-1.006522134166278060e-02
8.461698813256499641e-01
4.989643060485655923e-02
-4.607308035649367722e-02
8.947200982910936684e-01
8.338066770865556476e-01
7.582051250445660528e-01
-1.004655764023185405e-01
7.555988076812623078e-01
8.445309795869005987e-01
7.916561424906146671e-01
8.237002067909807712e-01
8.417492068913982051e-01
8.482206440236045308e-01
8.270333870084375372e-01
8.011140073235692993e-01
-1.608974104787810333e-01
8.165315955425097583e-01
8.962997440673768912e-01
8.228293601014811109e-01
7.550273063407867413e-01
7.651721649213547582e-01
2.561629471473531820e-03
3.831645944904057272e-02
-1.882736225971598509e-02
6.165863312656613693e-02
8.367575490484058243e-01
9.531451932515228043e-01
-9.696110184134275334e-02
-3.066956018391889249e-01
-7.191272840121380738e-02
9.950198094594684406e-01
8.433001726843855073e-01
8.340982978825949301e-01
7.896059251084508457e-01
7.564897828437094907e-01
8.263322619039970007e-01
7.915368163478371244e-01
-3.922710844523372153e-02
-2.046690251585554232e-01
-3.660859585067968158e-01
-2.048509745523517944e-01
5.409730076759950990e-01
-1.290168892556595170e-02
-3.358851390014925831e-01
9.479329844617281342e-01
-2.983641440142988793e-02
8.573166730932552104e-01
8.167302964802229948e-01
-1.574134741005931704e-01
3.422743023519606020e-02
4.986590166090606457e-01
8.527742133540630043e-01
-4.033254248109078288e-01
1.422688952866425771e-02
8.287060031072825961e-01
-5.052687739634957598e-03
-1.885626955879985966e-01
8.116388086374551891e-01
8.027162844824020649e-01
7.464068462907137713e-02
7.558674481367988474e-01
8.575372176269886459e-01
7.512705111404456571e-03
8.373732461063770893e-01
-4.168292203556259179e-01
8.079910876589302404e-01
8.285432823475924469e-01
9.193035043749364643e-02
8.458228866517174538e-01
-2.155055985202455893e-02
8.021832772971356773e-01
-8.559914481617757198e-02
8.580306194783868801e-01
1.344789005531033810e-01
-4.157157913496839496e-01
8.362302993827590569e-01
1.131312751129749661e-02
7.670708510973750505e-02
7.977430956180673327e-01
8.305290794564549328e-01
9.513717721507264358e-02
8.418763689391544069e-01
-5.957266926524910911e-02
4.955523913121408219e-02
-9.983804459263159736e-02
7.888345138646400967e-01
-1.019605235261531948e-02
-6.908513142359755388e-02
-7.861951516070694868e-02
5.752895397012874890e-03
8.335691108499680979e-01
-9.824374269591863718e-02
7.895331158619229850e-01
-1.145596546885549322e-01
8.309589956726898263e-01
-1.052331507974035157e-01
1.180778296433993013e-02
-4.878446869762474714e-02
7.859972515177168217e-01
7.720704140411869254e-01
8.315569895810087653e-01
7.488784651064754883e-01
-2.627499474369945909e-02
-4.542458119519836302e-02
-6.333161090449926367e-02
2.009400560503863398e-01
8.346458929369275914e-01
8.004925569251377659e-01
-1.538254510713980561e-01
8.620280044039148049e-01
7.534443865767098680e-01
7.058048744641734484e-03
7.472041764063682701e-01
-5.418017094069108031e-02
-5.048541533277096233e-02
-2.311339401631533341e-01
-1.603156063369876871e-01
8.200944369648331955e-01
-5.731825777998156290e-01
7.872313101727671514e-01
8.677488570990783412e-01
1.878739697547719412e-01
7.516225384201992155e-01
8.312276176709151310e-01
8.177637764750046445e-01
8.229004325773299211e-01
8.222951999095569064e-01
7.512413325887151716e-01
-2.970104628017858350e-02
-4.515858706996131455e-01
-2.288041221619719900e-01
8.372356864496499629e-01
8.288608258299238196e-01
9.063703398222968666e-01
8.205720322507594755e-01
8.280696026704693624e-01
-1.301664499703307498e-01
7.512129311030718570e-01
8.452808697915263902e-01
8.189092904582747634e-01
8.024392765074221945e-01
-8.250751129497047032e-02
7.636990276108606146e-01
-1.324164674154441057e-01
5.198839348908831925e-02
8.371989940264210617e-01
7.897022676997540458e-01
8.018489641089223685e-01
5.984303970853384058e-01
8.335294672738919886e-01
7.998049382189487133e-01
1.644877638610142689e-02
8.330844222196537308e-01
8.377204426705099349e-01
-1.340343581034788845e-01
8.233682114404710095e-01
-6.227455304554783272e-02
8.286383104823367152e-01
7.444796552048965621e-01
-2.961925790851725748e-02
9.505014192941350082e-01
