-5.007555165914912010e-01
-4.202159394432995465e-01
8.232297373330810242e-02
-3.598511645661433417e-02
-3.886337447997736949e-01
-2.545102909680929670e-01
-5.291844174917071930e-01
-3.937152908658362871e-01
-4.104531718919629535e-01
-4.614833096305325233e-01
-2.294127020145437790e-01
-5.229257478832033401e-01
-3.618220197533529303e-01
-4.995247334372920345e-01
-4.938910381838314961e-02
-4.251576508790950726e-01
-1.399404185300843761e-01
-4.142344774767142135e-01
-3.205568792319913873e-01
-2.859059869718322267e-01
-4.967940590902908404e-01
2.077352451463576610e-01
-3.966995831958647356e-02
3.385336576292195809e-02
-4.365910796186560638e-01
-3.420852402781017487e-02
-4.068730363428715857e-01
-1.387744237086765975e-01
-1.623752675590681149e-01
-1.142564661133481096e-01
5.563365955515400807e-02
1.772128923173167669e-01
-4.825767466842664777e-01
-1.912879824879920865e-01
5.180046245109274500e-02
-1.590462071743267147e-01
6.159631470656583979e-02
-2.538301629413131089e-01
-4.245762763382053273e-01
-3.038359241787396692e-01
-3.704756378093158053e-01
-3.307229715045952867e-01
-3.088537435283875698e-01
-4.187653103446080105e-01
3.061005096154861133e-02
-1.166167647102341609e-01
-1.911719491376682317e-02
-3.942558775507579716e-01
-4.445792088046249813e-01
-3.031285948116133055e-02
-8.040083809070518173e-02
-3.512600077866858683e-01
-4.607984253610404313e-01
-1.653835425194393194e-01
-5.447628082025768315e-01
-4.423486438012703137e-01
-5.238560005426136090e-01
-4.645114757500211633e-01
-4.256246176001807768e-01
-2.926545918062911089e-01
-4.495204985574459133e-01
-3.322599218285426370e-01
-4.806018627208145100e-01
2.720324996975587717e-01
3.951721253647959980e-02
1.593305795183260209e-01
-2.821511526747489951e-01
-4.497522001014124526e-02
-3.089123033951159392e-01
-2.136310386670642325e-01
-2.115641346447719867e-02
-3.856489177157219062e-01
1.662809905359158291e-01
-8.354609133885038119e-02
-5.103837543195863802e-01
-4.760182699368192272e-01
-3.703572590120629560e-01
-5.022716651933605281e-01
-4.016460804394068607e-01
-4.749819486483456421e-01
-4.828647090203043168e-01
-3.782140194245248721e-01
-1.952430146612804673e-01
1.148374328103185793e-01
-3.672797425245041270e-01
-5.031761498832664214e-01
-6.372199392290039954e-02
-2.631880951800063539e-01
-3.829004536199700354e-02
-1.852805452328695202e-01
-1.779332912803806011e-01
-4.752046117801218550e-01
1.491414522590812919e-02
1.032784516329721541e-01
-1.767153038099530393e-01
-4.526289800145097963e-01
-4.743337555305608966e-01
-5.391177693120006165e-01
5.477005214504798714e-02
-5.077571509517856407e-01
-3.018839410959864300e-01
-4.177213501532586748e-01
-4.591706779592664711e-01
6.216348939388694622e-02
1.844378298615112488e-02
-1.927809116435015291e-01
-1.942244944789410788e-01
-2.612806240237384170e-01
-3.488843061258504186e-01
1.432860270945316983e-01
2.612417240406175734e-02
-4.076366645838401248e-01
-1.372670127934310091e-01
2.758923211223976435e-02
9.978077394838046066e-02
-2.893322415630011912e-01
-3.490967682618471568e-01
-3.967686763302860631e-01
-4.549332276520853258e-01
-3.629796206173860895e-01
-3.510603261823906918e-01
1.269628890520812792e-01
-1.971412692979265524e-01
-4.781358278814641372e-01
-2.023051499894724659e-01
-6.613248631914074582e-02
-4.278557244618611671e-02
-1.123944697596498815e-01
-7.228455858301621739e-02
-3.648997200945582886e-01
-7.949886081784014735e-02
-6.208329335484764622e-01
-9.423255986406674223e-02
-8.326793941401720855e-02
-2.553863971919712039e-01
-4.696791592191655873e-01
-1.574673223101510366e-01
-8.432273613256481559e-02
-1.098172006595679595e-01
-3.176418128457660361e-01
-8.955355417848569199e-02
-2.017730476417255725e-01
-4.364923307894937321e-01
-5.072924070343344249e-01
-3.891380330631086792e-01
-3.538008762424864062e-01
-4.999074638344231936e-01
-2.136174329927525428e-01
-3.765991081096370374e-01
-6.109664115056474831e-02
7.136993012746262188e-02
6.107117577886423537e-02
-4.415488393352594021e-01
-4.623596205517155333e-01
-2.431435887457973899e-01
-7.624390925307074351e-02
-3.443518607603269777e-01
-1.990520979231679699e-01
-4.267182055860131440e-01
-3.692173423351032824e-01
-3.918346893197451886e-01
-4.822682559861105611e-01
-4.127107353671990442e-01
-4.531960276933644782e-01
-2.487080285071971986e-01
-1.289963387270426365e-01
-5.035639774626691212e-01
-3.901406933870329996e-01
-7.791390341376962236e-02
2.636785448511004548e-02
-7.282096216380695708e-02
-2.865849322639619778e-01
-5.138324385036485697e-01
1.190930466538080018e-01
-1.144398928417840744e-01
-2.946323713015833179e-01
-1.972301802385243441e-01
-5.153790160849021085e-01
-3.827350603962125231e-01
-4.073975979513150825e-01
-2.724613390901743371e-01
-4.130988910116355495e-01
-4.017737124181458563e-01
-2.239987479149201099e-01
1.611065330563502540e-01
-1.315040550806673425e-01
-7.361394740437264550e-02
-2.021323719126248697e-01
-2.569192838502808440e-01
-3.059163869550821091e-01
-3.566500596721013383e-01
-1.889917301209523559e-01
-2.341319954161276418e-01
-2.393284500197387921e-01
4.152155515014714637e-02
-4.779458539945846685e-01
-3.050450854235776665e-01
-3.961167609945412948e-01
-3.030792272843171875e-01
-4.990734684593309267e-01
-4.086505493879102335e-01
-5.668889863357178260e-01
-1.073662437859329022e-01
-4.646391439374449872e-01
1.872735934538675151e-01
-2.956179557966834848e-01
-1.176489549288419478e-01
-4.465128288388894306e-01
-2.013856454728473189e-01
-2.377058414257969543e-01
-5.045735270491277236e-01
-2.054822568697879936e-01
-4.511941287320622163e-01
-3.014001083128161063e-01
-9.032779261762304002e-02
-6.951683728608949731e-02
-8.054384650564136439e-02
-4.859414051665634782e-01
-1.717078369927018122e-01
-4.477153721666313757e-01
-4.513067633129536627e-01
-2.391724128049479980e-01
-5.251002879161138504e-01
-4.807389949155271847e-01
-3.699206286717681702e-01
-2.482568728784482759e-01
-2.690498435397574717e-01
-4.585426718608872632e-01
-4.408570466801740029e-01
-5.601087593225921868e-01
-1.922365686729630291e-02
4.518710424242539103e-02
-4.180654169174429780e-01
-3.060938779845785995e-01
-4.272043935873209297e-01
1.570869683534745487e-01
-5.117994534031901077e-01
-3.758783411282516917e-01
-9.020727309936442395e-02
-3.991739691623241715e-01
-2.206604072397473915e-01
-1.232095714645985718e-01
-4.132550773776985098e-01
-3.173908720446397269e-01
-1.444536177968948620e-01
-1.794454090014834802e-01
-6.791681406525412745e-02
-4.071601043701271738e-01
-1.289927747646809342e-01
-9.223535847259115017e-02
-4.692252728683354857e-01
-2.148561125028993213e-01
-1.097106166254953052e-01
-2.766433715030151841e-02
1.404682911293108072e-01
-4.797332130638733427e-01
-5.488536265263697922e-02
2.221920872982530715e-01
-4.709489233544654763e-01
-1.276523385525842047e-02
-2.448677213730681701e-01
-3.638556691035740864e-01
-1.952406361800576862e-01
-4.695494914849285273e-01
-1.142119405907445900e-01
-4.197725748166001858e-01
-7.721035078454185907e-02
-4.506879222391996231e-01
-4.348388434432428062e-01
-2.487945037391284808e-01
-2.556912562403684114e-02
1.249058990258148649e-01
5.763581691466113099e-02
-7.555323699617459698e-02
-3.711774339350485952e-01
-1.922559646899132113e-01
3.273183348413649663e-01
-4.665869006048525280e-01
-2.824179608649587392e-01
-3.898266191569226824e-01
-4.315441610056065525e-01
-1.038413634243276068e-01
-4.357492025352172060e-01
-1.991340884323818811e-02
-4.685620303610121273e-01
-1.284182088689937995e-01
1.842668875468129672e-02
-9.369265192610148896e-02
-4.946237529832564483e-01
