9.336800677072381038e-01
9.607206147780924521e-01
7.315089990781503682e-01
9.598586096455166139e-01
7.722701422088891210e-01
9.487815204044540707e-01
9.400119430018527567e-01
7.432564710959689291e-01
9.533099424827213841e-01
9.418085212309066367e-01
7.084879911408943354e-01
9.511572017529644762e-01
9.164514531791854157e-01
9.367169196805942288e-01
6.385177225996897521e-01
8.181493170059441766e-01
9.045999797024816269e-01
7.553486679842422724e-01
8.322383489706770554e-01
8.262682310799954744e-01
7.756714708630597643e-01
8.038281113512256715e-01
6.179987711558855290e-01
8.845557233250047613e-01
5.645826451758914066e-01
9.538086279457508310e-01
6.063292410141438715e-01
9.213564203322441859e-01
7.083972142396977034e-01
7.317219490666025949e-01
8.230290767031607224e-01
9.679605909824483545e-01
9.417477351034625466e-01
9.552204477124321969e-01
7.815779765372916632e-01
7.708804839345917426e-01
8.614142937627183860e-01
9.541515882528637249e-01
6.369024812326304907e-01
8.827186640196431622e-01
9.440540327002011622e-01
9.565075395795883395e-01
9.464293185936993869e-01
6.659689395400509859e-01
9.561635870586793207e-01
9.363802661537938832e-01
4.863379787076425043e-01
9.626168150053668882e-01
7.368414608595328374e-01
9.429064482846840622e-01
9.633466860212280825e-01
8.054994306602305532e-01
9.657426204120479474e-01
5.845298726983531035e-01
8.980414398428943068e-01
9.440104658474255395e-01
9.522378239369460040e-01
7.182905709768635516e-01
9.188605298042586966e-01
9.391726393274809626e-01
8.119193491369089966e-01
9.303217307219968646e-01
6.706931635155022331e-01
7.158225482831276354e-01
9.420932000222481673e-01
8.670150868266170985e-01
7.058046358216850669e-01
9.123560582292211674e-01
9.526017348648991856e-01
7.785481112626648770e-01
8.457482261151183511e-01
9.491854706685098897e-01
9.705850982543164918e-01
8.641327568996799435e-01
9.154215978117681285e-01
9.562579312794283748e-01
8.114820234118144127e-01
8.073371423579700501e-01
8.774781294319031755e-01
8.586828614650290348e-01
9.116257608865597772e-01
6.500098540754897236e-01
8.946905556017947792e-01
7.710062787996556644e-01
9.500529434972126985e-01
7.875071312216117558e-01
7.019218211642310745e-01
7.495123490484356665e-01
7.411123097124100445e-01
9.553448002484139501e-01
7.167511053007308286e-01
8.531157770032848919e-01
7.363613464696927569e-01
4.884373169480928922e-01
5.733505973569175129e-01
8.188333030396536261e-01
8.251857800747841587e-01
9.285193554593274001e-01
8.115828455745063286e-01
9.448116091638838476e-01
5.980266338301307716e-01
7.395841750835643325e-01
7.986842034725418760e-01
7.314538320164525320e-01
5.504328631762308577e-01
8.051952650152796043e-01
9.390653930273071825e-01
7.591692286013864699e-01
9.010085768473707901e-01
9.583250327943834135e-01
9.550073170250943377e-01
7.099262104939576545e-01
6.727305188641683475e-01
7.087497785508189985e-01
7.244213263078915777e-01
9.378315638529410858e-01
9.518526400928568609e-01
7.760936315593633950e-01
9.149845925015420711e-01
9.373399089848271082e-01
6.419778312394712749e-01
5.514276562075739463e-01
8.501286574612841873e-01
9.065952505473988676e-01
7.701978046827968605e-01
9.625530749718308465e-01
8.004021679004482692e-01
9.356008849122983140e-01
7.331529932712227415e-01
6.306994672574578464e-01
9.057654244869397520e-01
6.957751505113205504e-01
9.657092983836229605e-01
9.272812863399337857e-01
4.606006028554732734e-01
7.098732460450921655e-01
8.062590275104308812e-01
8.163487518836121115e-01
7.278288621960216087e-01
8.818083746516666155e-01
6.665916909913293109e-01
9.453753582139508005e-01
7.417916472080892110e-01
8.741437750344188684e-01
9.394647904493587109e-01
7.319565064639658170e-01
7.365924761152554678e-01
9.546699622898477955e-01
9.525581122562585268e-01
8.171774706385935838e-01
9.553078394426176567e-01
8.116740038324743445e-01
7.743366077152553650e-01
9.552216101309953800e-01
5.556056909683320111e-01
9.456948415274698538e-01
9.428150462571582846e-01
9.387717782751126006e-01
9.095671017292019656e-01
9.476600280802121024e-01
6.974566221487563666e-01
5.577481148587063453e-01
9.370006479209903594e-01
6.377876657420442630e-01
6.503591242674402473e-01
7.137885868865765371e-01
6.971051111685879764e-01
5.976054339167435892e-01
6.561206235825021160e-01
8.518631921268939866e-01
9.455002591463776973e-01
9.551426735322633421e-01
9.633169781338577486e-01
8.122932737559627192e-01
9.368653318321182866e-01
9.147000335498453039e-01
7.585354843812429637e-01
7.293230513922344116e-01
8.204163089939349174e-01
5.820675984030895256e-01
9.774589664522801424e-01
9.736426812814924503e-01
7.869190012676907653e-01
9.363119275594654622e-01
9.248202584465949894e-01
7.160100035628647053e-01
8.075386778796088683e-01
9.248474625065439270e-01
9.784709999470275754e-01
9.399319283066757125e-01
6.754606906592306448e-01
9.503357729913225471e-01
8.068135140193670729e-01
7.280966016796124318e-01
8.836365964258009464e-01
9.424772134042884719e-01
7.106228439651200990e-01
6.784397976670135666e-01
8.867738665043449764e-01
6.810996105042113058e-01
4.681274215290610607e-01
7.643569006479549177e-01
7.547700269497730208e-01
9.260711425180164769e-01
6.630051855073362255e-01
7.734393657171731995e-01
8.019939108518863158e-01
9.611819922201398914e-01
8.100117477725528037e-01
7.249767163349061239e-01
9.467246094922127098e-01
9.063709348115600584e-01
6.957764229061226269e-01
6.315283662113236884e-01
7.117960448498346082e-01
9.032853240291229824e-01
8.625981025462171603e-01
9.218048565253147419e-01
9.488429613836787402e-01
8.763791085103695977e-01
6.552913315437631780e-01
9.393188499009083037e-01
9.041323432912325986e-01
9.254943201518646134e-01
7.320957161289233239e-01
7.151577320988706798e-01
8.350842184832973913e-01
8.165121571141507051e-01
7.065237675540529949e-01
9.193260068320312506e-01
6.119501150627756347e-01
9.253194727973758082e-01
7.519837425388051777e-01
9.446619942730187791e-01
8.364440035484423941e-01
5.723895719217064748e-01
8.539266024340748107e-01
8.949655436895512794e-01
7.058440269554626667e-01
7.323858324261096620e-01
8.082074827472512935e-01
6.882648539100943985e-01
8.505274952733601346e-01
7.156870436735104368e-01
9.064590057388042244e-01
9.046745159789024715e-01
9.319895475503408022e-01
7.672516206440931352e-01
7.749592514495542428e-01
7.617890409315025702e-01
9.661453501318799653e-01
7.741664433695045755e-01
9.467074158293931063e-01
8.743676981480887900e-01
7.811334180559017515e-01
7.805871362351005649e-01
9.401270982582872193e-01
8.667955710458661311e-01
6.541283665705486250e-01
9.443475690393730027e-01
9.510166051205413140e-01
5.750261510255226804e-01
9.556940855426880876e-01
5.707942112414063907e-01
9.727319109012548815e-01
8.055724607990600861e-01
6.974959307836750000e-01
6.882573615717709758e-01
8.916692460268171860e-01
6.766658802617424584e-01
9.125182044095775380e-01
6.895076925799504819e-01
9.305031892641157931e-01
6.863636724666081212e-01
8.055390060682002806e-01
