-3.682977174769608841e-01
-3.476888960267308093e-01
1.592755998739894818e-01
-3.299184490274588710e-01
-4.821245172787124583e-02
3.423881108641144144e-01
-4.320264645952390237e-02
-2.224594291960045600e-01
1.051938552922045411e-01
1.529117111036052412e-01
3.459721611214358616e-02
-2.137752849462590254e-01
1.569502732540242751e-01
-6.704486933213658906e-02
3.452638690386910514e-01
-2.693886334343265077e-01
-7.483782153161190609e-02
1.070682586201545383e-01
2.051924835108284717e-02
-1.107779246314921640e-02
8.156023947703477939e-02
-2.071512004235463722e-01
-2.977480520544216469e-02
2.223635289362838330e-01
-1.275861074749627677e-02
9.822846178255643934e-02
3.955068770012254431e-01
2.198093200769487277e-01
1.114687096354571583e-01
4.075419895812603110e-01
3.472824180734482291e-01
2.757133456568187924e-02
5.575324425927877248e-02
3.417859456620379599e-01
-2.523877777232035324e-01
-4.130697456814206858e-01
-2.854008652040047611e-01
4.820873951603228402e-01
-4.486779789370706206e-01
1.036722093850155069e-01
-4.158374119014728310e-01
-3.605534773702817608e-01
-3.328348946949807319e-01
3.901949755343436799e-02
-8.285544875109247809e-02
-1.457518667910468746e-01
-9.221092451137620494e-03
-4.159618789379128101e-01
2.088610741764514167e-01
-1.626902675213341698e-01
3.791440805797697822e-01
-2.691672243175285417e-01
1.445640193847785582e-01
-4.245216700391800102e-01
-1.376139084198570728e-01
1.812154607736939094e-01
-4.836658681088829015e-01
3.881266151777015283e-01
-3.071890374777578314e-01
-4.143971992938878524e-01
3.924614336355746191e-01
2.478337378445589212e-01
1.020613585255565614e-01
-3.627785315648411890e-01
-3.445234190472482583e-01
-1.776881600207372292e-01
-5.088359901902771432e-01
-1.385286683881822856e-01
-4.031220609554585499e-01
-3.798366610307346569e-01
4.246773481514377058e-01
9.807271710435945533e-03
2.641863370494391683e-01
3.825029957820502702e-01
3.167826344986711673e-01
1.714027412835104902e-01
1.023377753419310449e-01
2.731246130075127426e-02
5.783826309636905250e-02
2.659959152489513867e-01
3.663321441473497142e-01
3.028422556912648833e-01
-2.437146684082921455e-01
-3.019416156596564926e-01
-5.093889074002764250e-01
1.878741404480074595e-01
2.383237455306614905e-01
-3.897855861049154269e-02
-4.502860290365361950e-01
-4.264072426531893001e-01
9.701124335301578028e-02
-2.864778085618834846e-01
-3.531137537819577510e-01
-3.344621567813301777e-01
-1.357156338498924364e-01
-3.256204974734466795e-01
-4.396854245421918383e-01
-3.145408141108098077e-01
-4.342707535378350081e-01
1.769622217246200058e-02
-3.896978158239493562e-01
-4.892231075839651444e-01
-3.692843976310876131e-01
4.124239971458579235e-02
6.564559744329068192e-01
-1.848249718272470810e-01
3.564316494501933441e-01
-2.922177917910880329e-01
-5.034842296721423471e-01
-4.020686810870758854e-01
-5.418373622893512577e-03
-4.644489249436020151e-01
-3.141164315740890833e-01
1.473179048353209786e-01
6.911475699695619757e-02
1.314345740927635453e-01
-2.458625044623438394e-01
-5.512491679631750796e-02
2.530621325679054401e-01
5.130752595508872860e-01
-3.645676828185693275e-01
4.986699878678855224e-01
2.143633787339109531e-01
-4.657854018848562871e-01
1.942781731150921565e-01
-5.126282869227787309e-01
1.334626896093449866e-01
-1.726087153385346407e-01
3.948915039164640345e-02
1.518629929979442850e-01
-3.631533311442534662e-01
-3.437450701686703969e-01
-3.259052504881557732e-01
2.138722921762235274e-01
-4.057918148570598404e-01
-2.216210869985922038e-01
-4.413272411781468119e-01
-1.202619737519809578e-01
-1.994978213380806387e-01
-2.579005587653909748e-01
1.084495014920772438e-01
-2.529787746394583370e-01
1.240956391250647439e-01
1.767221051489119288e-01
-4.799775131094907166e-01
1.206587639047493055e-01
-3.119853164688689562e-01
3.257960419702266575e-01
-4.813109977481346835e-01
8.991407587805626267e-02
1.277962109079563702e-01
-2.713266638313621137e-01
-4.703215434639354542e-01
2.703674263864536825e-02
3.765175385417612874e-02
3.529681408409234278e-01
2.411193247209115695e-02
-4.278751439661502842e-01
-4.901362956011403454e-02
1.951672141951177331e-01
3.545530920382113926e-01
3.089237556383717664e-01
-3.615901474559314321e-01
4.441457673331841716e-01
-4.538908665031226586e-01
-9.489306208894063288e-02
-2.684188896036682204e-01
4.260821996538950718e-02
8.437681566302798752e-04
-1.218869192544402846e-01
3.011171482721249348e-01
-3.819306293462739199e-01
1.633986207250081590e-01
-3.573394531638876548e-01
-1.369455186304707750e-01
-1.477691722084098214e-01
-4.262859578938953953e-01
-1.762406635178831796e-02
2.449451225797177334e-01
-4.234085327475498595e-01
-3.998599791419062965e-01
-3.368177343195893347e-01
-3.874881082285904776e-01
-3.904599446376423311e-01
1.340260964545742506e-01
-9.650422380077641749e-02
3.645503798134453466e-01
2.148757347163149645e-01
-6.440047886006104727e-02
-3.351315282669841134e-01
-1.219354233616246341e-01
-4.918232916538456401e-01
3.806065119576231837e-01
2.377316346946639902e-01
1.778280032995870619e-01
1.588018533534189813e-01
-4.583468306624446376e-01
2.622032638865099408e-01
-5.882560885651662019e-01
-4.234446543922661954e-01
-4.121642578069753537e-01
-2.913507672595286313e-02
-3.065694250131090759e-01
1.414504244874831007e-01
3.142874084540512314e-01
1.636487191537397412e-02
-8.292044895256270309e-02
-3.485308165119994639e-01
-1.684774370124980658e-01
1.186285823854570792e-01
2.007928212033867343e-01
2.129191294578662019e-01
-1.937255371290484349e-02
1.624856134778898398e-01
-3.989151521919715448e-01
4.347774377720378114e-01
-4.661555949501097196e-01
1.786078877400050502e-01
9.080757640213310555e-02
-4.113259000701847690e-01
4.339054924105132383e-01
-4.678481454585953214e-01
-4.355552167416482656e-01
-4.356314166871543270e-01
5.160139266791964607e-02
1.483172097322336680e-01
5.771772623128545998e-02
6.145395432950001569e-01
1.506517981761338609e-01
-3.182803196617178809e-01
1.024174093262633367e-01
2.742405632728792120e-01
3.222785068639845707e-01
-3.590516650881540039e-01
3.817160910513413274e-02
2.521030807437188437e-01
-3.072524476498897025e-02
-3.670892215218373722e-01
4.254357254002800737e-01
-1.174029149941742678e-01
4.004412545961591463e-01
-4.947283149653269874e-02
-1.981821663933296673e-01
-1.581843492607900303e-01
3.350504892079189112e-01
3.386802387038858608e-01
-1.647173705165967672e-01
1.001612034422150188e-01
3.392761959144063311e-01
1.641759591337196844e-01
3.629581332201552851e-02
2.648180305971679083e-01
-3.960481070512161250e-01
-3.718454041042382752e-01
-8.102613353031298815e-02
-8.136952052286771514e-03
-2.702907988113615323e-01
3.700358871398441996e-01
-3.779233648091034348e-01
1.460468082237020935e-03
-3.850483680439990841e-03
1.740235066446806367e-01
-5.537025665091087623e-01
-1.104935168894288083e-01
3.779647941162851410e-01
-5.215330049484765418e-01
-3.775661672996331042e-01
2.580682034858073348e-01
-7.079781258730363791e-02
-1.879188049242387082e-01
2.446397460655570233e-01
-3.666836684369729205e-01
7.495613455371999412e-02
-4.019334212748118529e-01
-3.296166491714884739e-01
-3.647401763536975983e-01
5.562073106141041806e-02
-3.951517873350577359e-01
3.436643853835245621e-01
-5.131767241859888085e-01
7.888837308708944451e-02
-5.732024072118659941e-01
1.578957988438388638e-01
-4.378429965248615829e-01
3.442933877451931357e-01
2.114084887284491399e-01
-1.809276708447670259e-02
-2.392537133292574891e-01
-2.753487407413383534e-02
9.339611155533145137e-02
-2.993018911672359200e-02
-1.154699508468684521e-01
-3.386896069407338561e-01
-4.182299004594620673e-01
