7.076037237791910073e-02
-2.731976063178743197e-01
-1.647899001438979938e-01
-1.704711620480267031e-01
-2.201140584216013663e-01
8.298318149997216397e-02
-7.345713051768294755e-02
-3.659495519092376137e-01
-4.966841210024555697e-01
1.270401454324839863e-01
-9.449836638158916335e-02
1.645964261680180341e-01
1.074530274429252308e-01
-4.705605687721043928e-01
-4.119189847614576627e-01
2.466184545626151359e-01
1.642067404244627604e-01
-3.443731276791799911e-01
-4.374324513358460731e-01
-3.717028341899522581e-01
1.529153629640329082e-01
2.965649181089664854e-02
1.996384603613103603e-01
1.610985640653786743e-01
-1.959020177525842010e-01
-2.213790372907271931e-01
-3.852199392717974291e-01
9.666776116397141072e-02
-4.122482400961428040e-01
2.087091624793152300e-01
-4.481099492605915557e-01
-4.320053432425083884e-01
-3.394192021261196457e-01
-4.288300691120292552e-01
-7.305857798891507437e-02
-2.380790348904182618e-01
-9.187500661958261650e-02
-8.406021562137024061e-02
1.207440931214079083e-01
-3.625473566033521333e-01
-3.218760502795526834e-01
5.706105259624147386e-02
-2.141356170164511186e-01
-1.505922367782965288e-01
-4.763911999049932344e-01
-5.736497114604188069e-02
1.327969561647592001e-01
-4.364989561396760975e-01
-4.685678768589560672e-01
-3.853665576844168550e-01
2.010497557295899129e-01
-1.914452358811213617e-01
-3.879188052009825971e-01
1.139717143537197774e-01
-4.985559614336651513e-01
-4.203379321718320183e-01
-4.355013786653168517e-01
-2.483781363237891893e-01
5.441306592921285601e-02
-5.429188082053846287e-01
-1.071201123505759745e-01
-5.724342945706673014e-03
-1.550201975322296026e-02
-4.031640909716360799e-01
-1.761318801764031883e-01
2.475671880719489959e-01
-4.598556406933015372e-01
4.731967989880081493e-02
8.230323564112720924e-02
-4.162600277712210084e-01
-1.467352183567331159e-01
-3.590019268140962616e-01
1.909869555827978793e-01
-2.817117669334577301e-01
-4.041017629908774111e-01
-4.432494182954179740e-01
-3.015000826795112276e-01
-4.520921241157406234e-01
-5.167172702536936280e-01
-3.310184856934654252e-01
-2.335869267171611918e-01
4.123539885617311801e-02
-4.777310023366947989e-01
1.090768401627583289e-01
3.429838236477026348e-01
-2.782911699332293320e-01
-4.568446285421777775e-01
-4.769799391732120197e-01
3.560944555871396050e-02
2.564631923360540799e-01
-4.365516143708345620e-01
5.172578179082825550e-03
4.129723795525610530e-01
-3.739517678967171910e-01
-3.314896424160619359e-01
1.053758456337423044e-01
-3.688160487029802370e-01
-1.471328630588956687e-01
-1.632305900230198725e-01
1.988802831996923370e-01
-3.792890364039536166e-01
1.189999728611383090e-01
6.199400634411258992e-02
-4.767543938619732691e-01
-3.561008701412031185e-01
1.077228773683301666e-01
-1.717430224861485333e-01
-3.152493405916086955e-01
-5.089623686240407618e-01
-2.290561456880310653e-01
2.935064104975900201e-01
-2.746513794736655800e-01
-4.196346018686845647e-01
1.577221548227666914e-01
-3.878442414037886476e-01
-2.133385710076852737e-01
7.365800604427027130e-03
-4.669499814507506730e-01
-8.591479946543571777e-02
3.533576263767140846e-02
-3.282719333392888905e-01
-2.471266743636804653e-01
7.051621879057333453e-02
-4.513398690350174380e-01
2.512833143975253258e-01
-9.504496581603204264e-02
3.607160834012897443e-01
-4.664922877671018320e-02
2.828820795129070587e-01
-1.865157649469852963e-01
-4.340614042780531756e-01
5.510181176452410429e-02
-2.461109496696851640e-01
1.320191040409608163e-01
-7.209502703813241986e-02
1.118835948244817219e-01
-4.404005353939625111e-01
-4.416660179096314476e-01
-4.050092199180150843e-01
1.529257230176484655e-03
-5.474559531685745384e-01
2.014465767255813056e-01
-8.363240718550329911e-02
8.693434710727908354e-02
1.368223775011454674e-02
-4.116321995064566863e-01
-1.829585982757851448e-01
4.000375503431435331e-01
-4.659592042879647789e-01
-1.293226808934317129e-01
-2.989641018883976153e-01
1.377670291260431890e-01
-2.271024866869767456e-01
-4.186535442795343842e-01
2.721703030173717730e-01
4.039714349518249703e-01
9.100035034459089123e-02
-5.014680930448890683e-02
-3.648585530466477711e-02
-4.278487007013712651e-01
-4.179524957574066724e-01
-4.182875925884400048e-01
-4.859768899554910981e-01
-3.194838420536378343e-01
-3.706298926917130920e-01
-4.257758341372064881e-01
-2.280284389138099721e-01
-3.591641132030463091e-01
-3.862185425076312129e-01
-8.515538167094868771e-02
-3.923627058510537613e-01
1.177312418694799467e-02
-2.094577548510370146e-01
3.033511326847517786e-01
-3.552625496230556457e-01
-3.250497251505561902e-01
-2.459985696572981884e-02
-1.317913245679625533e-01
-3.987605946392224765e-01
-1.515880310410344656e-02
-6.038409291374593341e-02
9.901870388695009628e-02
-4.590440646417041221e-02
9.699251261445292205e-02
-3.013946408930403553e-01
1.941958548180341693e-01
2.898377832905585372e-01
7.536373857133946141e-02
-5.069124880166596681e-01
1.200555358721836219e-01
-4.072815403421990443e-01
-4.168142225651842447e-01
-3.991979194570331457e-01
-5.881412883558231885e-02
1.332783767635298544e-01
3.407871647201991122e-02
-4.589824276042439033e-01
-4.438758973270954811e-01
-3.235018236144120429e-01
-9.108460636884116446e-02
-3.280439688312662416e-01
-4.987230018950575827e-01
1.734380923726735468e-01
-1.195260899154825945e-01
-4.216375269742487220e-01
-1.648717621973565944e-02
-1.601539762740556427e-01
-2.195646293553196737e-01
-3.290772032614203702e-01
-4.590972658838074483e-01
-4.790249224246763138e-01
-7.444559265280605020e-02
-4.195131302353433678e-01
-1.835043223067512885e-01
1.484280027093476950e-01
5.655091469064803950e-02
3.618171266364884897e-02
-3.930186422509459043e-01
-4.953937120646005887e-01
1.219267869690541101e-01
-1.039121703410618089e-02
-4.504741743652264097e-01
-3.091632047783071657e-02
-2.781758287735294766e-01
-3.187866660953914688e-01
-2.748025828314138996e-01
-2.180019341407940167e-02
-2.595770045786340297e-01
3.059214896415869411e-01
-3.441927307840305650e-01
-2.857698710203535053e-01
2.533878978148738637e-01
2.326782273838476078e-01
-4.818464410214989835e-01
1.527308160806938042e-01
7.366816692475344763e-02
-2.122903390666092127e-03
-4.081139607148707160e-01
-4.698322544157620961e-01
-3.874736075991346285e-01
-3.805344622159068102e-01
-3.109205043964987647e-01
-3.000052793742273224e-02
2.345528464271583735e-01
-4.435207005694299376e-01
-2.946993421709154237e-01
-4.497464470035884565e-01
9.581099642022244955e-02
-2.531887076652950541e-01
-5.846845920135799179e-01
-3.388201906513440415e-02
-1.881864366008922929e-01
1.508359544133912322e-01
1.756852966268359628e-01
1.878535773993511293e-01
-3.554875172779765891e-02
-4.811619318341278095e-01
-5.076907468485429842e-01
-1.877090189242118234e-01
-1.316512414097215367e-01
-3.214621736919882206e-02
4.633121419352468490e-02
-3.326265551542942900e-01
-3.925774777351061506e-01
1.960563237377651313e-01
-3.939835523397957062e-01
-5.693765125176809827e-03
-1.404906131217901755e-01
1.557167476010211105e-01
2.165032340652606191e-02
3.595307915265181231e-01
-4.692395990281590934e-01
3.912594744590577878e-01
8.517957852982632749e-02
-1.760546719303966029e-02
-4.241621913018355228e-01
-3.365057458533647905e-01
2.388106578577628425e-02
-6.637345314844619870e-02
-2.770851900956453062e-03
