-1.889001231482839160e-01
1.217468691113790524e-01
1.861019598784062201e-01
-7.473047558577605720e-02
-4.439496917822713939e-01
-4.311806378061625034e-01
-2.518486348189006852e-01
-3.750862251986756823e-01
-5.095241537206927074e-01
-1.171748074687297692e-01
-4.942370582236923493e-01
-3.410573021028066032e-01
-4.687299831465615574e-01
-5.037515171567539252e-01
-1.584455584871340972e-01
-1.026175231130960624e-01
-5.075010048209450675e-01
-2.653343397509241308e-01
-3.585520014495143792e-01
-4.517664127749351222e-01
-5.335515995831179303e-01
-1.816328881284481334e-01
-5.508627545078618182e-01
-5.107870312676845437e-01
-4.681487304936270410e-01
7.788286684052890541e-02
-4.127862565164723829e-01
-5.349841468360383434e-01
-1.336255820376253123e-01
-4.446281674265851747e-01
-1.247206444007056270e-01
-3.087688579501565722e-01
1.058549439620831978e-01
-1.466226752070936556e-01
-5.078545515567706170e-01
-5.403778196494021246e-01
-3.028526179447517119e-01
4.578568683059381361e-01
3.619974367547411087e-01
-4.548966896427985018e-01
-1.014078502962605377e-01
-4.737399700440321215e-01
-5.228640281592159544e-01
6.517237751446083860e-02
1.776639768030012223e-01
-3.701968523129127719e-01
-3.122029942905067967e-01
-2.528754940003202778e-01
3.240026038206763603e-01
-1.404109015482588041e-01
-3.056086073048243368e-02
-3.939833126563754284e-01
-4.355360673813822858e-01
-3.938104619784808524e-01
-5.328597938579796578e-01
2.636822346283200502e-02
-4.760947968147177245e-01
-1.221893923813831689e-01
-2.148966184933173706e-02
-4.343092135672702581e-01
-6.171797015827633626e-01
-1.656514603896186433e-01
-3.698622845838399620e-01
-3.966829430371723308e-01
6.791283764696764980e-02
6.836614314598558895e-02
6.548913807249445718e-02
-5.703450066534849761e-01
-3.051901940162424914e-02
-4.983016911755572265e-01
2.101951884998936454e-02
1.581778935917035195e-02
5.365984558415330674e-02
-4.804587933856482307e-01
-4.551119037510156784e-01
-5.443085368204748642e-01
6.750255753838332873e-02
1.288192054029363154e-01
-4.559464575109371531e-01
-4.666836215166590973e-01
2.417180903696280192e-01
8.397677927925312202e-02
1.599765062223883760e-01
-1.297834605019546339e-01
-6.108345586928944915e-01
-5.699039895712447734e-01
-5.102745024890230630e-01
-1.865624908066199072e-01
-4.270659081633650933e-01
-5.255030332332779608e-01
1.702826275881938189e-01
-2.765982753171322139e-01
-2.464226684469791179e-02
-4.359482022176119909e-01
-4.204197658200188314e-01
-5.404981176175598367e-01
-3.449857825372971143e-01
-6.080198023126111018e-01
-4.925801369820839160e-01
-2.202894736394148678e-01
-4.660433380411526105e-01
-5.315789135230655216e-01
-7.893555034479884935e-02
1.749599286660249164e-01
-4.345968801315419627e-01
2.014940269763211556e-02
-1.109013557996830074e-01
-5.166440834333257959e-01
-1.195480352544299324e-01
-2.111054435001488705e-01
-5.103191863531929551e-01
-4.228767553526333600e-01
-5.136010522854382865e-01
-2.210606575980788024e-01
-2.334068524436653733e-02
-2.224794431103542802e-01
-2.362008118247679866e-01
-4.840656583252476719e-01
-3.941867536996040977e-01
-4.824402968423184834e-01
-5.481196153470933030e-01
1.823942727341378023e-02
-1.367059552320860072e-01
-4.628013165566060017e-01
-2.069274972407816049e-01
-4.866268545988162164e-01
-6.061841538788195066e-02
-4.651940771683615861e-01
-9.511851094733644874e-02
-3.140048614374073011e-01
-4.715892611011098801e-01
-1.309811858172987148e-02
-5.339331313664366085e-01
-3.600537007332925421e-02
-5.396259113403754082e-01
-4.565241437239435096e-01
-3.200648165426961955e-01
-3.103192335050025674e-01
-4.376780969464088566e-01
-4.213711491034615175e-01
7.201235723335711048e-02
-2.395706793248472133e-01
-4.331804110841413480e-01
-4.044855885403257356e-01
-1.007647758876357991e-01
1.468513007042092089e-01
7.325633562175670743e-02
-6.119771383695201683e-01
-4.968788196539217217e-01
-4.835448070492111006e-01
-9.555828050921508221e-02
-2.498004886363511534e-01
1.764540625206391100e-01
-4.064642394623476651e-01
-6.290949719673968321e-01
-5.944217749542749507e-01
-1.710765404917897192e-01
1.583292854199755684e-01
-1.455082199808471199e-01
-2.963037654169384805e-01
-4.634510950460984935e-01
-4.866916608171347747e-01
-4.343556526268746998e-01
-2.414087941236234824e-01
3.532323684956627241e-02
-4.206979005302892705e-01
-4.110889890148667902e-01
-4.685018430203168327e-01
-5.692810577124108873e-01
2.939098658098837635e-02
-2.866215811329546614e-01
-4.559266710342717577e-01
-4.911907937133773716e-01
-2.451852243694294664e-01
-4.768413062342545805e-01
-4.319826559840574953e-01
-4.566347329738918437e-01
-4.528642728102794113e-01
-1.270770243102256336e-01
-1.985564583737756683e-01
-4.292002869574200741e-01
-5.024496405692261414e-01
-4.443631034887081110e-01
-5.267826628353409202e-01
-5.277438446809619432e-02
-3.870416786343439108e-01
7.605645621956101665e-02
-6.134541399611244117e-01
1.517213443911289983e-01
2.181852128493538268e-01
1.617867372390256742e-02
5.957912844655634255e-02
-9.791021902970500901e-02
-4.394878845197590089e-01
2.027228789702151812e-01
-4.408240657656263828e-01
2.166708999740149522e-02
5.034635709835313250e-02
-4.535374789671433593e-01
-4.792484886648356590e-01
-4.319584397032964762e-02
4.197351716772504404e-03
-2.165049365859881420e-02
-2.455485835714406595e-01
3.040589448991738997e-01
-1.560471834868415453e-01
-4.335245183073552777e-01
-4.474630594802617156e-01
-4.222959499722311327e-01
-3.429977432668849247e-01
-3.698035911434960354e-01
-5.081634600304567595e-01
-5.235437870991651588e-01
-3.419934973042655368e-01
-4.366393073831315585e-01
2.394098420965583840e-01
-2.476370718243655483e-02
-5.609413808596972473e-01
-1.533154710369651064e-01
2.970477392588190615e-02
-4.893740396447574525e-01
-4.561728639700293186e-01
-4.936164222877515995e-01
-7.652007936461549531e-02
-5.422841674274825330e-01
-5.140410019517726026e-01
-2.462511735563975845e-01
2.368816555876444852e-01
-2.236839564102397204e-01
-1.383765650936993885e-02
-1.713287643267079052e-01
-4.951171662105761095e-01
-3.496647767075726221e-01
-2.750283337832599706e-01
7.891408641050284833e-02
-4.017362786453285151e-01
-5.113200166205515984e-01
1.360234968917004295e-01
-5.666401632732984694e-01
-4.626518561351473102e-01
-5.769395321499219687e-03
-6.422380364607564729e-03
-1.868014733923711035e-01
-1.970024574310583754e-01
-4.146130062854103127e-01
4.801034640348840477e-02
-1.661781295072560782e-01
-1.047242010140778529e-01
-4.567907168958930120e-01
-4.569533268945028537e-01
-5.706813426073047424e-01
8.341786400717494249e-03
-3.138164244316354878e-01
3.230478941166710360e-02
-5.035441080526953384e-01
-5.565449901463874749e-01
2.805763656367126768e-01
-4.679131760518425720e-01
-1.751112341462829347e-01
-1.644819701344731044e-01
-4.782392328602961817e-01
-4.758642201322943466e-01
9.749878954182120139e-02
-2.427862034711550931e-01
2.180775854873406028e-01
-6.348732368572830298e-01
1.821786569204833506e-01
-1.130548828056938404e-01
-4.421307531326723050e-01
-4.733304472153430642e-01
-3.144223924942471382e-02
-5.080699200440683683e-01
-3.206256214722499887e-02
-5.113587562688586274e-01
1.969241047506764541e-01
-8.595179069313818587e-02
-2.379713256413145961e-01
-5.035900826959693877e-01
-5.618426699698191307e-01
3.387933233884500295e-01
-5.364318295481123045e-01
-4.111550072155037427e-03
-4.112612184431452267e-02
-2.575269142816160040e-01
-3.992570299214930341e-01
-4.484142201996726973e-01
-4.831357191979483434e-01
-2.683042115939434091e-01
-2.326000513328101427e-01
1.050808219102347396e-01
-1.769631441418890727e-01
-3.017990303294720844e-02
-5.636682977614888568e-01
-5.300213381418780179e-01
-5.592588874496109419e-01
-4.728788084706675998e-01
-5.252953086894229795e-01
-2.419637309613391352e-01
-4.378008352610404663e-01
-4.443274362636897568e-01
