1.741815701340902467e-01
3.155052441226747217e-01
-5.549658383095032455e-02
-2.966091962080215083e-01
-2.618143173685759384e-02
1.885849180835551253e-01
-1.268340126341870322e-01
-2.192507727167204989e-01
-4.509660055097958198e-01
-1.998508322190147568e-01
-1.589304311052264218e-01
-5.177568508194761998e-01
8.211988905140014949e-03
-2.452248877387729342e-01
-4.474106559524771431e-01
1.525240164859338055e-01
3.092581128085336584e-01
1.113336283635371904e-01
2.131866553836273825e-01
2.473000802477893501e-01
-1.579564142718807851e-01
5.584415270998663305e-02
1.087796334994606262e-01
-2.206401508939719036e-02
-4.554590929766632046e-01
-3.782870792922630176e-01
-3.686540240660341472e-01
1.567462395613871129e-01
5.373856858379773282e-02
-3.327344890079179107e-01
2.705324146329920326e-02
1.539470009524532279e-01
-5.890466430435925549e-01
1.059661461493775214e-01
-4.814154072712382160e-01
-3.675246630321776786e-01
-1.074055121239125832e-01
1.433098540971678228e-02
1.920787162097355172e-01
-3.258852721454701395e-01
-2.164441981028159545e-01
-4.485289028332258288e-01
2.289317387458522646e-01
-1.122002601506504049e-02
-7.699976545200676314e-02
7.845510974206609811e-02
-3.573933302335504658e-01
1.125420406323817402e-01
-5.177983995166368647e-01
5.730892876323218782e-02
-5.230822451336128998e-01
1.907600705668868191e-01
-1.091425156309769745e-01
-4.427024144768989533e-01
2.794983305399522111e-01
-1.944303372376333106e-01
-4.436867271558783132e-01
1.549250245886243105e-01
-1.007523003644766740e-01
-4.685286818256494401e-01
3.086805245687181398e-01
-3.700269113711369129e-01
-3.219231096607513276e-01
-4.254713109702933926e-01
3.225186695751715571e-01
-2.103498140576217645e-01
-4.257091724244067010e-01
-3.966304559640349003e-01
3.085157065986628422e-01
-4.982945065484028491e-01
2.801898044435900403e-01
3.250685534888599348e-01
1.358804212687940161e-01
-3.342474103518850437e-01
1.343298316331983377e-01
9.029273923074791763e-02
-3.579497093294058407e-01
-4.670661405933905774e-01
-1.323452984579888136e-01
-4.323796382480478151e-01
-5.044505411592864474e-01
-3.100370978276542067e-01
-4.484403173113250540e-01
9.817356256527787206e-02
1.546928967000983091e-01
1.341634632516540970e-01
-5.409349641438403467e-01
2.194050964400368342e-01
4.450133739276214695e-01
3.101267911218958881e-02
-3.942998853945889337e-01
1.701748284693845870e-01
2.494033652758796682e-01
-4.446039961358582149e-01
-5.708940132506481469e-01
-3.254926709716469968e-02
-2.573307693204182622e-01
3.423629495795567357e-02
-4.155940181728872140e-01
-3.568016352526667823e-01
2.671805441398955039e-01
-3.153041969849094128e-01
-3.721981783285982504e-01
-4.285292561652394028e-01
2.079932238029826574e-01
-1.082928102775194967e-01
6.671550897848779749e-02
-3.466446023181792291e-01
-3.886237672951466382e-01
-4.074829974252826559e-01
-9.503532913762115231e-02
-7.184174533853444899e-02
-3.784068322683713514e-01
-4.510759944964600199e-01
-2.073269455348414059e-01
2.654670779792563939e-01
-3.677481260846933164e-01
1.601456875151376913e-01
7.811818626367381113e-02
1.722990541532533337e-02
-5.285249401581852691e-02
-2.685227776141573680e-02
-3.965286508474180627e-01
-9.155680193832801961e-02
1.559431212855380555e-01
-4.427034820409783689e-01
1.978009787862062552e-01
-1.692844727701278973e-01
6.240831642580651518e-03
-2.659101418039771514e-01
-4.051199823355879914e-01
-4.714258358220420053e-01
2.956723243309843374e-01
-7.668373652142165819e-02
-3.792953693928229342e-01
-4.530215200470248949e-01
9.047538615149630647e-02
-5.283352687294335520e-02
-5.872672097727090756e-01
5.728400418326749094e-02
-2.762697691486314944e-01
-4.427479670952225721e-01
-2.382882681302125327e-01
-5.506934104580592237e-02
-4.123580144629387934e-01
-3.621695355973398867e-01
-2.291952411680706903e-01
-5.759241493846556370e-02
-3.963904861339975771e-01
-4.349510427138243984e-01
-1.325971537379247167e-01
-4.544254835733699260e-01
-4.546532936448709483e-01
3.488619165205208983e-03
2.766179088029230848e-01
-1.615600172450443878e-02
2.343014439625651021e-02
-3.761899876319883540e-01
-4.370692460643635369e-01
-1.406471141533400804e-01
-1.994652282066037285e-01
1.859341808876246172e-01
-2.295593939346641243e-01
-1.595535108146479697e-01
-1.381236571636882404e-01
4.825336687463891994e-01
2.708151758251747809e-01
1.554861160391781683e-01
-5.151908409355407947e-01
5.191765715799227798e-02
-4.174584599464136736e-01
2.469350471760964338e-01
4.902080232618503119e-01
-4.474021734699022979e-01
5.304605794194492546e-02
-1.042938705161005897e-01
-4.540721032138287372e-01
-3.019451865310827654e-01
-3.521616471437887252e-01
-4.321172682629987882e-01
-2.167338853739377014e-01
-2.236059644948440450e-02
-2.047924051785668942e-01
-1.659036152446308199e-01
-2.422028245772206989e-01
-4.346024312950512725e-01
-6.679780642062695117e-02
-5.129941866657559135e-01
2.359233880445590209e-02
-4.491863943524185832e-01
-4.694381607520693445e-01
-5.221954454635194948e-02
2.429543477317277489e-01
4.000075725341264432e-01
2.345998639837637567e-01
-3.280483044001575310e-01
-4.948269071698404575e-01
2.711770278237434217e-01
7.488080933796294192e-02
-4.494681614534891678e-01
-4.314881745510902866e-01
-5.344436999571547942e-01
-4.197136668193405806e-01
-5.154235018531150986e-02
-3.441473126399874349e-01
1.990061893212439481e-01
-3.535512605906902528e-01
-1.314652859493788961e-01
-4.623201731456253460e-01
-3.676293625971743251e-01
-2.116431311214686806e-01
2.646116737600960334e-01
-5.633183900238955544e-02
-1.506410886115128744e-01
-4.943203462209681542e-01
-2.805068945496541066e-01
-4.837899092747804941e-01
-2.832797284075797561e-01
-9.531064837622106600e-02
1.371926311245753038e-01
-2.813457058670739558e-02
-2.896241323663580891e-01
-3.788125485292721528e-01
-1.539135381781938927e-01
-4.679919474850012251e-01
2.809493684810752262e-02
1.865296840407893730e-01
-7.132427422882904600e-02
-3.560266805295358439e-01
-2.906898851642623210e-02
1.584047150772229795e-01
-4.216798124750726906e-01
6.387628027230522754e-02
-2.606343943984563705e-01
-5.117671216957089264e-01
-4.518309034543923075e-01
-3.519811279937521548e-02
-4.246999226559156071e-01
-4.688526132190865559e-01
7.328804923365496438e-03
-3.677619019876885997e-01
1.703733151123248413e-01
-3.584662785627182324e-01
1.603504515270212927e-01
-7.429014213862000782e-02
4.594752714132739890e-01
-4.149198623999587054e-01
7.106538026572263578e-02
-3.781024898374822918e-01
7.782327839592560748e-02
-2.609769441472474250e-01
1.081628518670523925e-01
-4.192280220566412807e-01
-5.136860175584573307e-01
-1.422087369226323339e-01
2.941095373209752784e-01
-5.020442828422082560e-01
2.759928569444459745e-01
-4.771473317073620102e-01
-4.942179357774418857e-01
-2.244189772898549581e-02
-3.658877374177316733e-01
-4.273246194416462362e-01
-6.110633244513644091e-02
-4.279951301210355163e-01
-1.683043713978720213e-01
-2.385255949837506717e-01
-2.241106713735351863e-01
-1.209967474936824994e-01
-4.769812584263273814e-01
2.392567999750356555e-01
-3.351605750253336402e-01
-3.823406667653712204e-02
-3.703215750746429724e-01
-3.160309468074058437e-01
-3.344749669304003525e-01
-5.282842062450299192e-01
-3.348915965818027862e-01
-4.573372890530208457e-01
-4.540610151886914636e-01
-1.313251314096519073e-01
-1.193588860732026358e-01
1.677552914900450609e-01
2.402880385772974969e-01
-2.046381860400944275e-01
1.214420172122646080e-01
-4.409434341414437686e-01
-1.597022083303908657e-01
-1.002541538470195503e-01
-1.544342037607122631e-01
6.320938875711669402e-02
2.757461236510308500e-01
-5.076658340440422246e-02
1.456417131224266581e-01
-4.327332296761925434e-01
-2.040404972930275895e-01
-1.502908347190963223e-01
-1.120346304724564868e-01
-3.614971230740081087e-01
-3.651558074636725437e-01
