-2.418852120440129760e-01
-1.658807386021517172e-01
-7.276317981460281303e-02
2.413735695773273349e-01
-5.031943492105311888e-01
-3.789254482836328375e-01
-3.580142342673331979e-01
-2.119159785636515470e-01
-4.489741984735309832e-01
5.838787291465499102e-02
-9.998939952968495526e-02
-8.513452493358741879e-02
6.579111635708217304e-03
3.699607063711030097e-01
-5.163007041513669737e-01
-4.462415256982219525e-01
-2.475180100327919741e-01
-1.077390755716369497e-01
-1.588017379684138197e-02
-5.406358050979709340e-01
2.299927715666830880e-02
3.309041281171570814e-02
-4.619427831499984816e-01
-5.051555223083929735e-02
-4.523879029492300363e-01
-4.282905055027707575e-01
-3.940829568337890221e-01
-2.378715917428272375e-01
-5.609287903269828401e-01
-4.647796733574296457e-01
-5.065143121699604567e-01
-1.309451573369786737e-01
-5.143146245585622500e-01
-3.114744754266939863e-01
-3.300704311680910941e-01
-4.477422494895711980e-01
-4.714913821243222891e-01
-2.986541631020507848e-01
-9.770102163697028108e-02
-4.054798327033239946e-01
-3.160924766918556394e-01
1.211640414160447543e-02
-4.339188964472803223e-01
-4.418294534987056155e-01
-4.945166669317765384e-01
-4.291549042897609967e-01
-3.831666835437142482e-01
-4.905260312558659130e-01
-4.193228767964621850e-01
-4.974727148137382815e-01
-5.229440833004423972e-01
-4.411500157822504375e-01
-1.223178514088221341e-01
-4.671893684166207317e-01
-4.724019084297260279e-02
-5.206674924641433444e-01
-4.792458833825878894e-01
-5.669492302910548176e-01
-3.778841549920020637e-01
-3.791443818634540053e-01
-4.337482152122517087e-01
-2.957492186083697794e-01
-5.469455824342104311e-01
-2.742068781872487870e-02
1.371269082717789245e-01
2.329440327671530864e-03
-4.917606714636244547e-01
-2.179694609838291330e-01
1.300054634419055277e-02
7.655254569594324709e-02
-2.687059197197975979e-02
1.121326492717681089e-01
-4.663401733466176480e-01
-4.460423788202415030e-01
1.295499981909740278e-02
6.077013538036108581e-02
-3.786288338679450610e-02
-5.244148669799409551e-02
-2.972983634438999268e-01
-4.867205785912034899e-01
-1.337568695979445554e-01
-1.708559110007804860e-01
7.079299637589972494e-02
-5.125416181291324591e-01
2.898126149048920602e-02
-4.108385205117471850e-01
-1.121553119824797440e-02
-4.667005057457874750e-01
8.196728942358423586e-02
-5.300387646491157012e-01
-5.224155183046477191e-01
9.488497063577343293e-03
-2.623821578130042798e-01
2.484015590841035653e-02
-9.285546074172329467e-02
-4.388535451947801480e-01
4.547518472160608227e-02
6.951150010666623524e-03
-3.813166776213307019e-01
-5.050457300904663827e-01
-5.259607353911238681e-01
2.950332490668607088e-02
-4.636704600725759517e-01
3.888705343864311964e-02
-4.896588531304886249e-01
-3.368210755516554133e-01
-3.758492712240600886e-01
-9.997381406266016290e-02
-3.138627145802497936e-02
1.671043953741242760e-01
-5.624148445085850323e-01
-3.630634869984333823e-01
-5.562349585754305936e-01
-5.661529699361753654e-01
-4.777868499060805574e-02
2.567524304120247236e-01
-4.261492077209846213e-02
1.160380248009723614e-02
-4.385297420869948004e-01
-3.236081285359151405e-01
-5.152480055256483116e-01
-4.064486066097041661e-01
-3.952206918305472549e-01
-4.841514825580799375e-01
8.969740947896578942e-02
2.199387512676549694e-02
-2.238497782067792319e-01
1.694785717615412690e-01
-4.581550478784391367e-01
-2.980060925733366561e-01
-5.050853811366272650e-01
-3.818935832443347556e-01
-5.150203458941934320e-01
-4.482655283365386684e-02
1.016129239942058504e-01
-4.283828884961721900e-02
-3.493266169940393850e-01
-2.107727446967425922e-01
-4.513072720541119187e-01
-3.860238754778421155e-01
-1.163793322855847384e-02
1.848311146546673389e-01
-4.546983674465014946e-01
-5.121351921918237959e-01
-4.550473702109392171e-01
-2.676286903247904192e-02
-4.057729882390751497e-01
-4.210363743188399455e-01
-3.752772153795680410e-01
-3.855249597832288710e-01
-4.548720690074682382e-01
-4.439141170690682481e-01
-4.262933553558678756e-01
-4.856669853272528870e-01
-4.012368894623774551e-01
-2.413348808598899387e-01
-1.562001436525151665e-01
-8.878874154386173778e-02
-2.259854515004049158e-01
-4.788105804456981307e-01
1.246571526389211593e-01
-4.460261023282399706e-01
-4.656003836675088325e-01
-2.064839180078435477e-01
-4.535877692829354824e-01
-4.106005797249719924e-01
-1.635380680910426543e-01
5.481879110304989366e-02
-5.393708393757027375e-01
-5.127419773301852279e-01
-4.760269805715836577e-01
1.512473468445240388e-01
-3.151736934715805849e-01
5.590557311254652773e-02
-4.540179345814219780e-01
-2.647964259026339140e-01
-3.588008067477450047e-01
-5.391745936673199013e-01
-1.399528769530257177e-01
-2.765385447912738770e-01
-4.480182263378213459e-01
-4.786352426009216066e-01
-4.175141235215420465e-01
1.438276575973575916e-02
-3.783944825097203535e-01
1.947372661499001401e-01
5.316845301386891043e-02
-8.554686544952347371e-02
2.258118115640502799e-01
-2.884016222524393158e-01
-1.014245350161405573e-01
-5.187051438857775976e-01
-9.233297792563681383e-02
-2.256731793609622616e-01
-4.860984961072007393e-01
-4.365699300104447511e-01
-1.689970311701445294e-01
-4.908890615052746154e-01
1.047101692345128177e-01
-1.142343011734378855e-01
-5.481654831501479030e-01
-4.838088239322349549e-01
6.982670075986865954e-02
-4.469281724785971743e-01
-4.086595242725211130e-01
-4.233644999589476488e-01
-2.849186637445628167e-01
-4.340944008575976509e-01
-4.833970553421192418e-01
-4.981547282053160330e-01
-3.801937545764634274e-01
-3.155229466644160485e-02
1.734725559388544114e-01
6.983544290218579587e-03
-7.008599842194666862e-02
-4.555425698241161170e-01
-4.387451897842752357e-01
-4.273794028961316327e-01
-4.299863941400450251e-01
-3.266595257300624056e-01
1.280575935565861079e-01
-2.309815663785977635e-01
-3.012143887441695034e-01
5.932416605199617582e-02
-2.204667744003931951e-01
-5.556397892913456094e-01
-4.606553528523257279e-01
-1.676780711588868322e-02
-4.676224139285260067e-02
-4.872878856742042797e-01
4.237375361731800238e-02
-3.575043382600126551e-01
1.194582493148747537e-01
-4.308865690541008320e-01
3.655026166905640111e-02
-4.669077467722692054e-01
3.029178488853415674e-01
-3.299335782050815125e-01
3.259958510986823987e-02
-7.591111369957199984e-02
-2.932770992257501819e-01
1.079078638650995126e-01
1.934853551612195910e-01
9.227952648348657083e-03
-3.201210569700235764e-01
5.837123443471341211e-02
-1.901480685965918627e-01
9.677696100968607995e-02
-3.980727357625665208e-01
-4.946444122143701105e-01
-2.507877845330457323e-01
1.266965190119603013e-01
7.522764806899498446e-02
-2.708153422000318944e-01
-4.360091800261761685e-01
-7.388341322599890904e-02
-7.025854782103367613e-02
-1.669577294492297637e-01
-2.237573437949664235e-01
-3.301983470772594242e-01
9.904256033414965410e-02
-1.316600571704117373e-01
1.074299407285070895e-01
-2.722674547372514464e-01
-8.033991194416248427e-02
1.831902009728450520e-02
-5.838562240918937496e-01
5.918156449925700974e-02
-4.466122833301054973e-01
-2.493243159609598025e-01
-4.980475739384681577e-01
-4.787362313789685353e-01
-5.791904393532268935e-01
-5.404790784810400428e-01
5.851893639411268749e-02
-2.951821941495137019e-02
-2.099550413921573710e-01
-4.521179490358204212e-01
-4.619969337033857926e-01
1.261968126399944101e-01
-9.488358344027500446e-02
1.626087967956406088e-01
1.404431437381002401e-01
-5.147151732080593178e-02
-2.808413830741748884e-01
-3.429983079229073084e-01
-4.896521855877394303e-01
-1.381555417020124965e-02
-1.289411525457381524e-01
