8.025885089777804460e-01
8.117047459536057552e-01
-3.091873301927321877e-02
8.280891476231236892e-01
1.382771128398089036e-02
-4.237324645555341496e-01
7.996065922017039362e-01
-8.070355196537626341e-02
-2.523465108201263241e-01
-1.411706657965673406e-01
8.274121876363594863e-01
-4.774839167338795765e-02
-3.919474882620859746e-01
-3.612696459192478171e-01
-1.293965451825189461e-01
-2.320711942947143724e-01
-3.658007585946785878e-01
3.722668136569860092e-02
8.194882560755369916e-01
8.189995561470794216e-01
-8.055125600010369646e-02
-2.539999308859980376e-01
-9.066139094738916160e-02
7.932515121033304473e-01
8.202440866786497864e-01
7.800725868294045018e-01
-2.374186621220935045e-01
-1.489868321798004103e-01
-3.667494957877483475e-01
-3.415691593200457232e-01
-2.895950218278184884e-01
8.399672229134617085e-01
7.764272214564694741e-01
5.257399118892427947e-02
-2.937693491131973533e-01
-8.105936074393402246e-02
-3.957662776276684724e-01
8.067771678217187103e-01
-1.157060778187357919e-01
-2.629431792928652589e-01
8.251439288177512266e-01
-4.184096355280919610e-01
9.830228833402132604e-02
-5.349601882993125501e-03
7.681897923579410481e-01
2.282957723912188569e-02
8.161636124151644411e-01
-1.706543134515863536e-01
8.130590954010583626e-01
-3.688905381263136163e-01
-2.083841074652961478e-01
-1.056602040427044864e-01
-8.247280300825696187e-02
8.516500597938174710e-01
-1.905571401059925341e-01
8.290160259483905225e-01
-1.267758201074897229e-01
8.119661350213467355e-01
-4.452889910394122741e-01
-2.464689167977814344e-01
7.534739418690794555e-01
8.248394559428881001e-01
-2.942434167221739671e-01
8.044052540216486413e-01
5.862811249593712082e-02
9.416630199618296615e-01
8.091104351888500634e-01
-4.784116008861492020e-01
8.289399273620169373e-01
-2.834736143380722773e-01
-2.392168101930085833e-01
-3.686063573353384193e-01
8.525890488487559704e-01
1.399810882749512042e-01
-1.029618041913717141e-01
-4.154175450614265297e-01
8.002503556753630676e-01
8.391762291897932879e-01
-1.702194986964216394e-01
7.854469095550955515e-01
8.468842794214532788e-01
8.048949192276395603e-01
-5.208477012783168103e-01
3.743002520573440739e-03
-5.320577374006356386e-02
-7.979622981439493667e-02
2.091026592999990080e-02
2.673145958815432710e-01
7.554448955767276708e-01
-3.728779393195322256e-01
-4.106114690764886554e-01
8.373196312103063921e-01
7.928074823919125658e-01
8.099594811692292229e-01
2.327148921934432679e-01
-3.165881577111482881e-01
-4.111050492482178909e-01
1.049965779911985198e-01
-2.089817505884287163e-01
-1.255908075150999059e-01
-2.529108853028609327e-01
7.805667757957571729e-01
3.781785051416410026e-02
8.236557347227487780e-01
8.528417453116401425e-01
-1.319726182272064896e-01
-4.289525647555887666e-02
8.238345641189295243e-01
-1.290535957343158513e-03
-1.792118960805229866e-01
-4.133808511440066336e-01
8.276214760720503882e-01
7.492745221737793226e-01
7.776350851785586160e-01
-3.841759899032660686e-01
-1.368936771925124973e-01
8.155662243027301805e-01
8.616856715884628481e-03
7.780703687990208062e-01
-4.275375037079223173e-01
8.180272219298930780e-01
8.242804950169368983e-01
8.144181323182850818e-01
5.180979722893239159e-02
-3.741402363142009024e-01
8.054174753707282752e-01
-3.407873053267587160e-01
7.949351504131481061e-01
8.045538480769904854e-01
-1.667429699715645419e-01
-1.599255403109273166e-01
-5.111777114195117239e-02
-4.230119562118712651e-01
7.883673432812566828e-01
7.830264095245694778e-01
-2.062313549147164748e-01
5.942042608040813689e-02
-5.755007267721241604e-01
9.638283392520838877e-01
-2.749767698490094281e-01
7.923159165181689056e-01
8.069954771483169864e-01
8.019840707777036171e-01
-1.018885343794020126e-01
-4.991444156668856102e-02
8.341092266684225764e-01
-4.014074001371020772e-02
-2.844985097013538744e-01
2.012965059725076999e-01
-1.628833764586765098e-02
-3.894902422304590828e-01
7.500893842035996073e-01
-3.286601168553563435e-01
-3.053970003936671285e-01
-1.938192002392134794e-01
8.276223822860433177e-02
2.943533403392307318e-02
8.269977089294349160e-01
8.445839498343722385e-01
8.283507924391861899e-01
7.531552357106163775e-01
1.698185610673415974e-02
7.533597969908025771e-01
-1.991702911563112688e-01
-3.418914091010339384e-01
-1.925214664696849320e-01
8.014129251342333449e-01
8.274673334809524716e-01
8.102004732256344877e-01
-4.000832003932330849e-01
7.928163734978873611e-01
6.628304075991472977e-02
-2.331994493517638989e-01
-3.795163963553784825e-01
-1.108778086807904739e-01
7.803726426183721365e-01
-8.856926071949106083e-02
7.955237912542574286e-01
-2.583005593467366245e-01
7.877153799711360538e-01
-2.091644483741841309e-01
3.941782375498110308e-02
1.121773482399474053e-01
8.097435463477002937e-01
-6.099352821317279016e-02
-2.500358914152285283e-01
-2.666338759325382890e-01
8.180112930462790644e-01
8.046840553449349231e-01
-4.089248167823306135e-01
8.415233692804225951e-01
-2.446068473915604946e-01
-3.437475575137161621e-01
8.140698673419726195e-01
-7.416031928068382573e-02
-1.373319132526052422e-01
-2.576615088814966370e-01
2.644225481518760468e-01
4.956479308780119969e-02
-3.374501557501447535e-01
8.067840760132326539e-01
-4.492344630957886831e-01
-9.961216436441865107e-02
8.084116544496873225e-01
-2.126427210284680125e-01
-2.511022782987333835e-01
-2.486596543646200919e-01
-1.755396395437195112e-01
7.418053677778014832e-01
8.041528946207845419e-01
-1.009332718688715075e-01
-1.636560234989243579e-01
-3.025992824696188133e-01
8.036136549737296075e-01
-4.636467802752818057e-02
7.984981163838265061e-01
7.944632850747573860e-01
-1.183585225828278908e-01
-2.204637683483184341e-01
-5.665642773294746193e-03
-2.773016437908229492e-01
-3.015476176171106304e-01
-3.133214521699977939e-01
8.258851860860055849e-01
8.399596834053348893e-01
-4.104786941660644728e-01
8.538190812470919377e-01
8.389587079898848110e-01
-5.962248780872323600e-02
4.393033361367920664e-02
7.455999414886485543e-02
-6.710200313951682205e-02
7.847834472843109310e-01
-1.313340553611329065e-01
7.752066924135615489e-01
-1.256416058519061740e-01
-2.681082507576927898e-01
-3.271035846576334505e-01
7.685120927345302499e-01
-3.048538993189487400e-01
-2.841991130660617704e-01
8.354846639266617636e-01
-2.931462985602425464e-01
8.140930935916942390e-01
-3.394452603777147748e-01
-7.681107578421630944e-02
-1.009191590694832052e-01
-4.530294295109615343e-01
8.294465528514651798e-01
8.077895978056801596e-01
9.523229621277004564e-02
8.117871035496351251e-01
-7.110224522447142204e-02
-4.202520153503743749e-01
7.517655296240691176e-02
8.214388061523506535e-01
-2.340500208589819664e-01
-8.174873640573351863e-02
7.932752145730829207e-01
7.929881691156615009e-01
-1.546657761809251685e-01
7.914360624388967480e-01
7.881646156628191457e-01
-3.653449236066848016e-01
8.305612143690286331e-01
8.127788066523368160e-01
8.426259070503863136e-01
8.617634814179889746e-01
8.246076010140201973e-01
-2.485456154624466341e-01
-3.277570628429385957e-01
8.323074878743880189e-01
7.905994551683642735e-01
-3.399638921428733973e-02
-1.276350036213629580e-01
8.135657565732360430e-01
-9.544794056120664560e-02
-1.241952115110645238e-01
-5.285701750399734306e-02
3.142839643923063531e-02
-2.899680365471410393e-01
-5.393739397746950548e-01
8.164260131453364711e-01
7.258407905070838328e-01
-3.649459232571675704e-01
-4.196743767984726925e-01
-2.315554089577734342e-01
-2.777720515450960992e-01
-2.230189205686982368e-01
8.386219476172769305e-01
-8.528469067850352747e-02
-2.397577282788494746e-01
-2.146617611073257936e-02
8.048027834645425926e-01
-1.387367268492777084e-01
8.397360862522320613e-01
7.334476729992138733e-01
-3.055439517136359640e-01
