-1.659617043224250743e-01
8.395537522133239561e-01
5.283753145712454663e-02
-2.082937572602193699e-01
-6.353720815315980208e-02
-2.796883071889829653e-01
-1.141346537680196366e-01
-2.836678040154209657e-01
-3.880192321126362254e-01
8.231485112137014726e-01
3.287318392287109231e-02
-3.831822128537842181e-02
2.589530025140964267e-02
-1.520484139760980846e-01
-1.364228220327848295e-01
-4.262277276471539977e-01
7.559171561642177295e-01
8.145792301829080095e-01
8.074052278403649474e-01
8.255061487815249510e-01
-3.844486639206881606e-01
-1.781800653724252559e-01
-6.881565495299757362e-02
-3.753530067253452174e-01
-3.263348390905759788e-01
-1.106226884586179737e-01
8.184372728490778570e-01
7.031136369231918426e-01
-3.837825106398597419e-01
-3.363875851621630497e-01
-3.716571764231813568e-01
8.088490448265862609e-01
-3.951125158298953166e-01
-5.936125851481022231e-02
-3.797127920960710612e-01
-2.938396815571877596e-01
-4.264460409268720498e-01
-8.800397683025228124e-02
-3.618586712656232107e-01
8.160980332903908785e-01
-2.399586744837772234e-01
-3.901517362670733347e-01
-3.839309907369464203e-01
-2.988992650885108349e-01
-1.168710334406074802e-01
8.205202335812973313e-01
-2.098483374170664606e-01
-1.991557623882171946e-01
-2.904924481219193777e-01
7.784362902281549701e-01
-3.100745673291587234e-01
-3.196107918439593520e-01
-2.429488631601761650e-01
-3.074620469158024783e-01
8.338247703641027408e-01
-2.118296140174933395e-01
8.255679472686938691e-01
8.019449671830469750e-01
-1.088218402386355033e-01
7.937172123716025318e-01
8.242706472409904173e-01
-1.041802943034983997e-01
-3.609825617150084209e-01
-3.031528157717737204e-01
-3.274156989184347499e-01
-4.098575638338185501e-01
-1.767898081321399584e-01
8.057526354113326850e-01
5.661170980013095072e-02
-9.726873609739580817e-02
-1.986830098862221450e-01
7.293068900341039829e-01
8.166499138196561258e-01
8.003613336248281973e-01
-3.647787817152706724e-01
-7.567517806393038449e-02
7.323750021721915360e-01
-4.394673952230314651e-01
-2.712980151513170735e-01
7.960926072063367886e-01
8.848024765372632938e-01
8.055249057573905525e-01
-1.822610387845586405e-02
8.253106374429617365e-01
-2.482694294061371654e-01
-2.770903068667222025e-01
-3.168014588428141876e-01
7.335572818813597129e-01
-2.289779300848983068e-01
8.136509463209308235e-01
-4.292549807382042282e-01
-4.317909166121103870e-01
-2.466364716515547506e-01
-1.148916902291869102e-01
-2.069405454349848017e-01
7.793279351059911875e-01
8.346639026614151025e-01
-1.881954964417452691e-01
7.943011461504925208e-01
7.576110173225291122e-01
-6.811345059137523250e-02
8.000319556943906729e-01
-3.553567744910711423e-02
-5.419508652734356113e-02
7.682562397362655005e-02
-2.020028661703932027e-01
7.884863923570040178e-01
7.929461636565313665e-01
8.255838426715165212e-01
-2.082746005780503618e-01
7.989230563946146946e-01
-2.086395909257418857e-01
-9.313294965478856324e-03
-4.430412111798083530e-02
-1.791110233124342532e-01
-3.101459602432361518e-01
8.050862196383199443e-01
-1.004701780597231087e-01
8.146394396875520361e-01
7.780607653983292460e-01
7.946135529687309296e-01
-2.511226740756559717e-01
-3.244112709718637855e-01
-4.129006586333082707e-01
-2.290383655916284622e-01
-3.198284079230314658e-01
8.090807791439146301e-01
8.060254628492082851e-01
-2.666696035747536664e-01
8.090526229314746187e-01
7.986192933563233121e-01
-3.804455060631902197e-01
-1.030836536555404526e-01
-1.602646151765357574e-01
9.875278167835070953e-01
7.971280742795698870e-01
-2.421905212588267853e-01
-3.665345824740076641e-01
-5.004641499503179741e-02
-3.190961586476119827e-01
7.953517134454088922e-01
7.990136420160959263e-01
-1.141814457563196800e-01
-1.524142429738431503e-01
-2.136632237696774739e-01
8.063507243781614653e-01
7.980992919068395919e-01
-1.398042349196678136e-01
7.911173724042794841e-01
-4.036293835870057300e-01
-3.631211594258579312e-01
-3.394775625461357582e-01
8.173152523496420852e-01
8.102819160905330165e-01
9.971870412838639286e-01
4.280864073848138218e-03
-2.189195316551878212e-01
-2.170825835229643341e-01
8.143716760330481641e-01
7.421979376974302545e-01
8.289565814437689362e-01
-7.714922737225218818e-02
-3.485616791510195434e-01
-2.588877742276926575e-01
-2.063178711002781052e-01
-2.205444397327522288e-01
-2.063552082898130816e-02
-6.127267948746065174e-02
-2.286475242945345265e-01
-2.851189001695402236e-01
8.018334433160232422e-01
-3.869229086246671612e-01
6.968220625841690108e-01
-2.610286527183016680e-01
7.864234494722155411e-01
-3.436384941704240248e-01
7.767859075280109105e-01
-1.282345099820504930e-01
-3.320649888257398707e-01
8.334593547548727610e-01
9.872844729873500036e-01
-3.292501078597638853e-01
6.307417082348663051e-01
8.231731590575783741e-01
-3.743822837712519336e-01
7.616266513265476101e-01
-3.237279218862416652e-01
3.508365827604939535e-02
8.066544009041305419e-01
8.091380006497363997e-01
-2.954217267167222327e-01
-7.449425529318501327e-02
8.303271365208253485e-01
8.174632327587121328e-01
-5.763666683148370717e-01
7.977916107067495322e-03
-3.066085172052120389e-01
8.238195108404405831e-01
7.417744126062195686e-01
-4.640401544206111673e-02
7.751923460878995531e-01
-3.328296050643428927e-01
-2.674164575652178411e-03
-2.742816113150557400e-01
7.320009992555445155e-01
-1.014998208220601467e-01
-3.570447712788678563e-01
8.683301138115188597e-03
-2.581576003003480668e-01
7.933783134802221415e-01
-3.942947107994533573e-02
-3.326524122968910757e-01
7.942520249984523772e-01
8.141111989581492070e-01
-4.243793772599816494e-01
-3.333843285307285798e-01
-2.596790565851123112e-01
-4.925518521913482828e-01
-4.526795263679119219e-01
-2.645212553958172785e-01
8.278249736080917076e-01
-1.988082316727634025e-01
1.263175558300896895e-03
8.191019811850601684e-01
-4.054566445687992626e-01
-3.340217473206584242e-01
7.954571291527332555e-01
7.725580058021848107e-01
8.139041210432633733e-01
-2.409067846477133679e-01
8.171765815158021917e-01
-4.044515329240651047e-01
-3.246305338450069522e-01
8.341585598221163966e-01
5.528063072968866787e-03
-3.335068576284050401e-01
8.493615099406445212e-01
-1.755539559189242538e-01
4.436327030981139508e-02
-3.597194378800014913e-01
8.108058724239843862e-01
-3.613375130762898069e-01
-1.837179956162704186e-01
-1.354583999321409549e-01
8.082899688663891524e-01
-9.548089970958131834e-02
8.253905194752458874e-01
8.015637242109137084e-01
2.990399443076434405e-02
-1.301573160055316258e-01
-1.265404011395505901e-01
7.556018406599489534e-01
-1.597802203667363086e-01
7.782170075146424004e-01
8.330809802342348247e-01
8.051565527323160110e-01
8.101318226582383542e-01
7.889113111933729883e-01
-2.436611172315761020e-01
8.234831076092141711e-01
-1.243911346866897749e-01
-2.788874705894350825e-01
-3.616340102945147517e-01
-9.536356690193809049e-02
8.069980855433928069e-01
-4.860691284779058985e-01
-9.669774748696061129e-02
-8.087573280056890856e-02
-1.978156091760701341e-01
-1.596579568731833487e-01
8.176899540149262791e-01
8.009986207655412915e-01
7.907757004575063364e-01
-8.650285532251010545e-02
-3.684089611205747516e-01
-2.983184920797869455e-01
-1.124420795626048658e-01
8.318709370460645181e-01
-3.641908673947331643e-01
-3.723122401080697919e-01
-1.972553980606804869e-01
-3.754825292872155384e-01
-5.615993166403988601e-01
1.301464690071804098e-01
-2.279905414055362345e-01
2.853836023088959784e-02
-1.033554435209527167e-01
-1.949999915870832268e-01
-1.989349783342407862e-01
