9.415726457141204708e-01
8.061963391281228297e-01
8.969442060366290548e-01
9.316785415636172907e-01
9.225353595271222895e-01
1.532579807942181793e-02
-2.566897202620544993e-01
9.053351989140925316e-01
8.501392813648567248e-01
7.683707664806196380e-01
8.911309590785434498e-01
8.633581071611067248e-01
-1.932542673041226511e-01
-1.022390571522285851e-02
9.013740747131140374e-01
-1.665750323503159269e-01
8.985127828437320385e-01
9.480158144442603074e-01
9.031564544041217335e-01
8.294454160369718609e-01
9.145230741617460524e-01
8.686516224101079597e-01
-3.454741993831551838e-02
-8.781001515139877367e-02
2.404390431066849576e-02
-1.354242797888070837e-01
6.880211662676212203e-01
8.848460470968323444e-01
8.403125736319273509e-01
-2.809993296300466459e-01
8.650461182482402922e-01
8.249225910880918500e-01
8.718671863547448053e-01
-9.098940507141417555e-02
8.547230653065857053e-01
8.845438360257538157e-01
9.185999730770032512e-01
-4.332941344129730143e-02
-2.263196122247471409e-01
-8.498035799021504133e-02
-3.858997553975638262e-01
1.139571469501896028e-02
-1.353890407275777918e-01
7.962811673911377452e-01
8.781584757100791006e-01
8.780845375902726069e-01
7.167724366928709401e-01
8.504283761763419269e-01
-8.283699122561841155e-03
-9.149894851446865873e-02
-1.116524875879432999e-01
8.916895417142194358e-01
9.057485673140436289e-01
-6.139116229269547809e-04
8.379438020254402764e-01
-3.920845118784078709e-01
8.100392672313827536e-01
8.381092105729415209e-01
-1.508096823489805671e-01
8.826341334127694171e-01
8.379993093995530273e-01
-2.758027146501060289e-01
9.457014246469668262e-01
-3.096124780040630520e-01
-1.241132673585955970e-01
-3.781104027801830414e-01
9.660115946892443572e-01
8.023349660133459738e-01
8.396931076798662685e-01
8.452290608230953461e-01
1.745914160232535928e-01
-6.729340612863732307e-02
-2.015392971296152413e-01
8.734332576815893034e-01
-1.092691293664530133e-01
-1.618859970112057622e-01
9.210899864535145865e-01
8.636926601587335828e-01
-4.050213293333247422e-01
-1.823091266008797784e-01
7.665177535371605622e-01
-4.968403200292495492e-02
8.803624797859970208e-01
9.414484901530140171e-01
8.706771033745992483e-01
8.063078767888653964e-01
9.045216582816681949e-01
9.313509304409478551e-01
9.311253439158584388e-01
-2.566833062355894368e-01
9.096878342351232272e-01
-3.738677177858554246e-02
8.722273866095251460e-01
7.811252837857389775e-01
2.099622987785684791e-02
-1.329782127540541925e-01
9.974663252597925078e-01
8.622270516887757807e-01
-3.179325778715088036e-01
1.410237082380990381e-01
-1.259219018325689887e-02
8.573234372907854173e-01
9.456743450686612151e-01
9.118360740601105796e-01
8.216685374268861697e-01
9.452145499305040222e-01
-5.857031058084313790e-03
9.396561197746757799e-01
8.225240603942627349e-01
8.785730624204804440e-03
8.803152663537554545e-01
8.335759176088901601e-01
8.756656182605859762e-01
9.350375373783050836e-01
8.651133145693878923e-01
8.438126546669120209e-01
-8.298999125027381463e-02
-8.006331481009609785e-02
-1.414755446462276356e-02
8.988277080095306015e-01
9.314699733068108056e-01
8.903559591831755604e-01
-1.718742539096075606e-01
8.811255148304460993e-01
1.375214610351045141e-01
8.418268320146751194e-01
8.482678568802558550e-01
8.550181036294424164e-01
-3.309906245413189452e-01
1.329602916466897378e-02
-2.079570193841215331e-01
-1.221072111616333944e-01
8.423895404562911082e-01
2.110409919025697800e-02
-2.955314093763572458e-01
9.219387189578261976e-01
-9.325188077432673694e-02
-4.956787103763696245e-03
8.454610947989406045e-01
8.431485061462644648e-01
1.967944182751904802e-01
-1.278113738966096535e-01
9.355202052263784651e-01
9.019695884396108365e-01
-1.082886241284348877e-01
8.408967620564067325e-01
8.917045215963419480e-01
9.060596904284032860e-01
-3.612034794842907126e-01
9.068376232929855618e-01
-3.751057655061946772e-01
-2.543386842069419451e-01
9.295394329885552365e-01
1.347242953687774469e-01
2.589021504847036081e-03
8.037034926294990278e-01
-1.553052509185586516e-01
7.398402415176299485e-01
-3.359092535805530133e-01
-5.021801146270432614e-03
9.199273801512759530e-01
9.042295289474164832e-01
9.651031936445410020e-01
6.427976547477600722e-01
-2.778341039172478877e-01
1.392064999288190330e-01
-7.325907470849046810e-03
9.401425931318758700e-01
1.579217010814315536e-03
8.465946061173810211e-01
7.597037511511470775e-01
-3.695253962603407827e-02
8.387037549991976926e-01
9.371053887377661651e-01
7.150571104557359448e-01
-1.025128067921202840e-01
8.819562914997675085e-01
8.491859905391465624e-01
8.545542322342138952e-01
9.075721318180933750e-01
8.267820192802537438e-01
8.538955913871392189e-01
9.042048897776369110e-01
8.973978246906743061e-01
9.883682672698279603e-01
-2.739155471929356489e-01
-7.973676997654763343e-02
-6.334279616250906852e-02
7.807756274662778218e-01
9.472145232691204786e-01
9.410083377916031999e-01
8.960076065968950454e-01
1.805193950729208630e-01
8.835388219380093666e-01
9.280213156353080972e-01
-3.405771595333586532e-01
-7.097689043284294286e-02
-1.902824071995928013e-01
-4.767718167615962455e-01
-4.448984050329304885e-02
-1.013759976100611498e-01
-1.304958525768766253e-01
-2.559366236532126804e-01
9.679680432904776977e-01
9.741516139498680726e-02
8.423536366729953428e-01
9.303970100564455947e-01
-1.401805518759960123e-01
8.866474550573302249e-01
9.352554866399398481e-01
8.416855478959128778e-01
8.209537769709313038e-01
9.363089958447108341e-01
9.592899758960500289e-01
-2.397913112744237407e-01
6.334918879493625088e-01
8.909720400600789070e-01
8.023371848089758673e-01
-1.348208954352255462e-01
9.188903123725841171e-01
9.241788420961292161e-01
9.982104655930682524e-01
-1.796960915284886162e-01
-1.124552083270069502e-01
-1.392613065043630527e-01
1.232714963562135807e-01
7.340633975488352059e-01
8.926182939361958502e-01
8.468596505275820530e-01
8.971011768749515003e-01
9.038811088414885342e-01
-9.625743003947645482e-02
9.047468998285357333e-01
9.213019899711487604e-01
9.193788412845205205e-01
9.443801072978572630e-01
-1.023345622552967737e-01
8.954963810871650054e-01
-1.958862888955976711e-01
-2.707461745581350998e-01
1.786655410329945903e-02
-2.640393615794713322e-01
1.031729772434882703e-01
9.193600407390576379e-01
8.123589311776454602e-01
9.362952919049113421e-01
8.907119917276270504e-01
9.324171331762026727e-01
7.350319128402003077e-01
9.475692712220811220e-01
9.038643857717527652e-01
1.242158676178797272e-01
-6.492503510252446708e-02
-9.925947936997765730e-02
9.061833392860181302e-01
8.950081561491293192e-01
-7.854134437140253278e-03
-3.251126488727966724e-01
8.389284161018562003e-01
8.830506695477267076e-01
7.802823740935710406e-01
9.266181768501482452e-01
8.818298441169496460e-01
2.551323587298010009e-04
9.788702145728580550e-01
-2.951645040986665414e-02
2.734388477998173084e-03
-3.421086378822910667e-01
8.406034633088736996e-01
-2.567555818353687846e-01
9.217224394292072853e-01
-3.259120933781839424e-01
8.794698391936359716e-01
8.320581561980422425e-01
-8.690211895242258566e-03
9.002399542347434558e-01
-1.104839690350836456e-01
6.976351044042444771e-01
9.393057880616488831e-01
9.639122517456109041e-01
6.297948829817144878e-01
-5.987052734606297666e-02
9.065379060650496923e-01
8.579411547240105573e-01
8.680107818825919530e-01
8.983286681736728507e-01
8.992245904093434383e-01
8.197877521306740078e-01
8.620959347050286548e-01
-8.980488726220009488e-04
7.226301338679963493e-01
9.574788913778535804e-01
-2.474100357399929284e-01
9.099120748902462807e-01
-9.214225842682906287e-02
9.368292405531921663e-01
9.515553937154485054e-01
8.418014006114000747e-01
9.413208246156120618e-01
-2.929304653091179822e-01
