8.213647051382799713e-01
8.330777628175212168e-01
8.043128169076185774e-01
7.301956176111205066e-01
8.589953773176717267e-01
7.540291571484173394e-01
8.042984267381736441e-01
8.876550990421447351e-02
-3.976678348618461478e-01
1.897815325138832443e-02
8.555471750347957149e-01
8.409957479030556460e-01
4.523800416605906066e-02
-4.900052933101562563e-02
8.035314466804904798e-01
8.338058823667376940e-01
1.292560391572041556e-01
3.852356580635148131e-02
-4.719873141109799941e-01
8.434106283843399998e-01
7.767692957040752688e-01
-5.419199071365535247e-02
-1.523758368914642641e-02
-1.953132674991152340e-01
4.977448182044863501e-01
-3.772315317226597742e-01
-7.762631076081592807e-02
8.130084299464306330e-01
6.273559984105832044e-01
-1.928004782009231158e-02
7.982033650914308609e-01
-1.380589875344498396e-02
7.928734722141064228e-01
8.165401650847159409e-01
-1.189951011969604122e-01
-6.972195443773182566e-02
7.491263088983777241e-01
8.129759507923479678e-01
7.829757995154171812e-01
-5.251646320850678062e-01
-2.514158480036655097e-01
-1.422742026428414353e-01
3.373559534310600905e-02
-1.592198223355240361e-01
7.791100799848378333e-01
8.038820949914626812e-01
-1.143218562997059262e-01
7.832598167825193247e-01
-3.149926896488739470e-01
7.935283478691252945e-01
8.021001399844254198e-01
-2.214791377933190142e-01
-4.239620824833032486e-01
7.475562656009951956e-01
-3.605277511116995737e-02
8.509684337550429412e-01
-4.421591710949839826e-01
8.434685152434643340e-01
2.217259881282042377e-02
8.095868522973800330e-01
9.511165468822186941e-01
-4.274152269793541903e-01
-1.646221753502314367e-01
8.034634471909818387e-01
7.813636712446356825e-01
4.977448182044863501e-01
-8.967745321802941816e-02
-1.297858738680184865e-01
8.221782754780583291e-01
-2.612663767648256141e-01
-3.026594163617027378e-01
-1.304597360784118809e-01
7.861996647274449579e-01
8.037730037813545225e-01
8.359122269999572641e-01
8.346896300987699524e-02
-2.560248684105339012e-01
1.828133614371157956e-02
8.136652791835194964e-01
2.779271875706612605e-02
7.096849924060814885e-02
-3.506139606711856094e-01
-1.094186709130711976e-01
8.340733537794953190e-01
-1.031915904891159974e-01
8.199521526514249592e-01
8.317875825442465620e-01
-1.946650477799087009e-01
-3.718720957953718376e-01
-2.539593716171918703e-02
-2.535255514231412044e-01
8.388989648567306556e-01
-1.229315628941108629e-01
8.131943030975135045e-01
1.531078169495171948e-01
7.869895983718525612e-01
2.399156220589360178e-02
8.050643527739802519e-01
2.452649610441194894e-01
-2.668055826496927574e-02
8.162027358295591561e-01
7.791477992717801282e-01
-1.986067547617949569e-01
8.502054464171702186e-01
6.749712548338719920e-01
-9.104554072931933528e-02
-8.027010702865391978e-03
7.958362388422266509e-01
8.343921321654589329e-01
8.396583011620893933e-01
-3.289528583900754310e-01
8.265421350220627517e-01
-6.742368833521693305e-02
7.790095954923483834e-01
-4.637922712254012314e-01
-3.347449901542361994e-01
-7.025708208766867635e-02
-3.638029660733894666e-01
8.162833164815188614e-01
-3.221842586811433928e-02
6.477050371863990463e-02
-2.562269681669366306e-01
8.152990619346429657e-01
8.067126133858233406e-01
7.981691442313292306e-01
-2.119459361662718866e-01
6.546127360942306100e-03
8.036932142116817168e-01
8.515089883240456459e-01
7.993193483547090805e-01
8.163408752671420521e-01
7.622619795550935606e-01
7.913108466314637823e-01
-3.683164028930493994e-02
1.769158287873454638e-01
-2.396164878204576354e-02
-1.437485377679191823e-01
-2.648393618489452983e-01
8.213985172039287574e-01
9.187030351433520536e-01
-2.374027319930937380e-02
-3.400426189097411345e-01
7.834086461331646323e-01
8.329269102129744917e-01
-1.979769666305951359e-01
-6.484574870091963650e-02
-2.250842584551873971e-01
8.085986491533619924e-01
8.249894711470158182e-01
8.118167471427257809e-01
-7.443935519386218891e-02
-7.796448063195682288e-02
-3.015291872386061667e-01
8.164053982677168531e-01
1.011776492707079367e-01
8.572076483591274387e-01
8.108438120074260569e-01
-5.945359492426907644e-02
-2.967053709960189023e-01
-1.495694022442664028e-01
9.399213728134936385e-01
7.900318146112457196e-01
-2.586153863607076886e-02
-3.532336736865017701e-01
7.579300349747922216e-03
8.275490725806764480e-01
-5.823656030107537962e-04
7.716580144541768105e-01
8.107190950429457033e-01
-1.883946720964377319e-02
-6.814636781746717664e-02
-3.453551751510695045e-01
1.070481231760056495e-02
8.243283087235676598e-01
-5.693948550231839323e-02
-2.933475845045661612e-01
8.078963342881939624e-01
-1.314490780496008759e-01
-4.554218602031985530e-02
-2.970456159754887859e-01
-1.253332829988539066e-01
8.232486338036743012e-01
-3.990485061862734661e-01
-4.201216347187308742e-01
8.220867953322403832e-01
1.022740094993994375e-01
8.204325245376903331e-01
-7.166515307631816933e-02
8.085345193559752008e-01
8.329522633792477704e-01
-1.025222562745684296e-01
8.338840177430983935e-01
7.798751469951832327e-01
5.117443403981207506e-02
8.172134769211254479e-01
7.919035092151678334e-01
8.132744529486372054e-01
-8.312548673694902801e-02
8.078713278964676503e-01
-5.532515274066877042e-01
6.040619319227161915e-02
7.997458725062888130e-01
8.270532026386250291e-01
-4.289350597729907344e-01
-3.019019382452109990e-01
1.374067353266236469e-01
-4.149361156722213839e-01
8.399160882781931958e-01
3.659570858682441308e-02
7.963410121181287993e-01
2.468695022640449710e-01
7.966162218308345810e-01
-4.250496262142706150e-01
7.877108231996223786e-01
-1.634845116222876649e-01
-1.438436282154364199e-01
7.957627172551733352e-01
-2.533466041793629997e-01
8.217894424343321624e-01
7.368318616654332409e-01
9.171157941811666214e-01
-2.526127352570491924e-01
-2.761546983526701193e-02
7.980161801092418017e-01
8.595416874469455903e-01
7.693946461856517871e-01
-5.297909111023839379e-02
-5.090232985967774182e-01
-3.682285468034152687e-01
8.261335478341549354e-01
7.860517213133398906e-01
-2.528016909134269130e-01
7.901032935777106969e-01
8.265815142811779870e-01
-3.434093797441621354e-01
7.407114291048928489e-01
-2.626207787862158138e-01
-3.176245886586109290e-01
-1.026946142526729278e-01
-3.939925671809891838e-01
8.112334250293491422e-01
-1.926196315029986283e-01
7.561935980163057014e-01
8.123371670357968366e-01
-7.946840640108170095e-02
-5.493922477394889980e-02
2.026761022110219745e-02
8.220565350433283180e-01
8.044835133851795383e-01
8.113395405162412422e-01
-8.354665138258787760e-02
-2.053114700827179673e-01
-1.391840833649429787e-01
7.865321923565817830e-01
-2.238124061729839520e-01
-3.354397969024264237e-02
-6.984693564562437229e-02
6.236843926432784624e-01
-1.101404593462182446e-03
-1.818652133721315733e-01
8.140533012933289791e-01
7.641391584827778027e-01
8.115878078705828225e-01
-3.465203307117109555e-03
-4.488019085819558440e-02
-2.533688531214379758e-01
-2.547564198646926070e-01
8.409987557527311974e-01
-4.405093692220890533e-02
7.800210152725238766e-01
8.959015967194849939e-02
-2.093260286010686921e-03
-4.689118901806453854e-01
7.940164503948612396e-01
7.883066407538322773e-01
7.705605503619147312e-01
