9.449591712200819948e-01
6.996663327452909975e-01
9.658531474542629836e-01
8.409329386600206124e-01
9.623988289028659882e-01
7.414429534157173096e-01
9.478541988559275877e-01
8.474112804679678757e-01
8.048654439586822029e-01
7.385257906481426105e-01
9.355808637431526353e-01
6.705464169038424238e-01
7.012674326782142309e-01
7.831703854264506770e-01
9.418817420128218210e-01
7.671813301332420787e-01
9.742891958947398345e-01
9.300794527142883794e-01
8.335030711467809050e-01
8.370694265004758883e-01
5.235181565299742434e-01
9.621445189208890358e-01
7.594024999079759253e-01
6.345582251755190750e-01
6.986853458344642887e-01
9.701334128583533056e-01
7.813860164952062259e-01
8.786998755954917861e-01
6.164111046275365657e-01
6.782351304213144472e-01
7.325721299664882391e-01
9.222381782207355050e-01
9.025359292289429902e-01
8.492419472987691176e-01
7.310697035834545776e-01
7.034505369638883732e-01
9.536161929656590264e-01
9.548559057651738735e-01
9.532800865423478598e-01
9.058541595667868318e-01
8.198053458579186437e-01
8.171684589971996981e-01
9.670872570806383628e-01
6.675724840549970285e-01
9.201786108254521590e-01
6.147921181569173665e-01
9.444438527667511352e-01
7.188056645662321831e-01
8.092492381537748081e-01
9.495358381412559723e-01
8.603151532953174918e-01
7.604721507191922747e-01
9.249768756163102568e-01
8.144188789026940434e-01
7.316003189751689728e-01
7.036760818029709208e-01
9.543282456356341203e-01
9.324843880567319498e-01
9.595849545482181275e-01
6.759197929121600890e-01
7.564661546942041959e-01
9.517051498761905926e-01
9.490017268163476460e-01
9.646903791822778462e-01
9.646669441490488550e-01
6.988386856572230688e-01
6.819511886066365047e-01
9.569283682218234777e-01
7.214195731458658001e-01
7.639080460025988728e-01
8.818805546193262401e-01
7.415714797599438635e-01
9.705328171331257803e-01
9.801164224383632773e-01
6.741351718730614895e-01
8.546100501518089088e-01
7.114874400371072882e-01
7.181602795911644632e-01
9.305185002458972177e-01
8.042861368490170637e-01
8.600363993603982182e-01
4.628447723596557095e-01
9.640210098744452782e-01
9.610599945468931704e-01
9.572089317161383004e-01
9.580420137587170037e-01
9.463320081430449671e-01
9.439185701241081805e-01
8.690494691600501032e-01
9.804120505774019945e-01
9.441699334964349655e-01
9.199808108076754642e-01
7.375418505705993999e-01
6.782662211878524028e-01
6.759628749699718719e-01
7.038171640597549183e-01
9.411149598712447162e-01
9.891234123584533577e-01
5.718275909558654391e-01
9.485053426195917403e-01
9.551556259054767573e-01
7.188481819097196635e-01
9.423490842216994956e-01
7.002914600696126257e-01
9.448129416406070291e-01
9.359806823400008691e-01
7.517401261352619768e-01
6.285312485452088094e-01
7.232957883058915849e-01
9.671717709372203986e-01
9.587263508115505539e-01
7.450903294672939214e-01
8.908427892863526321e-01
9.333163937657185105e-01
9.473212294331343486e-01
9.235744480589181959e-01
8.018951418623305738e-01
9.537589498468498350e-01
9.545706043152029086e-01
9.336609433609048825e-01
6.232780620961189122e-01
9.376517269189863502e-01
7.640495693636562002e-01
9.422751272086267171e-01
7.914471080694794880e-01
7.512742990483012306e-01
8.299504781161689548e-01
9.310989964335206759e-01
9.485478950673748022e-01
9.714430514799120564e-01
9.044572411313731575e-01
9.278972896358936850e-01
9.482246172723860500e-01
9.612775803169277822e-01
9.317816876684733574e-01
9.138798573239410583e-01
7.868906692913077983e-01
6.914676947292955900e-01
6.926711120520299136e-01
8.699361515727750405e-01
6.989172982390535749e-01
9.286639329756671835e-01
8.695645487869753110e-01
9.348278144536400491e-01
9.546807618006116769e-01
6.993340930010222278e-01
6.930518541803472043e-01
9.018029033858162569e-01
6.598556385747706976e-01
7.240687039226539889e-01
9.082244707569914199e-01
9.872006755803558464e-01
7.220319507744457077e-01
9.479309950837453425e-01
7.821248188915463917e-01
9.701904648859763780e-01
5.983506894067094350e-01
8.952159677118436409e-01
6.526198966160650095e-01
7.010834917274608724e-01
9.266231199050213307e-01
9.390957110754070136e-01
6.916764931647519932e-01
9.625282358299735996e-01
6.603658848832456574e-01
9.267851851561923482e-01
9.018042300008541901e-01
9.380170484993590740e-01
9.689811452603561692e-01
9.413251040508652245e-01
9.474259452091882139e-01
9.680423868509746566e-01
8.870602901664162987e-01
9.340966317056802470e-01
8.972395966022287395e-01
7.004327763138953333e-01
6.870025271882198581e-01
7.325314610125133186e-01
7.685274589467118167e-01
9.550567762096532354e-01
7.293559816617625202e-01
6.615845164089708685e-01
9.530028204338473197e-01
9.581088896988346759e-01
8.957288999656372042e-01
7.009676710227368268e-01
7.146877398184718899e-01
9.164952122060929796e-01
7.894597778001637423e-01
7.756350877469329053e-01
8.118744499725731867e-01
6.496609597603177910e-01
8.950407978067376202e-01
9.265520150896753293e-01
9.650868304557029820e-01
8.206315368529044640e-01
8.624198313801907378e-01
9.578338175828950973e-01
6.961051270827559589e-01
6.807966177269327845e-01
9.182723434833802711e-01
6.586914853988898866e-01
9.296266243503810145e-01
8.178363019415245683e-01
7.075318263674365005e-01
9.331737040560653673e-01
7.132258071543198241e-01
9.432219315773237023e-01
9.518428484379842791e-01
6.595157317530562224e-01
9.551615667466483162e-01
6.686256364950287079e-01
9.440398240746098457e-01
7.720827142204131910e-01
9.448174065405823274e-01
9.541010435333034945e-01
9.203602203712210050e-01
6.416600013684917725e-01
9.495175411104024299e-01
9.563828901267443783e-01
6.098013690183891056e-01
9.613466707356391749e-01
6.503104351887132317e-01
6.484977656628292397e-01
8.152222456734805611e-01
8.075295341329968846e-01
6.918575710769571119e-01
9.692082024314248034e-01
6.880883308662525399e-01
8.221334251579728303e-01
7.458025801075209849e-01
7.264291511302812809e-01
7.427066828901913720e-01
6.368601571766603353e-01
6.929129573556380706e-01
8.689836780744994993e-01
5.784450849477473788e-01
9.602039786353901984e-01
6.591216524424612366e-01
9.235452687232950097e-01
6.969771315630062247e-01
7.089247951619406241e-01
9.278031860153930221e-01
9.551389957509794915e-01
8.739791827899654475e-01
8.875302076749711500e-01
9.321350313256875353e-01
7.553970293973339967e-01
9.431298347897139056e-01
7.515071417833946166e-01
7.485974002285102902e-01
6.747993338753379700e-01
8.339898886703989156e-01
6.514958593426913858e-01
9.565849538388750961e-01
8.109475334994162843e-01
7.061552804168500508e-01
9.746821200581763378e-01
5.115734969583766167e-01
7.220064012343287985e-01
9.507366679475863780e-01
9.565272051507793805e-01
7.107024364646969961e-01
9.436589531924695073e-01
9.515157180400835024e-01
7.432840917546437165e-01
6.590113500340725183e-01
9.278393502974920937e-01
9.556053191887790010e-01
9.133408573506291983e-01
9.028004628050703140e-01
8.787651069544817339e-01
6.671961600975617745e-01
9.444978196422852967e-01
7.600865162784252727e-01
9.628705359280000931e-01
9.634911158726352509e-01
7.456347743864980560e-01
6.166665199367239447e-01
6.918797143781146852e-01
9.377130911508754219e-01
