8.936531113174692731e-01
8.892597465839200410e-01
7.352141792144482046e-01
-3.288777426528480818e-01
8.902451077681754477e-01
7.925945022332845369e-01
-1.976847463292909779e-01
7.610918480759052418e-01
-3.406658888916977435e-01
-3.432757917250265356e-01
8.287771904480267793e-01
9.327683911502091529e-01
4.544069056653790573e-03
9.186905795225264182e-01
9.159631204642890712e-01
8.346799899306720505e-01
-4.930850518051164144e-01
6.952706657178419070e-01
7.813903860754116693e-01
2.609594652324010583e-02
8.488752344000596306e-01
9.029181667294245983e-01
-7.210053027058230257e-02
-4.934965011656138878e-01
8.958077808188895652e-01
-1.384776757743726161e-03
-2.177454063010897944e-01
9.081831545539511552e-01
-4.727524076189590363e-01
-8.393186385063902688e-02
8.876941456443342426e-01
-2.282016241912766807e-01
8.180966658150498061e-01
6.352540683388946396e-02
2.077347140557373462e-01
-3.247899628796750426e-01
8.957293827081920234e-01
-3.539150500888407214e-01
-3.432236625581932543e-01
-3.466577590295740752e-01
-1.637106383828971501e-01
-2.802020811971157044e-01
-3.967901797084191218e-01
8.944504850036442134e-01
7.257257275986287448e-01
9.252326099501279044e-01
5.268860688499085732e-02
9.142669825450816523e-01
-3.602422970840942762e-01
-1.227825464673824862e-01
8.167127780086220756e-01
2.541641771881521517e-01
9.460247817312165131e-01
9.579147257654312408e-01
-1.695762154190438298e-01
8.288066774233352474e-01
-1.771336107799642567e-02
-2.521166849460829140e-01
7.743123332786530089e-01
5.753294442165912681e-01
2.965677186068866877e-01
-3.207677747269996327e-01
8.245619503719926469e-01
8.874207916489410541e-01
9.040185990834801455e-01
-1.771281840332708524e-01
2.314930522746243835e-01
8.998009735545500209e-01
8.786512811878599560e-01
9.189022652920915135e-01
-2.956210883219682062e-01
1.212652618188292536e-01
-3.677963048626096687e-01
6.670562342704526582e-02
-3.336192849931400306e-01
8.433213176510619968e-01
8.890055183699091534e-01
-2.411224840408713599e-01
-4.209151784970601162e-01
-1.688185119907402443e-02
-1.384624731152564181e-01
-2.737094061361752817e-01
9.224814946386032943e-01
-3.417415621951787608e-01
9.092280266534864541e-01
2.072583752800668255e-01
-4.169194651899435500e-01
7.434922703701235536e-01
2.048048286953187691e-01
-3.197666203431656085e-01
7.979018064340285266e-01
2.425577226995987434e-01
8.749394656708318063e-01
-2.917093861599956983e-01
7.970071669344664933e-01
-2.723513466081991519e-01
2.947094935969934992e-01
-5.325242709146971176e-03
2.328302512593176388e-01
8.882696133660635818e-01
1.323574430518379141e-01
9.114506527416418313e-01
7.923226404295787839e-01
-1.235653585177441671e-02
2.442548782726977341e-01
-6.738255737564013970e-02
7.817863487048036797e-01
7.340341083045475168e-01
7.588833281239613093e-01
2.076576283756880470e-01
9.458853976170076283e-01
-3.854391415217755523e-01
9.174742130575146426e-01
7.210352846153835760e-01
-3.001129855566234683e-01
7.328148121418400773e-01
9.002794707202730340e-01
-4.314028926804416297e-01
8.786137753381878523e-01
-2.723869276770071179e-01
7.791446633588149095e-02
-3.409662411756212569e-02
7.813353477536844061e-01
-3.656153318898238691e-01
8.803264152524715724e-01
8.889348819950664282e-01
8.127188702101489914e-01
7.285504793330795925e-01
7.739229057224142894e-01
9.012110743202408347e-01
-2.144951044723930333e-01
8.358803889964259159e-01
8.891805786895898289e-03
7.886983014028886574e-01
-5.554841578030935562e-02
9.489503050285637009e-01
-2.762106226635299144e-01
-3.247281722142169591e-01
8.957470142203000085e-01
7.815121929902044684e-01
-8.692238276507550931e-03
-4.321195778431765055e-01
-1.662903993634962385e-01
8.333213163289074354e-02
7.377291448948415375e-01
-3.189363668648284023e-01
2.699323779953525793e-01
-3.898769580804350432e-01
7.240338925602546327e-01
8.981917733988717956e-01
-3.446511452443117296e-01
7.653596622400907767e-01
9.021693417785777713e-01
2.007534122402001298e-01
-3.302867518006331049e-01
2.782909141096146649e-02
5.174564602880424996e-02
1.627771205433590218e-01
-3.084115370381186327e-01
6.055224097394073385e-03
9.136366557014715672e-01
7.426158462823966300e-01
-1.919023136255057493e-02
6.277415766281295717e-01
9.447054023725038885e-01
-2.201658226742084223e-01
8.960640997367731453e-01
6.030962059280574605e-01
7.411011560792831743e-01
9.398084079648047484e-02
-3.253292502381888163e-01
-1.594832627878070563e-01
-3.573100920150263926e-01
9.458874330880402415e-01
8.162070627041492221e-01
7.945330954295261039e-01
4.235273140647415890e-01
-4.610976424288225350e-02
8.468871811650615644e-01
2.265368993886466009e-01
-2.967582310644856780e-01
-2.737932865973644603e-01
7.890854859867700855e-01
-1.605854320198045471e-02
8.151975611479006512e-01
-3.116911008423620677e-01
7.260899412464874025e-01
8.623544080617860930e-01
8.998017652359528995e-01
8.799955255136215904e-01
9.372871816046176585e-01
8.939813110253048700e-01
1.474364370599255680e-02
7.883948829306781647e-01
8.089046887329419677e-01
8.184649356949215138e-01
1.471474876375801488e-02
9.239470569195901151e-02
-2.934075041695118347e-01
6.349174630521134399e-02
7.174433329214293664e-01
7.630824594273986072e-01
-3.098432778352445127e-01
7.681415863115139686e-01
-2.810817670710019089e-01
9.213653904942227246e-01
9.253965204421696900e-01
-1.924638835393429614e-01
7.614454029473666230e-01
-2.521028023417574149e-01
-1.886816967341870821e-01
7.160636933409064708e-01
7.518753507628561650e-01
9.180106226912626566e-01
9.034117467801799917e-01
-6.900334453082099251e-02
-3.106806525040542999e-01
-6.249422416766246130e-02
-2.507337789762408287e-01
7.999599352840235378e-01
8.107043361934617165e-01
-3.328926085484652519e-01
8.393268236336283161e-01
9.226322607845576229e-01
1.083402865083728517e-01
-3.473863929438978926e-01
-2.968050652915758536e-01
3.704200156315348713e-02
-2.769268402723971123e-01
2.746972888747255537e-01
-3.174118569811609225e-01
1.798429293521548733e-01
8.889233032931599388e-01
8.896713700539150560e-01
-2.162872718936320049e-01
-3.987262086051249765e-01
7.983003996739355124e-01
3.836525315167123029e-01
5.852834575979669607e-01
-7.480964485225320704e-02
9.096812696556023647e-01
-4.467894474337499311e-01
-2.823479253505485342e-01
9.094948821247090809e-01
-3.128065539489245928e-01
-2.925598375969178933e-01
-1.913232243997362303e-01
-4.404446587494406096e-01
-2.699208286068104923e-01
7.925671687142986643e-01
8.983055036008014138e-01
7.850859076608750486e-01
-3.362396365300837631e-01
9.504008659803413195e-02
9.089932024085046747e-01
6.439995736168367679e-02
7.720806167399482112e-01
-2.709049741637418185e-01
-3.017418634706966474e-01
-3.805854825109388773e-01
-3.696313199407263439e-01
9.125252936106884594e-01
-3.602387497672648875e-01
-3.967649085863648728e-01
8.861466853183205261e-01
8.369017624624707219e-01
-3.321002994689448151e-01
5.245431971893675660e-02
3.869555894175591426e-03
9.052476578511458039e-01
5.053818091743744051e-02
-3.446761369693329691e-01
-3.756753666374044731e-01
-2.914369450227045077e-01
2.439339336132274327e-01
-3.251185527382008944e-01
7.026622005899940682e-01
9.028208195146831816e-01
-4.979716805076282032e-02
9.224257841397993651e-01
-7.144797261752056095e-02
9.464309562435870848e-01
7.969849760367834213e-01
8.870877655337208179e-01
-1.972519116498923364e-02
-1.903861906115746072e-01
7.439543888759402313e-01
