-4.190003679528404024e-01
8.936280671401585218e-01
7.834901513036761633e-01
-2.837989380925657334e-01
6.734435239861985556e-01
8.754859187701221623e-01
9.262333500137515108e-01
8.050587488688184523e-01
8.572083314634312279e-01
-3.048067597509628301e-01
5.392039808042987242e-02
8.144926198344599744e-01
-8.195217107077466812e-02
9.048484468684363513e-01
8.182875514243508341e-01
-2.899621534299765546e-01
4.350507862016710359e-01
8.394153135389875731e-01
7.756709111970526704e-01
-4.336498566043585634e-01
8.767415499605425433e-01
9.312000378246721999e-01
9.026255546291859222e-01
-2.214562871641694297e-01
7.731575597130839472e-02
4.460949517497266731e-02
7.865895562297435806e-01
-2.456127399663134980e-01
-4.513377177940933738e-01
8.992408148169539484e-01
8.944536230509877450e-01
-3.059832129114825050e-01
4.935105887586751366e-02
9.122150119583335437e-01
9.022441436131295456e-01
9.367591667602342964e-01
7.564520213679656324e-01
2.995215421837919001e-01
9.326853532015113579e-01
2.349871437083301054e-02
7.921714961499473073e-01
-3.234828331159791404e-01
9.139582646381586573e-01
-1.970276035885330790e-02
9.183853566429760473e-01
7.524357846687695917e-01
-7.303628161545668018e-02
9.102454095115062316e-01
8.548127205484291891e-02
-3.212876634342730631e-01
-1.419631307989208391e-01
-2.851872708380765453e-01
2.427648416933538833e-01
-8.346881265248443094e-02
5.031970629935693384e-02
8.917108329396583599e-01
-2.891417290945463292e-01
-4.203206459840077569e-01
4.507798347364590508e-01
8.580985910814354911e-01
8.927048873891397784e-01
6.687812163430884027e-01
8.979662493647896371e-01
-8.242057301326929930e-02
-3.057280760832997157e-01
-2.893044657854447477e-02
8.954748053412502351e-01
-3.070236438934113021e-01
-3.380287935032124658e-01
-3.281988751595102394e-01
-3.088875219152801832e-01
8.698212824528179787e-01
-1.163083212889951118e-01
8.466618681615515341e-01
6.884067545621250783e-01
6.564640221209738780e-01
8.121073237561582392e-01
7.505312480183159440e-01
9.300389731022902229e-01
8.651409414965085531e-01
-3.745996332666335915e-01
8.503262383172144334e-01
9.131016327600133264e-01
4.209405373153198016e-02
8.093776609704431690e-01
7.275478672861520613e-01
5.143647374020118845e-02
7.786342349843037303e-01
2.401224206361629032e-01
7.532016814722584108e-01
-2.747842836760109320e-01
7.871728273671687592e-01
-4.555171436528373391e-02
1.701445746151959981e-01
-3.073811880548902864e-01
9.529814939652347938e-02
-2.214402684844359315e-01
1.587411504594124501e-01
-1.017063151402296806e-01
-2.253282405037562997e-01
9.117027804791697498e-01
3.602749287836267689e-01
-3.457295085480260877e-01
9.612977043734467486e-01
3.702469039893024894e-02
9.065207818404044104e-01
9.229243209400035397e-01
7.847803203363861169e-01
8.092639468120669255e-01
7.513933240284695891e-01
9.272808567308230554e-01
7.516489329905142736e-01
-4.788027337103248904e-01
8.569554767914040472e-01
-4.022060075607373220e-01
-3.630433884791071097e-01
9.237134306247016813e-01
1.613916933793195785e-01
1.608276124312918165e-01
1.079741675814049895e-01
7.689773908654071732e-01
9.174794640829392334e-01
8.528599298908313697e-01
1.534257023377124662e-01
8.088407321438283448e-01
-3.144328608667117386e-01
7.508255300376708297e-01
7.234929973130713732e-01
1.738200774822804273e-01
-3.329839253485074591e-01
9.205802142435934865e-01
-2.843897681897473717e-01
-3.619694040140789548e-01
7.390188611466432800e-01
9.201723226562009694e-01
6.696548655703028763e-02
2.020136856811850790e-02
-3.116094521619821589e-01
8.861709099938195333e-01
9.220452596643088361e-01
7.772119697267185767e-01
9.038038414717133318e-01
-3.803857381312494845e-01
8.066295565378869270e-01
-3.388354655720621222e-01
-1.959426620174962164e-01
-3.149641455061568118e-01
7.878993144155510553e-01
7.867254177180734720e-01
-3.271182576422334565e-01
7.823384156992048144e-01
-6.371087464752900331e-03
7.066848612539573526e-01
1.705510760118891800e-01
7.206300734288726417e-01
-1.467080130274652783e-01
8.938372061788550926e-01
9.049533567203139617e-01
7.113546298013298519e-02
9.016937323581742936e-01
9.488169491282212320e-01
-3.449162651485210285e-01
8.951872939405657315e-01
8.015802400073829270e-01
4.493924244244679872e-02
6.746146567325438381e-01
8.329146820571539100e-01
7.752173413918518330e-01
-2.682524641461571102e-01
6.856411392011998451e-01
-2.574401865320788407e-02
8.958793754579321700e-01
7.977341741115416829e-01
1.553005148412650305e-01
9.020777696861697059e-01
8.784038864332519569e-01
-1.163476606387702922e-01
8.855257983504586372e-01
4.784475764805788678e-02
9.134738162484962176e-01
8.105599372496687938e-01
-3.141122072642629215e-01
2.027846184611869773e-01
7.652998358954777869e-01
7.626501694867752201e-01
8.941931418088202577e-01
-3.342260884609392635e-01
-2.491968578813590074e-01
8.239258928213545330e-01
8.097002437711096068e-01
3.106838790120931490e-02
-2.612139239726404272e-01
9.120373606523458632e-01
-4.057991892526487954e-01
9.153475635524059850e-01
2.209892843292583509e-01
9.054090435452240015e-01
-3.522322268378665910e-01
7.630306890449670698e-01
8.979331266500050202e-01
-3.004510751083123710e-01
-5.048676930422692222e-02
1.766339524083584689e-01
9.042978184140239017e-01
8.944302726322185260e-01
-3.473264813437906273e-01
-3.350744109876258037e-01
-3.182463992338623870e-01
1.928282492169783313e-01
-4.863938644505118591e-01
1.956410025403221287e-01
9.066647399753247072e-01
7.211516396551212460e-02
9.041074093927499167e-01
9.249434177749865649e-01
7.540282602025814018e-01
8.321410336739836211e-01
-2.701694281803509456e-01
-2.089049880414990124e-01
1.159412262807411886e-01
7.593759447859713685e-01
9.206777237329173413e-01
7.096935531761719984e-01
7.908801193894848813e-01
9.167871438953805185e-01
1.152028885435918415e-01
7.340932456248980831e-01
8.954667407872737295e-01
1.432007525163896400e-01
9.305352791941323698e-01
-2.599712250514169681e-02
-8.864907471648129922e-02
-3.022099876549760866e-01
1.155462738945829161e-02
-1.363889070095349876e-01
2.061864806180903342e-01
8.018904873659341570e-01
-3.660048620241612705e-01
4.407927402096661895e-02
-3.003703654434435322e-01
-2.997855978214441497e-01
-1.823605589086043643e-01
-2.935352168839774900e-01
-2.485414397995399371e-01
8.260080670419982229e-02
9.167490939591317334e-01
8.675756866108556842e-02
8.644121514159753827e-01
-2.889738700598261101e-01
8.785503680700360585e-01
3.129073236539605674e-01
1.989736703335019397e-01
-4.091891070759802462e-02
8.900264890003555251e-01
7.597424294905127384e-01
-4.047404774752933476e-01
6.888745612602507062e-01
8.961972495888114176e-01
-3.480782819369979686e-01
-4.064807453606824605e-01
1.351670301316474920e-01
-2.423196957611323810e-01
9.107494590720609517e-01
-4.529552625613613159e-01
-2.552196109886976649e-01
-3.667286069273974491e-01
7.946365868070716099e-01
7.616625094266907814e-01
5.156424787395678111e-01
-3.801116818451916179e-01
-2.537608149467115437e-01
7.555316182424242077e-01
8.991724498554853895e-01
-2.714699475868516676e-01
7.943505935410333230e-01
8.912734257721283138e-01
-3.985652383935357479e-01
-3.313284186419599431e-01
1.142456463725675386e-01
9.057375096604026732e-01
2.847118015494304322e-01
8.708312367596300341e-01
9.061685268686821004e-01
1.137667388669572066e-01
7.780426783494980292e-01
1.870395759930875562e-02
-1.528385354413913377e-01
1.317112712410736519e-01
7.643335839623061068e-01
-2.702985561844730711e-01
8.842402771596555855e-01
8.939273989910671014e-01
8.684288955204354510e-01
9.151208650488776852e-01
9.320937165278322389e-01
-2.547451821374679404e-01
-3.489944321154669349e-01
-3.595728388102995554e-01
