7.973609713021229117e-01
4.158727366568635425e-02
-1.961999626389590301e-01
7.573262801164231117e-01
9.128844540415949060e-01
6.405075405337017080e-02
2.378492746337939057e-01
1.308521266723629631e-02
7.624508663449781620e-01
8.993236206757361240e-01
-1.709343312444011886e-01
-2.341599947085428179e-01
-3.492726967438519736e-01
-2.358292555262314905e-01
-3.610705786663382377e-01
9.346119716281264811e-01
9.021186764520646717e-01
-2.426992040004241624e-01
8.416990804376165425e-01
-2.019157647314312187e-01
8.192421981105145745e-01
-2.984033993131101070e-01
9.048500990824006607e-01
7.869644556017957315e-01
6.720699092873054781e-01
8.877890912732989692e-01
8.568910175868474921e-01
5.184820811360406345e-02
8.737485157522079104e-01
8.812666339563408613e-01
-3.908925725268072582e-01
-4.506551003629349905e-01
-1.739096550109106298e-01
1.129807435212997896e-01
2.077498036421675798e-01
-2.964904303884668413e-01
7.868179869303023599e-01
6.649620213542103975e-02
7.095308547168348579e-01
1.227571674106086863e-01
-3.424897483032049994e-01
7.798997617110297043e-01
1.363457987838246344e-01
-1.120646600845328911e-01
7.029760419000756766e-01
-4.418619229612958943e-01
-2.732850260398232978e-01
-3.008309140631430512e-01
-9.564780762559174643e-02
7.159767500602239876e-01
7.565891324425008113e-01
2.907028933996069417e-02
1.441242443019140340e-01
9.148795461724814615e-01
2.936389635102107931e-01
5.264441832185599024e-01
1.823586284625563214e-01
3.260098081741832216e-02
7.402828428575294328e-01
7.476465889843377788e-01
7.891106526498140594e-01
8.709124827359160381e-01
7.838964947633516589e-01
1.505402444345253776e-01
-3.180565918343047360e-01
-1.674594991856945270e-01
4.888073709362646957e-01
8.799126874858593794e-01
1.451670144655202721e-01
2.082177167126077755e-01
-1.163685368546402421e-01
2.682529923104879366e-01
9.383091589441256986e-01
8.598634656176394886e-01
3.019059456697279278e-02
9.158640410020317812e-01
8.045374646676444197e-01
3.563429359795765999e-02
-3.071937170038024911e-02
-3.187012496971789455e-01
9.016103695832826670e-01
7.806599029719066829e-01
7.597878199953548295e-01
-3.358547155383427851e-01
-3.461684841039183724e-01
-3.489890564277129403e-01
9.150856010663089846e-01
9.393097512068722121e-01
-2.900637413101841977e-01
-1.311898902340817574e-01
9.061349607998014921e-01
9.102344327322732243e-01
7.590702067372679940e-01
-5.000660081697915205e-01
-4.250456826608844385e-01
8.254851640640730182e-01
-2.272845333582259042e-01
-4.238874292183327230e-01
7.774887229750429007e-01
8.530599755941313811e-01
1.960421564605005496e-01
9.037643997795121731e-01
5.811362052149553203e-02
-1.181014550063745755e-01
-3.149291554619590983e-01
-4.544801654740296959e-01
-1.113235039593347964e-01
7.755684747955620129e-01
8.327031905265755984e-01
4.103075775795903546e-01
8.024125055560274999e-01
8.912537840060896777e-01
5.970816376462172170e-02
8.948018666873023275e-01
9.594476617555379450e-02
9.153346445374416218e-01
-3.105021767284296685e-01
1.775296736178672563e-01
-1.121804121204955929e-01
-2.421541837395743690e-01
9.189720658661708619e-01
7.119504035942896270e-01
6.651815151943470950e-01
8.006748505228474810e-01
-2.795623205698039015e-01
9.059607040955066637e-01
8.343509479426738373e-01
5.307011282818931835e-02
5.084330897544542954e-02
4.428041337817451018e-01
-2.483989779210908355e-01
9.057072951386868631e-01
9.257158980982056473e-01
-2.548676108884984082e-01
7.061104699655150752e-01
-4.511505678739920477e-01
-4.198638793806975800e-01
-2.015659369695507741e-02
9.075258580258496188e-01
7.307759493457165467e-01
7.569442624463181835e-01
7.317912871892706672e-01
-3.179784853204078998e-01
7.681245589619351000e-01
9.174578338367117558e-01
-2.101619214778280009e-01
9.079961184889713266e-01
-2.767681500432487840e-01
8.946161780689461107e-01
8.849997534091762486e-01
9.902496233114724267e-02
-1.019553333995103228e-01
-3.424636278324172389e-01
7.710423417613609942e-01
-4.201200668810269878e-01
8.939246194143738444e-01
-3.329618633207873657e-01
7.303999843476582932e-01
8.491748385616654238e-01
2.561556060603514817e-02
9.266539090195837769e-01
-3.239398794001187021e-01
-4.046882557193141605e-01
-4.589443678774475510e-02
9.309028757305869428e-01
8.852855157661037033e-01
7.127525149903877200e-01
7.542143564996931504e-01
1.367868381423130719e-01
7.547029175844558457e-01
6.486252367575537914e-01
8.938031361921792151e-01
9.459262100014582675e-01
-4.780602820288878951e-01
8.654360329873551638e-01
3.024882755929678702e-01
-2.611953457740023854e-01
-2.799323249290819882e-01
-3.041314076108049269e-01
7.519603799778556974e-01
8.913128936539764791e-01
6.517770670368527863e-01
3.182154625934429659e-01
8.010376863038002337e-01
7.926581051297563185e-01
7.225183434943993621e-01
7.558200108472611367e-01
-2.842789113895223263e-01
-4.081971540710714330e-01
-2.029285994001569782e-01
4.505052334135306591e-01
7.694704897245203679e-01
-1.587567887006812589e-02
8.351638211443643267e-02
-3.540070473982523946e-01
7.631955874810186780e-01
8.983931242506445480e-01
-4.358267853532114544e-01
-2.981874175010225114e-01
8.569616386342321368e-04
-3.648936169004365349e-01
8.683604967270810437e-01
-2.964530014110899891e-01
-2.028072206571976399e-01
9.394419109534016266e-02
-2.831412044336847345e-01
7.191697525803445457e-01
8.057069367818758820e-02
9.142204542705940629e-01
9.199317348285590557e-01
-7.315263025462248603e-02
8.952062926314086067e-01
7.820530964112005767e-01
6.657802680322431055e-01
-3.186501069443761214e-01
-2.776369924469556522e-02
6.296631229359863635e-01
7.961942731852234001e-01
-1.873395691481314629e-01
8.999166072749050782e-01
7.798692347933748881e-01
1.281446341682473122e-01
9.161106182771494577e-01
-1.905330448288157785e-01
8.890452485088945478e-01
-3.556342490579120219e-01
7.490784623863966374e-01
-2.527247305779659059e-01
-4.219935634028640914e-01
8.948634855458788007e-01
-3.300203265545764153e-01
7.068525613125764551e-01
9.061590032044979370e-01
-3.236553406865563254e-01
2.873001845384769437e-01
-2.349619577279486171e-01
3.136182777378097863e-02
-8.246761375207638245e-02
9.244372191388094961e-01
7.638996803732599483e-01
2.425596129691182101e-01
9.207506554072956151e-01
9.167155045515490430e-01
7.753542910846413783e-01
-4.679577565541953033e-01
7.017627875177745445e-01
7.744064428601513672e-01
-3.870377444242421583e-01
8.993724316213774772e-01
8.165005261827898431e-02
9.242441949510591392e-01
8.929146160896486162e-01
-2.421569763965794597e-01
8.240330886917983377e-02
-5.630379505863700867e-02
-3.707384345710977303e-01
9.109849377587732056e-01
6.887687287313517537e-01
8.942115551785926320e-01
-3.968075166960510214e-01
-2.527544051190017127e-01
-2.630989278633772965e-01
9.497633229849339331e-01
4.808967524039572949e-03
8.069692021627040690e-01
-2.920825225754081211e-01
8.414564532933273000e-01
7.427731491453011259e-01
-2.439329557125819170e-01
8.284833507570075195e-01
-1.586116084142173005e-02
-1.431384244495250702e-01
9.143904311950001862e-01
2.727857927273285576e-01
1.505583242513227893e-01
8.988527384332600789e-01
8.992832235144972985e-01
1.683094033081322660e-01
-3.089703985004510489e-01
-2.667003071339834608e-01
2.938968130011057056e-01
-3.391518859395685759e-01
8.899551651326561563e-01
2.922218818829205866e-02
8.627093600268532780e-01
9.324973905394778884e-01
-1.224730129529542355e-01
2.913010367282647256e-02
3.702993213350713742e-02
