8.029896078802448711e-01
-3.572768904218011632e-01
8.046312492217273515e-01
8.961894775956347203e-02
-2.944390520833382041e-01
-4.366640927226340674e-01
8.574569386390677728e-02
9.177908420994127514e-01
-3.367065013715078714e-01
8.784474850285278746e-01
-3.129152460422607307e-01
8.464054925729994072e-02
-3.069907940896424714e-01
9.398334630931336475e-01
9.257696635342795854e-01
8.222194932190869388e-01
9.090932459621218209e-01
7.495822835080218072e-01
1.095263025899437526e-01
9.085349358572779588e-01
8.513881013604219783e-01
7.812950384113737101e-01
8.161130383243759834e-01
8.759174978697037428e-01
-3.900517068675362076e-01
-2.763880384382914057e-01
-4.019975128546740550e-02
9.082425433432655959e-01
-1.893657401404121310e-01
7.739356585968463209e-01
2.548939800203988693e-01
2.585244285945668130e-01
-1.457846424326033341e-01
-1.063724806573555781e-02
8.794277982821190331e-01
8.659831417699924427e-02
8.993139955617698300e-01
8.913273209713723499e-01
-4.252903262681091423e-01
7.722600571487961973e-01
-1.950142013781014649e-01
2.985102255281906203e-01
-2.208057936619989003e-01
7.798303216082045353e-01
-4.084064715971843507e-01
8.721253732604350439e-01
-1.052485308126462765e-01
1.405135820128931012e-01
7.447945530604157538e-01
9.243327070243245736e-01
8.002110856362676383e-01
7.931674638340969752e-01
8.702828856757732767e-01
9.107862896159480970e-01
6.511457033506214964e-01
-3.565766736400522441e-01
8.963448872808832402e-01
7.841668098060763370e-01
-3.028267292989430537e-01
-3.236561597210114716e-01
8.981822424567037499e-01
-1.664561241840810113e-01
-2.186453244022359133e-01
-3.700938673753806363e-01
8.880688402891488975e-01
7.268028399893067260e-01
8.611926470441798598e-01
1.779891231098150450e-01
7.912710923960212250e-01
1.049912865707373355e-01
3.239186722946061359e-01
9.049234180809997419e-01
8.310083015091732639e-01
-1.665775231319433503e-01
9.041677856949008607e-01
-4.294323508110629573e-01
-3.475087806268588042e-01
7.751485247471875395e-01
1.482958224155566662e-01
3.867382730545640412e-02
-2.776321234609520072e-01
-2.982063497766717641e-01
1.151491156970702173e-01
-3.141440488890817617e-01
2.861383713103232002e-02
-3.201806822505226524e-01
7.874318777774204081e-01
8.660859264392086754e-01
-3.652248674002742668e-01
2.207125756982184772e-01
-3.607834485756318821e-01
-3.201582436745696869e-01
1.014654221182491045e-01
-3.150838667752581257e-01
7.968351573178356073e-01
-3.059647998458003837e-01
8.560973239552251979e-01
8.540929403586536850e-01
9.037664321717406857e-01
7.457997745785887034e-01
8.721778872058562337e-02
6.996589002875731600e-01
-3.674552152004169070e-01
8.093401277817557915e-01
8.308470413936854815e-01
-2.912615544850725713e-01
9.260180232730917949e-01
7.158222263095235238e-01
-1.807618924351987177e-01
-4.359605148929969198e-01
-3.134076767645209705e-01
-1.438887752774526546e-02
-2.480446410741326546e-01
9.069774757842572477e-01
7.551873431677798010e-01
-4.784766577932629272e-01
-3.000957826732966183e-01
-5.653252759003720568e-02
-2.362231068001349743e-01
6.827886722451202983e-01
8.136146027559412186e-01
7.621373273583103014e-01
8.960316400119081592e-01
-3.603615812244245209e-01
8.821233132896700857e-01
-3.895266008217991294e-01
7.613614919579575480e-01
9.144926727158112501e-01
7.392178189927310905e-01
-3.470626073113376731e-02
-1.116502960222955088e-02
-3.432446346119003566e-01
1.871177796416111094e-02
8.041935445589730724e-01
1.571180303832121483e-01
8.774732272129854849e-01
-3.672219408806650653e-01
-3.034203625800556137e-01
-1.862665215849007294e-01
-2.707630935699666397e-01
8.705525959875706210e-01
8.245737373884175214e-02
7.711173483070100643e-01
6.911975265047074490e-01
5.974310752998530233e-02
9.124784785533727183e-01
-1.422044826810710538e-01
-2.468537901086167441e-01
2.579318659702627969e-01
-3.498366521309835275e-01
7.749162483597954454e-01
2.405213707800499812e-01
9.230914646497505593e-01
-1.126391866433672923e-01
7.700733238240652367e-01
7.230198893749251177e-01
9.350109567918398756e-01
3.436112020836109594e-03
-4.004544813891885990e-01
8.281011457421142419e-01
-1.460617320324814755e-02
-1.819622201372643744e-01
8.626996554550383500e-01
8.800339717114179505e-01
7.611420562894032349e-01
8.302816216209452094e-01
-3.581435587364498740e-01
7.101727471362581645e-02
7.595691543531964962e-01
-4.202029753671371881e-01
7.989726120791341701e-01
-4.955216472487545265e-01
2.855377657312599404e-01
9.124820929086165933e-01
-3.462681101631479574e-01
-2.823361569615509548e-01
8.939834964953154994e-01
-2.150040680130140269e-01
-3.264701708752935638e-01
5.254908993506571258e-02
8.710066040640037643e-01
7.951278847900624669e-01
9.123126157647702961e-01
7.516374272893040498e-01
8.790005310129490601e-01
8.089911777509848356e-01
9.043461085516282250e-01
-3.210311727225110823e-01
-4.555253710690932989e-01
3.614517771612939245e-02
7.691475071452984480e-01
7.617487980115821289e-01
7.660168410926142535e-01
-2.326537454313724052e-01
8.791356640280734158e-01
-5.629119976318835289e-02
8.945321442525445976e-03
8.492427685396505277e-01
7.692470174135594974e-01
7.846180001346054755e-01
-2.986049234475294245e-01
7.809997719288707119e-01
-3.716292366295949057e-01
-6.782266459356450783e-02
7.694558424423286747e-01
7.842053784149910500e-01
9.060967970767028756e-01
-2.260166464834428290e-01
-4.637532392246074275e-01
-2.191382773254991478e-01
8.912789375327154762e-01
-2.308224473311637770e-01
8.930720686034295808e-01
9.034407471986454219e-01
8.084437174369683010e-01
-6.546890550370967898e-02
7.423990060534737534e-01
-3.685556560232604029e-01
7.431997307243796147e-01
-4.817753174146439110e-01
7.411372799728066507e-01
-3.901447794797934659e-02
9.074679880719376257e-01
-2.774081441112549173e-01
-3.248091601981590304e-01
1.024582881122860362e-01
9.330005346113827702e-01
-2.193459747420000716e-01
9.215751654295710749e-01
-1.438064709475618819e-01
8.787757187864885244e-01
1.856666538316398829e-01
-1.663280388656663555e-01
7.537433215002034004e-01
2.177695651307528513e-01
7.753154828497899054e-01
7.283862121806100598e-01
8.145633198775893424e-01
8.027066301090070022e-01
1.886712001507683811e-01
9.432626512838910848e-01
-2.981763037830719165e-01
9.165143242739158813e-01
8.053378959827931505e-01
-2.064923894951902761e-01
-3.652507178601540616e-01
7.139319713919681787e-01
7.406142889441531540e-01
3.639793628335274284e-02
8.972963418871370278e-01
8.917795809303907806e-01
7.092308324306013934e-02
7.577208551545254744e-01
9.072250692937120498e-01
-2.279802269826232131e-01
-3.875117077619260608e-01
-2.999639676730498916e-01
9.027850027457254845e-01
-3.507278487182378668e-01
-3.955609555865289284e-01
-3.719394208891254050e-01
-4.120696213696445342e-01
-5.981637504381409620e-03
8.420063512763456548e-02
-3.066665158472862140e-01
8.493381944602903522e-01
8.504490219185264488e-01
9.115560622166202220e-01
5.871163987605557688e-01
5.899960853851818343e-02
9.359701549094839867e-01
-2.721166371758351188e-01
8.378622390356817995e-01
-8.362986982073786213e-02
-3.499090174593192382e-01
-4.109029349304464396e-01
-1.712994118980011027e-01
-3.105156027600028401e-01
-2.078027170990783823e-01
2.101841346021504284e-02
9.416426348040035643e-02
-6.439750919178463540e-03
7.877486694963337088e-01
-2.513909081541694512e-02
-4.090453050892198794e-01
8.225992536364526986e-01
7.197809125767666572e-02
2.961205357756921952e-01
-2.960033686616397319e-01
-2.784146383351981391e-01
-4.454405605987953320e-01
-2.363535354505796049e-01
9.292680313182800633e-01
8.952255764896008827e-01
1.346282571659453142e-02
9.257111234461106175e-01
8.955518633679080409e-01
-4.479277920157130888e-01
-2.542834913618143289e-01
-1.989400225989308435e-01
