7.395478778357059690e-01
-1.576701643895374594e-01
8.969422037652278190e-01
9.167550953477743292e-01
3.422741599014447744e-02
8.062382865385711583e-02
-3.421910222539522595e-01
-3.058072611405009411e-01
8.795073160370195930e-01
7.471428561803561408e-01
2.097027198284585059e-01
-2.180427528500701317e-01
1.306235813137245627e-01
6.089027297987180676e-01
-3.546800973646063171e-01
-3.166058053451564214e-01
9.005515568313460228e-01
8.369493322482844944e-01
-2.865940739395669845e-01
6.447894382930717816e-01
-4.201708143981856131e-02
1.703677668982771509e-01
7.784295526789229980e-01
8.061582675357441552e-01
9.144063621168766476e-01
-9.336317882748820796e-02
-3.852996152560699272e-01
9.203903619501979660e-01
7.658517975628404972e-01
9.003820645322134775e-01
9.269274200943777853e-01
6.753137257038729357e-01
8.116078075807234837e-01
9.147251305636969754e-01
-2.447972291974981340e-01
-3.054454979005822302e-01
-3.838776786082240267e-01
-3.115149566143929349e-01
-2.925741262301319590e-01
8.563413266344962471e-01
7.599707696540179969e-01
6.913156621814189329e-01
-1.355340855128149002e-01
-4.120100153141205701e-01
-3.250779683375912832e-01
9.114457832295365103e-01
-6.647154034652680288e-02
-4.156815312293426490e-01
-3.189645400350067383e-01
3.757623909013942110e-03
-2.441111395970664011e-01
8.707657264497258298e-01
4.494451894048731577e-02
8.627192876460008097e-01
7.134622860344536077e-01
2.020667572671772105e-01
9.027770327804159889e-01
9.046195887390896528e-01
-1.141842542094581303e-01
-8.183853875994834270e-02
-2.195077157218833785e-01
-4.061882804489863608e-01
9.536012118079441047e-01
7.765513553810874381e-01
7.778604826899127023e-01
9.055170001349064357e-01
6.738720704608145429e-01
8.067634012960144263e-01
8.676887505543062762e-01
9.388935516790125613e-01
7.608491227114571043e-01
3.808399469433490503e-01
9.304974373266773346e-01
8.097984043123107600e-01
7.564970351586860486e-01
8.220767453856172580e-01
6.248631825790615935e-01
9.158661177863164360e-01
7.337426663909184521e-01
9.499843648341264046e-01
-3.671419513481198882e-01
9.030989635000413740e-01
6.367975859010013839e-02
9.304925571860876987e-01
9.062045504916894645e-01
-3.605568493953522635e-01
1.703881971889449898e-01
7.236248644225485860e-01
-3.410805289828401921e-01
4.067506202569360352e-01
8.539562426350735258e-01
-3.009799809518243913e-02
8.045727034146074041e-01
9.071218280602370010e-01
7.370316001729116939e-01
9.165097258869753238e-01
9.180655524860888983e-01
-4.642806717736311928e-01
-2.855596422594903760e-01
8.082501077771208076e-01
7.242472079163023713e-01
-4.074854686137219795e-01
7.450512733946498267e-01
-1.658863998002043372e-01
3.466158888679667094e-02
1.135869617438052953e-01
7.199455130578935602e-01
-2.239536260714056204e-01
9.032925312631738812e-01
1.208424753019837899e-01
1.009476850460377939e-04
9.161678321049541163e-01
1.938054581219475769e-01
-3.162638872148934022e-01
7.782588206409849496e-01
9.058294137718762018e-01
8.603621725810995935e-01
8.090766923129139032e-01
8.131889259593955144e-01
9.141110139210618657e-01
-7.100780013707561067e-02
1.024877955205756308e-01
7.662689457587699149e-01
9.297263498274841442e-01
-1.487499202815712462e-01
2.977980407989530010e-01
-3.915557555577113824e-01
-3.195727591650967536e-01
7.844252216786388177e-01
-2.159697186751993181e-01
8.884888540113013988e-01
7.797732636698107012e-01
-2.733978342535346995e-01
-4.731516762776223350e-01
1.822575074910113835e-01
9.096904497843883997e-01
8.659193213608205042e-01
7.096875978800671891e-01
-2.026606956647420132e-01
-3.295834003024581960e-01
-1.325236970498627764e-01
-8.432047949052084990e-02
-5.895502267662352386e-02
8.059011006409991240e-02
1.114807825256849266e-02
8.849065497709780459e-01
7.134759269604575849e-01
7.692651585273655446e-01
9.248171824838241628e-01
9.062103929237289024e-02
7.526757875154211908e-01
2.786937852415207195e-01
9.127543321949811439e-01
8.822694500906207438e-01
7.576764982812642657e-01
2.066943318881050151e-01
8.976493624887335043e-01
-2.809723602930493946e-01
-2.818235441092354909e-01
8.653567883089907653e-01
1.071003086983466496e-02
-2.759775262936204898e-01
3.226169546152909962e-01
-3.704237151794908534e-01
-3.157850274899084431e-01
9.094124296105535743e-01
-1.639288106749959006e-01
9.401068706011791454e-01
-3.136568732538802529e-01
9.151153859262429746e-01
9.199304321717574062e-01
7.352664914541464647e-01
-2.295603155437502679e-02
-1.087634532888924060e-01
-4.398139425063517516e-01
2.768624333230081808e-02
9.097691397256288948e-01
-2.851088581426835522e-01
-2.754775633685359049e-01
-4.552928451154372169e-01
9.267385194128756609e-01
-1.216033172138060586e-01
7.468331374747546603e-01
-4.725733087757790774e-01
1.297620116675554380e-01
2.818148588725420678e-02
9.017535912817349342e-01
8.992486463912215955e-01
-2.610971333654780735e-01
8.911961112616400005e-01
-3.130972612938321548e-02
-1.959607277811986903e-01
9.151217951291946706e-01
7.497405271621083722e-01
8.173412959855194115e-01
6.956416260427125131e-01
7.423600087809690828e-01
-4.226877115423590681e-01
9.043550129871998911e-01
9.180562137513523790e-01
8.073654893357447015e-01
1.179271621891511690e-01
-3.069032562935370412e-01
-3.436488006800189621e-01
7.889886216610296488e-02
-2.391470179176694577e-01
-4.064900596642345709e-01
-2.704665792347373254e-01
9.193771484492209156e-01
9.513331157431031970e-01
7.825452533112562392e-01
-4.199720313528879090e-01
2.029159455048720195e-01
8.198976253766944167e-01
-3.522295596117209771e-01
2.054095535742715417e-01
8.131368648407696353e-01
1.074573839528817770e-01
-5.114193710692743755e-02
6.849281707051654289e-01
-2.663323950351066949e-01
8.960282802166178451e-01
7.673679854802135658e-01
9.280249984714430411e-01
8.274114672219076150e-01
7.827435735086762936e-01
7.888914975090353110e-01
-3.526548233117299813e-01
1.038744887541450529e-01
1.141135119935783870e-01
-2.698014521685793699e-01
1.090957030290980179e-01
1.829834242210461870e-01
5.575026084103610474e-02
-2.831454612877252752e-01
-3.742761333816281288e-01
1.894908446809884794e-01
-3.419023417035250145e-01
2.103125041053689193e-01
-3.514107358697015071e-01
7.486108509814670686e-01
-4.746602009627132190e-01
-2.727061359047950120e-02
7.740736597778482553e-01
-2.956995143898141776e-01
8.563546453783094092e-01
8.045800783068094431e-01
9.466251429411850493e-01
-1.946354235904436125e-01
7.746919026099540195e-01
-3.694829479252418336e-01
-3.123527336224456996e-01
9.395318277960994502e-01
7.784480175760016829e-01
-1.476010155966616111e-01
-1.961602515763382626e-01
1.961212041926551630e-01
9.099465513811569872e-01
2.446152470347019714e-02
8.954199272891717465e-01
-3.590552671929394535e-01
9.070071078380184115e-01
7.920661993954897229e-01
7.649422610435175907e-01
-2.827687359979229598e-01
-3.482358503248987325e-01
7.636743281090984103e-01
7.578810680361013352e-01
9.049998378976031876e-01
-1.164288064649354748e-03
7.135797462380479850e-01
8.487122794297209394e-01
8.009974754612090297e-01
-2.760083767386130593e-01
9.052856437250225152e-01
7.027514613785886821e-01
9.104181667005807332e-01
-3.340975490990141239e-01
-2.774552213000388567e-01
-3.044995441510457423e-01
1.048142994162918479e-01
4.433863356592959715e-02
7.811422903172507981e-01
-2.449376039707382713e-01
6.413251406740457794e-01
-1.932811792909319981e-01
7.089937246520008340e-01
9.523756878824009009e-01
9.428957343116478595e-01
-2.002310155177765838e-01
1.406370631908045177e-01
7.379066566038867681e-01
9.331937109963146515e-01
