-5.134592280900013295e-02
9.361565287877069430e-01
7.011818155738483993e-01
7.950045227919234625e-01
-3.499819221159853333e-01
-3.644871019769405085e-01
-3.150841459698392466e-01
7.939746549171490253e-01
8.560515895027522859e-01
1.862488919359367445e-01
7.346691391974293772e-01
-2.056958554970563791e-01
1.804216048649283366e-02
8.478276407049938346e-01
1.718664893480834066e-01
7.778232270791857195e-01
8.982936683674239697e-01
4.287585410694980115e-02
5.614748859094892408e-01
9.240222067885016655e-01
9.056320467012781705e-01
1.565881032709608156e-01
-3.343564211639012407e-01
9.177833570704835298e-02
9.218782289135157848e-01
-4.174703285446216827e-01
2.458577457775876218e-04
9.336561544538355406e-01
2.597747650400957231e-01
-3.157475520201197261e-01
8.811233535886243695e-01
4.002703926214234986e-02
-3.607152639203575761e-01
9.184447695778971132e-01
7.286502721546167516e-01
-2.972197708960915841e-01
7.887391962469147977e-01
3.184795866424660477e-02
-2.863995213505952930e-02
9.081236095637866823e-01
9.561091015839893181e-01
9.037196780908939298e-01
6.763592010719246539e-02
-4.989701115312070723e-01
9.134616380185748286e-01
9.150995918819053720e-01
-4.736468826145507904e-01
3.596739962997776985e-01
7.307222826884294253e-01
9.471652866013733352e-01
-2.603586602809530026e-01
4.131486330607473390e-01
9.593662774236844104e-02
9.138279194113626547e-01
8.787508736203845094e-01
8.828764480585424845e-01
9.227298837521907826e-01
2.030722298565784401e-01
9.225395289478817151e-01
2.440735253672308980e-01
-1.323904831581667607e-01
-1.916131127806063317e-01
-3.533692082242080590e-02
-4.637634073822490682e-02
-2.913521808023623594e-01
7.970028153973980345e-01
9.327761875912606859e-01
8.315999991675840919e-01
5.353621698790841238e-02
9.602518550490640736e-02
8.871028049505164104e-01
8.642441169560605152e-01
9.159852646280748634e-02
7.906967528414065027e-01
-3.796871990903991634e-01
9.166191796504854494e-01
8.422532048290314322e-01
7.359688994303835718e-01
7.784343487462673794e-01
8.001616558840046745e-01
6.940664272237344612e-01
9.052666249972131096e-01
-4.507404853907824305e-01
7.061878595195508757e-01
7.601470103106230392e-01
8.833198913010771314e-01
-1.482665775957000831e-01
7.955117246174469026e-01
6.933859430048081585e-01
-3.302168956791144971e-01
-1.986080419624460247e-01
7.643461028116208533e-01
-2.833217316042164757e-01
9.293093339751075099e-01
-2.988934181827046510e-01
7.310283351831179388e-01
-3.683676052273850421e-01
-2.577380558109750863e-01
8.811367261478799673e-01
1.227739598707232316e-01
-1.577294562534414524e-01
-2.687485394941070416e-01
-3.658452562178143852e-03
-3.090660501841905328e-01
7.266115790631805238e-01
-3.391197136288893188e-01
8.053849136810750098e-01
-2.771256907030780203e-01
9.150849439810953001e-01
-2.831408596062869876e-01
9.039212786473375116e-01
8.478046813160410311e-01
-4.263966193816057793e-01
-3.125722440785771439e-01
9.206545367504634925e-01
8.482508796484442559e-01
8.376635617270847822e-01
-3.569371962420654354e-01
7.779339089250085770e-01
-3.805883637316819779e-01
9.053319628551135256e-01
-3.437664193294927562e-01
9.116893803644691152e-01
8.661704717010556553e-01
8.931147608709677499e-01
-2.878652223167704749e-01
1.631305668672664022e-01
8.383044913904944551e-01
7.844389213118077020e-01
7.702457149218627785e-01
-3.397013572666291448e-01
-3.176799604960262591e-01
-3.113931336940195527e-01
-2.809582029227327693e-01
7.232390016949599154e-01
8.713375196970304937e-02
9.066265269837241458e-01
9.098259276404198070e-01
8.829085379732988237e-01
-1.457675776999793338e-01
8.024293740957814114e-01
3.553785685060412841e-02
7.444663663789198305e-01
9.002625853246352117e-01
9.065895753080691621e-01
9.119989720202028582e-01
8.877003624852972674e-01
9.032490909764756548e-01
8.623358251423483001e-01
-2.503158556563322978e-01
-1.624025439109836599e-01
2.510090269677294622e-02
-4.761899123585493498e-01
4.432153262084085471e-02
-1.834283666772054677e-01
-1.317569761484152502e-01
-2.704261562788003170e-02
-3.290615349593429828e-01
9.230102970486766534e-01
8.272435149298239532e-01
-2.646707232409306054e-01
-1.148004298733391049e-01
-3.430933055938431009e-01
8.131596617637193436e-01
-6.626744868096304253e-02
2.638939623444642169e-01
-3.118353135916221985e-01
9.008557929974930767e-01
7.876933274078972147e-01
7.777113241769063601e-01
8.931331626972973670e-01
9.338864172429784949e-01
-4.530208694651025048e-01
-1.350808317449297413e-01
1.631453156135745375e-01
9.396953763659942060e-01
9.231483415144479121e-01
2.533552332533469537e-02
8.984291173573056843e-01
9.854892689084138180e-02
2.996814206790647250e-01
1.739732407534749226e-01
-2.780303149149224162e-01
8.477008263020023859e-01
3.114374086001311936e-01
8.470162858873701017e-01
-4.459913665904873259e-01
8.676830771018949617e-01
-3.414332674175059035e-01
-3.156564690681284979e-01
4.600172488688784173e-02
-3.475467711679569582e-01
2.431239831839266674e-01
-2.940827997980718367e-01
9.102212885876975745e-01
9.214081071641441745e-04
-1.113398195321316370e-01
9.371309292501924793e-01
-3.759545641521011561e-01
5.789620829685766801e-02
-3.401730192726701296e-01
9.475740549575454308e-01
-2.740719176830532788e-01
8.821408512923173406e-01
8.690881092189300938e-01
8.115094841154106842e-01
8.519949235940126320e-01
-8.604976707144967873e-03
6.802394571089726005e-01
2.906915869352419413e-02
8.924115809358221796e-01
8.998993882573793623e-01
7.159093542079012495e-01
9.338780416055281197e-01
-1.396797469804221814e-01
8.802153090481654729e-01
-3.617147407194709063e-01
1.662082961093369060e-01
8.023039446125138641e-01
6.523596100809679610e-02
7.803757927005335882e-01
-7.621804768036963273e-03
7.788694786623323596e-02
7.066303727099788601e-01
2.055192571578744465e-01
8.395487055589279102e-02
8.059107241940356436e-01
9.228790402273755467e-01
-5.231067660101565431e-02
9.130156633645823971e-01
2.166353293075249375e-01
9.182042131381591421e-01
9.098290119983134527e-01
1.069353908538805131e-01
8.180107606541746623e-01
7.578033076201117213e-01
7.065748759430033887e-01
6.780041463162913562e-01
7.788711191610652174e-01
7.500139538226896496e-03
9.383666675788949751e-01
-3.356781824118702517e-01
9.105753144479608041e-01
-3.029926506851994272e-01
7.603294536444723528e-01
1.092119587175149065e-01
1.150870280188978911e-01
1.334732818172977842e-01
-2.361205923821635966e-01
8.490492513266671981e-01
5.155659472553772438e-02
4.716433780551304578e-02
6.361127952381533390e-01
-2.292029856168560642e-02
6.920151863328115327e-02
7.131831431529935816e-01
7.769093205350449116e-01
-3.920791410377360564e-01
-2.920298935618511615e-01
-2.168788565569454707e-01
-3.222644457713729205e-01
8.482762985902984887e-02
-1.936116070411915691e-01
-3.339734402604828123e-01
9.082217260871017217e-01
7.806112186919937912e-01
6.677779788713587017e-01
-8.071287734992230178e-02
6.839825035559575772e-01
-2.310787679274791118e-01
7.433895783710421368e-01
-1.569411081177042311e-01
9.236261834719394770e-01
9.237761945691396193e-01
8.904522500762585002e-01
5.697883151620092290e-02
7.666934488350316546e-01
-3.281171015592719842e-01
-4.139800577112963120e-01
9.315915847725804166e-01
-3.489072462844372557e-01
9.285967772381652496e-01
7.689168593506828797e-01
-7.342514347201750669e-02
-4.073712970283712709e-01
-1.750827609332178125e-01
7.195722088789381354e-01
9.023804889915376659e-01
6.581562832218311454e-02
4.244351116435427645e-02
-3.981729686124984013e-01
8.996882928999094808e-01
