7.750327181640482843e-01
-7.355690673361295340e-03
2.009050568552545046e-02
1.022320839586043223e-01
4.751965644979481984e-02
4.400037957491878537e-02
5.337695916979740690e-02
7.977634014743979485e-01
8.652200816978639075e-01
-3.035430563552615202e-01
9.153866859561988756e-01
7.172832975701479707e-01
8.887533415415100890e-01
7.145144864249421968e-01
-1.920545276398568507e-02
7.262611944506955908e-01
5.132496504956168826e-02
3.237635706716551764e-02
7.399234534914890249e-01
-2.654345342381156936e-01
-3.823500169235551083e-02
7.396780577777349597e-02
1.004271985535051814e-02
7.295371158981746040e-01
-2.565273249844660097e-01
5.696937198779853523e-02
7.776306727875662572e-01
6.255627508807793946e-01
-2.260642443297453119e-01
9.083237669332533404e-01
-1.616328335570654529e-01
4.532303492510406095e-02
-1.505235848339718796e-01
-3.386784518743541361e-01
9.174249438412416247e-01
-3.148577877404047376e-01
-3.457092161599004676e-01
1.407374240964717749e-01
9.417121207667138449e-01
-3.285518868507248946e-01
-2.350895706389842799e-01
-2.962235060415508991e-01
-1.199249129330582503e-01
2.221250785327275323e-01
9.034323223974225492e-01
8.644972818846986540e-01
7.197270319850466169e-01
7.872925637287285783e-01
7.744122774128376907e-01
-4.370783484560787913e-01
9.116829068761578281e-01
1.859149003991419358e-01
7.970448485794221494e-01
-2.983026946366589272e-01
2.266959231152854137e-01
-3.052392283938710760e-01
6.665538790663949609e-01
6.845492425921639867e-02
-9.067368437106107515e-02
9.316648457616896195e-01
7.740284752416425329e-01
2.011794035691125693e-01
9.099659621449064373e-01
7.996884889872706292e-01
9.002247199226885987e-01
8.482214485160961548e-01
1.242037682064060095e-02
2.949196812312782079e-01
-2.853406800308096458e-01
7.766795453557909790e-01
1.154928569462979199e-01
9.320066307030886454e-01
7.659003788286792291e-01
4.167417653158443647e-02
-1.084345203739199293e-01
-4.921770666644629255e-01
-2.732195404087517376e-01
-2.970640733819459589e-01
7.967964589360936323e-01
-2.007792236799864072e-01
8.982337124206968282e-01
1.157986166495440228e-01
-4.474123718171135744e-01
-3.281240253366540238e-01
9.136502626384592762e-01
7.764846689977873417e-01
-3.456318931333666189e-01
7.014239941444272430e-01
9.260564182757337059e-01
-2.902038308955042223e-01
2.291642768842628852e-01
8.577311835675888174e-01
-2.561690338956746915e-01
7.487753283845355323e-01
9.223601717213143480e-01
-2.577812032955492105e-01
9.258943910820368606e-01
8.898778460367441356e-01
-3.307692442918589437e-01
8.070051762016416941e-01
1.910674233257136923e-01
9.360383583559619414e-01
8.060294058319436017e-01
8.834217258746038803e-01
9.055668966199730274e-01
-3.879579264356457502e-01
1.479340178295832087e-01
-1.567958728705663995e-01
7.292224640859499285e-01
-2.917275687450724964e-01
9.223630422359608838e-01
1.375085317181540812e-01
8.219363777743412536e-01
-2.870133288073176137e-01
8.636819790317580292e-01
-2.263022943681073929e-01
9.094333386313262491e-01
9.114739758260657077e-01
8.203780722531934799e-01
9.118159026634796716e-01
-3.367737144806817740e-01
-1.996324302096401659e-01
7.168862381431632125e-01
8.788866363774705537e-01
6.353224639479515545e-01
-3.003922062285948602e-01
7.692774629207851378e-01
8.087356973690109641e-01
8.903909761102373616e-03
9.208482305868574969e-01
6.946083843217044640e-01
1.139583358720428902e-01
-2.309784200018666633e-01
7.252964169647918569e-02
-3.072310532379395887e-01
7.189132530562609702e-01
-2.899893866041656776e-01
8.463628120152689727e-01
7.665284890194541401e-01
9.194369966956433826e-01
-1.270821936639482397e-01
7.979208045959120810e-01
7.613535534527755555e-01
6.784411897339525099e-01
-3.637206961372158043e-01
9.002046987113024867e-01
8.263040894202440256e-01
7.124539085017197459e-01
1.157828412851775179e-01
-3.213257311550312689e-01
9.079689591116391068e-01
2.068180353903197738e-03
9.208503976375037592e-01
7.805501779686762065e-01
5.083688107895387859e-02
7.858945825274136210e-01
6.847518001674134380e-01
7.574710793318814028e-01
7.390133875332423052e-01
-4.173091784480008615e-01
9.055598002673148628e-01
7.532195884474049974e-01
-8.887244037596424978e-03
-2.166293469761208512e-01
8.487549449900064213e-02
9.300398542384042955e-01
7.360449569254128299e-01
8.697693437510601866e-01
7.089826195726743885e-01
9.192322582372217665e-01
-3.417605281046566246e-01
8.809025556995542239e-02
-3.216307532758619359e-01
-4.179775232531079965e-01
3.344821450033708121e-02
-3.117674200993818534e-01
8.793099409030744606e-01
8.639172539915142002e-01
-2.206067954293471078e-02
-2.485528078945061781e-01
1.139906338769788585e-01
-2.402851126297862461e-01
7.232702100873812379e-01
3.473962473933471240e-01
9.145609977196674789e-01
1.933919292781864641e-01
3.471322098406610657e-01
8.181777814848367747e-01
-2.940630284913526848e-01
9.158438840202418607e-01
9.197747180783349963e-01
-3.882214321690765635e-01
6.278245910387492135e-01
1.827193111342597168e-02
7.398013799191891504e-01
8.292284759838743913e-01
-3.612731569632899320e-01
9.060797644672734519e-01
8.120616014626810264e-01
7.676865562167023427e-01
-3.647259254637451042e-01
8.011439450339763457e-01
9.345565504710838800e-01
3.432029555449682412e-02
-2.048370782796888334e-01
-2.178597990175804022e-01
9.101774990904270002e-01
9.123570359595321033e-01
6.107968670400220068e-01
9.011556781054006482e-01
9.261008852802259383e-01
9.173120593954811053e-01
7.605957558104753380e-01
-3.452992535488154657e-01
-3.669212796718094860e-01
-2.595023712509413327e-01
8.303454930276499280e-01
-3.162097724285442002e-01
9.367391398101571065e-01
7.224731235678297780e-01
4.533716232065223423e-02
-3.184351229349415280e-01
1.277854741236321146e-01
-2.937682913258714001e-01
-3.077373217916056780e-01
5.268298780226157024e-02
-4.759607100755069986e-01
3.732508837034063942e-02
-4.022227176657720005e-01
8.061824368462723323e-01
7.402362359917817880e-01
7.743714836080908270e-01
9.089976877271425115e-01
9.149429833800484246e-01
9.179462561102492701e-01
1.166343278446284881e-01
8.967121735060964438e-01
8.987966545425026821e-01
7.531661470625197197e-01
6.906904224276175785e-01
-2.745587852363362003e-01
-2.544038864159977043e-01
-3.369464698487887877e-01
-3.206984650024427563e-01
8.786415126972064726e-01
-1.855547423218339639e-03
8.172796767625480907e-01
-2.883215246809001653e-01
9.052989396118692467e-01
9.171787439648626528e-01
-4.546500546215092031e-01
8.934231456487486955e-01
-1.253457800758816382e-02
-2.693256075433417274e-01
9.204119190079789181e-01
-2.176075859653878175e-02
-1.882655790993060241e-01
9.217699224435281780e-01
7.644145791963251613e-01
-2.015206113622844963e-01
8.234169115634633052e-01
-4.125406784788857029e-01
9.498270741085732549e-01
-2.720206279382332837e-01
-2.496850590822220772e-02
1.644803701123829232e-01
8.995795827545017831e-01
-3.558860788504520922e-01
1.291241907105996622e-01
1.334464228613780334e-01
7.631941055060891266e-01
4.593448380844487866e-02
8.586331702255468601e-01
2.356667291998088554e-01
-3.418874156961287936e-01
-2.507814616980346134e-01
-3.384142790666389011e-01
7.366991626193852838e-01
-4.222630152524644020e-01
7.048896255966297097e-01
7.383903214697578044e-01
-2.355897001473120089e-01
8.916081417788825902e-01
2.310927187700351770e-01
-3.783992965750304638e-01
9.046150874092991900e-01
-1.625035482175198331e-01
2.869350025695620032e-01
-2.581499564605753694e-01
-3.346767639628163704e-01
-2.699536981786806455e-01
9.116267390916161784e-01
-3.590498566237386169e-01
-2.523579956369547128e-01
7.905892145715139874e-01
-2.116835559226030727e-01
2.394361032633161857e-02
9.111039747212497097e-01
7.838950529353719832e-01
9.122717785711310645e-01
