9.155388132104748111e-01
9.251038747304763943e-01
-4.043021346907616498e-01
8.065379654947458787e-01
8.922981959336987456e-01
-2.538257807287834789e-01
1.946736814518937875e-01
-2.097014894762341264e-01
-1.933098535614613811e-01
-3.153409424084835377e-01
8.016411959422574673e-01
-4.465315347778978095e-01
9.117560434119120760e-01
1.703337887782475080e-01
8.998048949162635868e-01
8.565843405478807959e-01
9.158401712031452035e-01
8.710475928068407425e-01
-3.391358720583907971e-01
-3.307130174321871730e-01
8.051614218254364852e-01
-2.360183544098383990e-01
3.719031362830176740e-02
8.283706336221893229e-01
7.632753109997493235e-01
1.673728430958920654e-01
7.749880559506640010e-01
7.973683981420183198e-01
-1.420194251264733920e-01
7.735344678442773736e-01
9.385462604993122238e-01
-2.809518237100018800e-01
7.509437932877230937e-01
8.916947304124592799e-01
8.244992919757567762e-01
-3.364876332594498587e-01
1.372925479651393998e-01
2.446872258325824001e-01
3.663408520006430913e-02
2.441096492535292373e-01
7.377788565812871957e-02
4.359307806303241994e-01
8.657029407883711780e-01
7.996258643318012727e-01
9.015859548951491442e-01
-3.182587354206926622e-01
-3.714435465241217038e-01
-4.571741176834624998e-01
7.990389971360878363e-01
9.020492775004256281e-01
-2.876275520629431037e-01
-1.862916634774489377e-01
-3.005798706358067118e-01
5.445303308580012880e-02
-3.520734974312670351e-01
1.424956420830184728e-02
7.539945937784195973e-01
1.301828698224135605e-01
9.487365834553727062e-01
3.628999128077708969e-02
9.017266244813481046e-01
9.092517203892767075e-01
1.486207755655801210e-01
-1.458344119145824624e-01
-3.130285426752777433e-01
7.045633087533099692e-01
-3.153016423466299401e-01
-3.334264752024846956e-01
-3.393549356071524636e-01
-1.856744653474583229e-01
6.875836575327524958e-02
8.702118011394901487e-01
7.440028358027892530e-01
7.842657936645110184e-02
8.863676478722178897e-01
1.650843586707698984e-01
-3.623960408872330952e-01
9.066716037608395506e-01
9.411618978301051763e-01
2.448041819737144242e-02
-1.662031035326849981e-01
-1.462628071173389666e-01
6.965664566229055055e-01
-4.385560800818609772e-01
8.244709135835744940e-01
1.418598014602577007e-01
8.121766011218608527e-01
-4.344353092105450731e-01
7.535647734024221167e-01
7.731511066348555339e-01
-1.751258152941861379e-01
8.084497489877324750e-01
6.781162412286707575e-01
-2.955997921709098142e-01
7.305812695792407441e-01
9.227217156931334374e-01
8.542673872691199932e-01
-2.118925723001354178e-01
-3.069738056463059417e-01
8.845812532174528453e-01
-4.331808660637657682e-01
-1.962276252075116356e-01
9.258107929997531071e-01
-3.876201320949279605e-01
-3.148660622695886868e-01
4.738145256251231063e-01
3.497710168669272979e-01
8.915012525914873809e-01
9.216549991981901613e-01
7.822173166956456480e-01
1.697948371597886585e-01
-3.743798005252197969e-01
7.310209090872407112e-01
-3.491142646586332110e-01
4.314408070751984264e-02
9.025897162523653927e-01
7.757856400284899312e-01
-2.428830372338916244e-01
-3.034589201464967800e-01
-3.034083639008680056e-01
-7.269840018622160394e-02
-2.890630142177041950e-01
-1.760845685932285465e-01
7.958185447627369458e-01
9.128809021526760326e-01
-2.789778187948662724e-01
-1.753143823939688484e-01
-4.240393344434360556e-01
8.012976213904785538e-01
-3.936664479758933410e-01
7.065112748547075494e-01
-4.563119415546969260e-02
-2.961357568748283486e-01
1.499019869177542486e-01
-3.594552175307693664e-01
8.499139593066222798e-01
8.997719080274221293e-01
6.661123856362836104e-01
8.018237122917067916e-01
-3.916457555136615420e-01
2.087986225460534695e-01
7.845055135227505527e-01
1.082290144973350188e-01
9.367739564995007928e-01
3.659656401075247478e-01
8.294692502889668972e-01
2.762907426687274404e-01
9.301141987965935165e-01
1.447798093828056021e-01
-2.068002687451913069e-01
9.051268366095036599e-01
7.882852720854702788e-01
8.931876357843784309e-01
7.877382254884840451e-01
1.556746652493449894e-02
-4.010384827658923790e-01
-3.082936861255027305e-01
-2.871592215495598621e-01
-4.208223146585976515e-01
-6.489558940619100103e-02
8.962157374301888968e-01
-3.242599952130418850e-01
8.502214846320618191e-01
-3.351531473554730245e-01
-8.519286032331592484e-02
-1.349681805370872567e-01
4.077016655411091484e-01
-2.647820952537347505e-01
9.413031597266647843e-01
7.801839971257303885e-01
-3.176412636901776998e-01
7.959366326599647268e-01
-1.994216703378189903e-01
7.726899684774954924e-01
-3.877804476377755272e-01
-2.447292711579267255e-02
-3.796103844424641993e-02
8.025073517272711676e-01
9.091879602203863930e-01
-2.450582008295744962e-01
7.885036323461231955e-01
9.453627874379773033e-01
-5.002851884520319592e-01
7.841462944498130971e-01
6.725462821960666027e-01
9.224420534929003712e-02
8.893234604576711888e-01
9.044293425561120703e-01
-3.010923485019377788e-01
-1.947241508917452457e-01
-2.731676737603146998e-01
7.967857344849609280e-01
-1.130360199197072285e-01
9.038090287718809623e-01
8.428501021976299024e-01
1.577560323411454912e-01
8.763973270090742451e-01
8.181505446058273678e-01
8.969070165895211000e-01
9.224309966785013692e-01
1.111374643410042162e-01
1.175418055017735108e-01
-2.814563272878736755e-01
8.331144987939550495e-01
8.092276574999711647e-01
8.100609778272939154e-01
-3.094279233350549219e-01
-3.702634153423561281e-01
-4.316126730614083806e-01
-3.699832260437783127e-01
8.484543838805056470e-01
-3.006612539851458155e-01
-8.720414016420224845e-02
-3.180102050329595698e-01
8.368252032692242715e-01
7.793160181043859991e-01
8.917797967558018790e-01
-6.465526214461461696e-03
8.740420251211433733e-01
-1.148504472757691242e-01
9.276789220675589753e-01
-9.090166591076509484e-02
-1.954220172823748491e-01
7.973651521826230493e-01
2.179669072922661988e-01
-1.082202002047811251e-01
9.088140667272608386e-01
7.489728808900648627e-01
2.293568397344680210e-01
-4.105503774662414562e-01
-3.635984610626001867e-01
-1.100061908688324264e-01
7.704439024230091970e-01
7.907102582636424959e-01
3.705779598952614884e-01
-1.248373487830806150e-01
-1.651910233048929644e-01
8.545694129345162704e-01
-3.431528562460948173e-01
3.058158904408174728e-01
7.985824607291539534e-01
7.015813861146651398e-01
2.236029609661503714e-01
-4.576914567799578726e-01
1.212617575616956878e-01
-2.788350543690915062e-01
-2.649676015325534428e-01
1.040138747484216503e-01
8.186846087695952567e-01
1.187071749433812051e-01
8.698291702563846206e-01
-1.577640483792730475e-01
-3.076301678836609321e-01
7.914476570461640437e-01
-8.420923783062703172e-02
8.204118633453195697e-01
-2.635677052472360504e-01
9.253703443903279480e-01
-3.221272733717349124e-01
-9.253098227081654747e-02
8.081812569014035219e-01
2.244399415491052027e-02
9.168135940795223426e-01
-2.926202313046783465e-01
2.789802739188849273e-02
8.186932296913921325e-01
1.271801953112258465e-01
-1.372051754916315258e-01
7.328676970601045726e-01
8.096488773692728236e-01
-1.630674280802682508e-01
8.960901020035306752e-01
9.398043043758336212e-01
8.046588245403615280e-01
3.218843572824774818e-02
7.593822032220673979e-01
7.993575850261243343e-02
-2.099815769775450203e-01
9.550723907735103602e-01
8.982041358550195698e-01
9.092298219350116728e-01
9.115098851629107601e-01
4.734771554023237128e-01
7.924027349305156065e-01
-3.686319806474210869e-01
4.054422565535037992e-01
9.086965269778007892e-01
-3.482835638267596789e-01
9.237485671364721318e-01
