8.727918214297906152e-01
8.290737361293673002e-01
-1.382097286428284333e-01
-4.962371733021817000e-03
1.609697144401699143e-02
8.782833344742737580e-01
-7.502382543859492312e-04
-2.466696948940089729e-01
5.480127524698965441e-02
-2.258213263581639041e-01
7.856224808882703581e-01
9.134389529810799102e-01
7.426457125964920358e-01
-2.898747294507723615e-01
-8.248563682234485994e-02
8.983123375967290158e-01
4.648736638267836341e-02
8.850853521798742740e-01
1.957424641664669840e-01
-4.060069741584375336e-02
-2.740387235617412487e-01
9.308083049789225294e-01
-3.224694485437927804e-01
6.595272730829742081e-01
-5.418364165436685420e-01
-2.551373727476212716e-01
-2.391772640078995010e-02
1.014068509367552912e-02
-2.113252571864563112e-01
7.645519730615559784e-01
-2.044123729358754415e-01
8.825169548517199924e-01
7.861177523811264667e-01
-2.896141774436767902e-01
-3.121947921842644913e-01
5.828692213923201276e-02
9.223166811834487833e-01
7.737697586186492726e-02
8.818851765394175590e-01
-2.740944175665719351e-01
-4.829616040644833519e-01
6.376109923414958747e-01
7.168331756190378101e-01
8.924177619151402174e-01
1.045599914733134073e-01
8.026438386480873044e-01
-3.523725762472693090e-01
-2.795524781471540529e-02
7.853727511430279584e-01
-1.364523405864240813e-01
-3.762857742246156767e-01
9.584042971669795019e-01
8.607718738067982045e-01
9.123579675359249075e-01
8.312276070822611773e-01
-4.494921391085378026e-01
-3.973932576517079651e-01
-4.025800231960281472e-01
-3.364210817176975232e-01
9.357812130160170216e-01
8.832711089623024314e-01
1.914406348644811240e-01
8.875948603918560886e-01
-5.679992094017275450e-01
7.566026532006709937e-01
-2.488339785876508836e-01
-4.655212070772410948e-01
9.252393755908222550e-01
-3.501517045664939709e-01
9.212303789183297065e-01
1.954846928396825056e-01
7.527914941840854191e-01
7.292620594105707343e-02
-2.659243328097348202e-01
7.406138312832034609e-01
7.304530126987003325e-01
-3.028743839644144620e-01
-3.239535982910683454e-01
8.446616590707851646e-01
-3.490572420567124579e-01
7.645860754531577097e-01
9.041350450229739266e-01
-2.809816751545620162e-01
8.286721982566036537e-01
-3.559838260763753537e-01
-3.382367057023317747e-01
-1.205597806731396049e-01
7.029912660466013374e-01
8.841566376421471363e-01
7.255230522813207461e-01
1.726065694030806327e-02
7.125429039435249301e-01
8.264483641714923667e-01
9.304384172194817282e-01
-4.075999566585294387e-01
7.785926548300863281e-01
9.139067276334923440e-01
1.184864768836263876e-01
-7.846906635852296530e-02
7.741320951024820846e-03
8.059702117390086240e-01
8.287174146523437201e-01
-4.008213347714701946e-01
-1.156393031580255082e-01
6.538747738068024784e-01
-7.775030475655336781e-03
8.960238115835673645e-01
7.648993762768790949e-01
7.734987212954521629e-01
6.709566175668599808e-01
-3.606510719555661715e-01
1.031660855327843629e-01
-3.884494951633159499e-01
-2.639649537497858467e-01
-3.210612216234972061e-01
-3.143953288398000923e-01
3.411091109227266244e-02
-4.533597771146685718e-01
-4.373426657607581980e-02
-4.026851512460935534e-01
9.190716561460715583e-01
7.276815471751331144e-01
-3.461723877615774936e-01
8.096588420609963643e-01
9.018145812611654266e-01
8.999663933293011731e-01
4.580109837608383611e-02
1.197207473256265003e-01
8.766600910933461943e-01
8.975120189148760863e-01
8.973226082389893499e-01
8.910543520473265255e-01
-2.179401274485284201e-01
3.850423361249195875e-02
8.926665070736492513e-01
6.061987862392376886e-02
9.099200329728787118e-01
1.918070945494234902e-01
8.647791948294393238e-01
2.847401140364662631e-01
8.254899021168357054e-01
-1.683153212493203321e-01
7.040319424622700772e-01
8.835413157776055293e-01
-2.879664919580403049e-01
1.171085905988288184e-01
8.134138127434952237e-01
-1.307221017041233502e-01
3.458677244007526963e-02
8.877654356849117301e-01
8.811395108229465034e-01
-4.256041183261128347e-01
-1.259044303325566605e-01
-2.132208787113229476e-01
9.056637093493311585e-01
8.987750526289854935e-01
7.670104453662811572e-01
-2.885210233514121092e-01
7.978200041587067970e-01
9.153561427739065337e-01
-7.616430690855083285e-02
8.866418656645113083e-01
-1.894913255715824918e-01
8.513133218306683236e-01
7.125643092115443444e-01
6.925492706468456827e-01
-3.237222665681982470e-01
7.829017225004725189e-01
6.244795390077683139e-01
-4.350411820204653779e-01
8.808335403362295146e-01
-6.105042966041307473e-02
-8.755500974761082356e-02
-1.922382119114135479e-01
7.774411700076047094e-01
8.750176659387822742e-01
-4.588869644576256124e-01
9.161364417988759890e-01
9.118949642276763523e-01
8.788802193358999926e-01
8.594346746778838142e-01
7.503491331865070890e-01
-3.045383714482521875e-01
-7.648359192489677383e-02
-1.164990461392254317e-01
7.286729175964509198e-01
8.051113883279662486e-01
6.981586130397813283e-01
1.750262470273283855e-01
7.013148589189874826e-01
9.134049339675118784e-01
-4.925095909927642013e-01
7.215659693606462088e-01
9.009904486953175251e-01
-1.774976298076319514e-01
-5.241736565691892391e-01
1.895594876134363282e-01
7.857031643225014239e-01
9.133811858303869657e-01
-2.532570152222605731e-01
9.653082905192780228e-01
8.866017826973717764e-01
-4.603170525575268623e-01
-4.003818445624972577e-01
6.736489620472383422e-01
7.204252615051325304e-01
-2.941579752970636119e-01
-3.217365369389497132e-01
-3.353835781807615879e-01
9.475526302771977161e-01
1.478229300682927239e-01
-1.601245488853268173e-01
-3.617367452467785127e-01
-2.605590506026301267e-01
6.954348965421823792e-01
-4.837350654516869297e-01
1.230955160676138332e-01
-3.270269317263261311e-01
-3.652282522416238630e-01
9.043966712211728431e-01
9.063537109156560856e-01
8.617466292372734094e-01
-2.558909882372669697e-01
1.705540771080545082e-02
-4.325693110995598167e-01
-3.425797632059496278e-01
6.934748015826032175e-01
-2.845068826179194543e-01
4.063812755301290935e-02
9.227085522812704665e-01
1.882525321040359467e-01
7.726584415199450051e-01
1.320944038644299851e-02
7.421615813553732455e-01
2.520749159587668542e-01
6.641819762012238226e-02
-2.396252063027338730e-01
8.853725760647312981e-01
9.060275604224399260e-01
2.815336221455400773e-02
8.212737198891356671e-01
-7.779403562180796372e-02
9.395698871789239792e-01
-2.031289197600449348e-01
-4.089417646142782803e-01
2.195059531085170185e-02
-3.468505927473308770e-01
8.597045443073901838e-01
6.023128250335645362e-01
7.598524217654312185e-01
-3.443490537846153887e-01
2.086943420948071115e-01
9.385583750340625864e-01
7.888885299175190102e-01
4.180647671736296977e-02
8.931017465931739840e-01
8.210921243088673549e-01
7.982602411273416187e-01
8.159330598062713991e-01
9.046086081394359990e-01
8.410490549823077533e-01
-2.610258046309180680e-01
8.958658552189210367e-01
6.904194064048239099e-01
-3.005028074883629718e-02
-2.148161378575175751e-01
-2.533465789896922060e-01
9.014527968924783696e-01
-1.392999875829277201e-01
-2.860787106195925023e-01
1.140760747891171323e-01
1.718079087387919812e-01
8.902815469778706525e-01
9.111514313457849124e-01
9.800431735000626754e-02
9.066236813969910102e-01
-3.165079749923504493e-01
5.967559953496459624e-01
8.821641791607248706e-01
8.285811781289217359e-01
-2.093526548192723991e-01
9.286959704527556481e-01
-3.923039670633991505e-01
-2.438113951214901931e-01
-3.394412986852334280e-01
3.075176010721076825e-01
-3.528185127740697813e-01
8.917519042712614974e-01
7.817360021581407636e-01
-3.377656561814042502e-01
7.253418907177555663e-02
4.282083176092561089e-02
7.846348183981433078e-01
9.294624734555847478e-01
9.865745033625858418e-02
9.298825352162725100e-01
-3.365201231831685957e-01
-2.802148055733788556e-01
