8.927115428383672890e-01
-2.872190175037590831e-02
9.109716881280621736e-01
7.166053172754847100e-01
-3.148188813517235340e-01
8.139194960711688687e-01
-3.767945719251157288e-01
-2.721691348268255872e-01
7.130527871840229570e-02
9.446188593941774458e-01
-2.857746705335402204e-01
8.581481689047243400e-01
8.403788629605474236e-01
8.885645295488484585e-01
9.254457258465104141e-01
8.306826256270359865e-01
6.021552411621348133e-01
8.937570276080147869e-02
9.082763838714615900e-01
-1.310722114356526191e-01
8.630666763765850735e-01
9.225102342093237651e-01
9.354255783643701250e-01
-5.334892916975298577e-02
7.009642359442921355e-01
6.446533909888302327e-01
-3.043273275678318734e-01
-3.091795663596539345e-01
-1.075965099448075307e-01
-3.298162680632705790e-01
7.618425702146772727e-01
8.828735428849929789e-01
7.260627787934493815e-01
1.761281173104877751e-01
8.525528698992415055e-01
8.102594702329968257e-01
1.571405955957093370e-01
-4.549173746268135865e-01
8.918306374508889744e-01
4.285668610834508785e-02
3.729536835571522352e-02
9.271781445881405181e-01
9.338360897927764359e-01
1.344770517308693791e-01
8.972385411129616406e-01
8.562862114308490424e-01
-3.078200539803518376e-01
6.154145196657919703e-01
9.132428921727221427e-01
-4.303032913629075695e-01
8.011562748392907496e-01
7.767141762710978448e-01
8.035710414017183112e-01
6.877637386294283006e-01
-5.032072367796399659e-01
8.966378808198949280e-01
-2.939234266711755472e-01
9.330139175873185531e-01
-1.671327282547184490e-01
7.582737395613348141e-02
7.267152438859174612e-01
-4.061349605813611707e-01
5.678936927367347898e-02
4.051452765506105558e-02
1.284369666475369542e-01
-2.141055368313550811e-01
-2.219975644836489626e-01
7.236047049412779320e-01
5.222768756781075161e-02
1.140453263244955162e-01
9.023979108457194642e-02
-1.616671049496597456e-01
-3.982215624823070010e-01
9.249840001468211392e-01
9.247965629733337911e-01
-2.861470375712385494e-02
-1.922150452863114756e-01
8.934251353927108452e-01
-3.224289980393424404e-01
7.710356459633430637e-01
1.856762703679257220e-01
9.172016674716652052e-01
9.258538709101591380e-01
-2.414852648529086376e-01
8.926283229877861602e-01
9.313457712055157600e-01
-8.065706903589801857e-02
8.579467330297323169e-02
7.628748204498351226e-01
7.504734249986149131e-01
-2.589119709299950722e-01
-2.701461535347509102e-01
-2.804753651732962150e-02
-2.105314862182232627e-01
7.762281323582209680e-01
-2.678184414914825395e-01
6.942185450935447477e-01
9.045307328150038462e-01
1.149552587579224516e-01
9.100836483146526046e-01
7.603756958838903124e-01
-2.867546527985397886e-01
-5.897793811402433917e-02
-6.158997865267816507e-02
4.728400964905545290e-01
-3.338880396029357267e-01
7.705311413452335945e-01
9.242414630830908528e-01
4.338748117229115908e-01
8.931014230451919111e-01
-3.994141893206339389e-01
9.184701650873605683e-01
-4.315881141836050983e-01
6.827801441952080497e-02
9.104406384851231326e-01
-4.707654862539597529e-01
9.110522525473451205e-01
9.170491495265211679e-01
3.405555103341265100e-02
-2.560197957251065248e-01
-2.949141405846841812e-01
-3.685181905482712295e-01
1.252597174334978414e-01
1.043491507798805229e-01
8.479816597422229485e-01
-3.406547913313919818e-01
8.728726414988076110e-01
8.703227478501104342e-01
-1.668132619173837150e-01
-3.228720527331943035e-01
-4.359031132573613215e-02
-3.695164509692370203e-01
2.841162457117950568e-01
6.702207613276236486e-01
5.289619433336709697e-01
3.386685640489722759e-01
7.536405604861606822e-01
9.103371761382786920e-01
-4.398511588696846775e-01
-3.569739494941189806e-01
6.669737587890103292e-01
1.093827486927865800e-01
-1.536040774960863164e-02
-2.638663507866650382e-01
9.142928250562886161e-01
-4.228524919393997217e-02
-3.318866528690574969e-01
8.947306113658454185e-01
-1.905736352835554204e-01
8.529540053474591321e-01
7.760460148831923588e-01
-1.172386878819395573e-01
8.106449828546357095e-01
9.246860909682370622e-01
-2.120486693273259393e-01
6.883062310154577368e-01
8.262526077958690651e-01
7.392183204824366305e-01
8.448802251495765581e-02
-1.492264318012829771e-01
8.042180201946836915e-01
-2.207843925788684769e-01
8.378239870859366389e-01
1.906591032986379164e-01
8.554303413735296902e-01
-2.862508581289985310e-01
8.879484363745505648e-01
-3.994337929433225964e-01
8.320016147953555041e-01
6.898729999969313575e-02
-2.912061439319680867e-01
7.194070518375540457e-01
-3.475966464047460791e-01
-1.621782683560499261e-01
9.627945293566121665e-03
8.228195928790320579e-01
8.859563517572575098e-01
3.744169984479902014e-01
4.336375004655921295e-01
8.329052674935949474e-01
8.324751363789822944e-01
6.173383845341215426e-02
3.808414971121282244e-02
9.075270809126212423e-01
9.040003436455915642e-01
8.205928255838900176e-01
8.180701242813847029e-01
7.266327355646116093e-01
-9.838787927589201510e-03
9.697429298611699722e-02
-9.445435285936676362e-02
-4.431574774504693504e-01
7.683990186201752337e-01
1.273841009149792314e-01
2.116211245578508704e-01
8.884937593659824051e-01
8.828907856601581061e-01
7.372988027101526898e-01
-3.815340313703575736e-01
7.669132030338196016e-01
1.718183824583183195e-01
1.082736708400079129e-01
-1.170337764282817494e-01
-2.711425673698789063e-01
9.168578001845421044e-01
7.696027073789761808e-01
-3.051613193249367861e-01
9.141673707109362335e-01
8.080622754044812783e-01
1.075437266198803893e-02
4.631977632707084402e-01
-4.175148873091089063e-02
7.304513239833793081e-01
6.899040157676414875e-01
8.891647510286893041e-01
1.737494989374027410e-01
8.759753723807761627e-01
5.967002279837747558e-01
8.302756014327623557e-01
-2.624932497668084341e-01
8.243216953009561143e-01
2.521590304336192578e-01
-2.135652217261735653e-01
-3.264197539574151818e-01
9.376591561743160552e-01
7.695650076435047726e-01
9.011700309196846170e-01
8.799790402068113915e-01
6.913734229611078197e-01
1.961402859451882585e-01
-3.010306449298449372e-01
-3.911586150528698069e-01
-7.220524716595976000e-02
-1.305590987993925922e-01
8.742629528247601867e-01
2.465134229761289375e-01
-3.832348379966484253e-01
-1.210460455064370916e-01
6.217000755398200962e-01
6.792696257916601699e-01
6.975101156735425967e-01
8.933905588576571688e-01
9.066219550232885727e-01
-2.177997195656845297e-01
9.141759563282758627e-01
8.815479938813912675e-01
9.285626488252625155e-01
-3.438843457343950250e-01
9.018267798162674653e-01
2.780730788882301852e-03
9.327874301712717475e-01
-3.799172407653002015e-01
-3.932361907591401251e-01
5.811303804674122775e-01
9.366361046992556227e-01
9.062805790725686483e-01
8.273385010870925038e-01
6.566874528805866085e-01
9.433393305629349523e-01
8.109775838135163673e-01
-3.304227353782009380e-01
3.594207244387742639e-02
7.864268011597635999e-01
8.881722200874722084e-01
7.090694074565587757e-01
-1.507887279272329684e-01
-3.254682471031615232e-01
6.391222489317727184e-01
1.862151139673554334e-01
2.740442175555835025e-01
6.628758332263200437e-01
8.567353868112248527e-01
-1.797228114952085787e-01
5.406987428275374929e-01
-2.861869464341271208e-01
7.831042789213645827e-01
-3.359226770153214137e-01
4.594921336580598537e-03
7.726667650214658067e-01
-1.722776241321924695e-01
8.889483171183463206e-01
8.431803213034697597e-01
9.044191025872575507e-01
8.104224152997427932e-01
1.404834228561517573e-02
2.235550296746587617e-01
8.328279619841297832e-01
9.058012140853011207e-01
8.372701309691050753e-01
9.261868387005918191e-01
8.016598403137646933e-01
-2.124696472376235712e-01
3.411638308302458178e-01
-9.762005699534753722e-02
-3.304345184281575198e-01
8.928495110029867066e-01
9.306784357357706927e-01
-2.763938302329977392e-01
-9.781034405384651798e-02
-3.204254739563185406e-01
