-3.516287312897375394e-01
8.594260485111132608e-01
8.990971437566623869e-01
-2.910894245118497703e-01
-3.511675652292869931e-02
-3.763969888704052358e-01
8.975523272002554620e-01
8.041140811820797207e-01
7.748530699571405389e-01
8.234739306062723863e-01
7.959013853906048430e-01
-3.918038322159619891e-02
-1.608051012846721806e-01
8.500314919767982813e-01
8.691105095794678936e-01
-9.213769491789536303e-03
-4.585713016617398718e-01
9.104953489563606395e-01
6.020915445425009671e-02
-1.977492468609030885e-01
9.403385719291873501e-02
-2.748029101282837422e-02
8.287329192549307555e-01
2.608209433884881023e-02
8.573108851947427445e-01
1.353605306832135480e-01
7.813071281909886867e-01
-5.700456609679155351e-02
-3.637448533935414563e-01
-4.445145732237525960e-01
8.315065553466841619e-01
7.918240440388804036e-01
-2.849044126045936487e-01
8.064672517524087425e-01
-1.158044433140511809e-01
2.603308414658032088e-01
-2.847224639138625779e-01
8.117575556781372326e-01
7.110887925593077918e-01
-4.334963921881265780e-01
-1.269085811643598793e-01
7.311829377037907252e-01
7.708978420678506138e-01
2.106506155806627256e-01
9.112561970000924161e-01
8.521535544555229880e-01
-2.134967737770461504e-01
-2.111055023058188151e-01
7.672829897804701593e-01
9.172347592064389321e-01
-4.710646037456247548e-01
9.291971104768321776e-01
-3.310751060553178138e-01
-2.834908534084664700e-01
-8.374600081259697681e-02
-3.332061527832780312e-01
-2.852737607123002617e-01
6.963613450343657529e-01
-3.026598513015169023e-01
3.143938046097689842e-02
8.427665304849324412e-01
8.827993388660431151e-01
9.225882140989215552e-01
-1.338178537098929088e-01
7.452449360069591799e-01
9.098531733340190497e-01
-3.155099260232279712e-01
-2.788561218699188715e-01
9.428708416993378250e-02
8.259949523064780141e-01
-2.351688302187142088e-01
-1.959464722331756559e-02
9.244471878101854223e-01
7.700016699463271275e-01
-3.971441807134096225e-01
8.967213331975480983e-01
1.295746683944689337e-01
-2.302449996796624987e-01
9.018886044662510759e-01
9.250632765281719960e-01
9.162838755744870944e-01
7.069298632360970780e-02
7.700214850180858717e-01
-3.505059712007295714e-01
5.143024266837985248e-03
7.729677534036799580e-02
9.289517244630387527e-01
-3.194907596300736174e-01
2.746119289368622596e-01
2.706520700537791424e-02
9.486797110998550497e-01
5.177283620340271397e-02
-3.655632869723602352e-01
8.989502845319005120e-01
2.862423225508186064e-01
9.025535708388150447e-01
-1.940737466187791027e-01
-1.041349681249382764e-01
8.763746591545548137e-01
7.483532737835563164e-01
8.769127521020896321e-01
6.750803781268780446e-01
8.108445365256053416e-03
5.896437977122341578e-02
-4.235938035987491523e-01
8.147443883895453265e-01
7.595681364885445985e-01
-2.007915396107206041e-01
-4.186433498984943880e-01
9.134882794833117936e-01
1.640972155953252520e-01
-3.060730797606148745e-01
-1.730305212464151032e-01
-8.107614203573332290e-02
1.159143428012838171e-02
-2.929852894272823582e-01
-2.828282181087558578e-01
8.952364206725904605e-01
-8.447301109735508295e-02
5.591650450529157129e-02
-2.340568816216070103e-01
9.369869578783465158e-01
6.678553448073707433e-01
8.596103463696534996e-01
7.783095857956729979e-01
-2.572648783375819370e-03
7.736080874871686941e-01
9.119534054254415656e-01
-2.365537144677269388e-01
-4.274002098470283673e-01
-3.805551869824667643e-01
-4.507152441802214082e-01
8.118876103065281180e-01
8.963338869042335455e-01
9.150434617324143538e-01
-3.324865531980063516e-01
8.315109921238361679e-01
7.900239890108825547e-01
-1.440445967105048741e-02
-2.749050236163953498e-01
8.653468905890013829e-01
7.554499111756374230e-01
-2.163705816194131937e-01
8.833991395496074150e-02
7.424167608302595367e-01
-2.855603389325667707e-01
4.906488235034630468e-02
8.923737491333940675e-01
7.691129487865498993e-01
-1.745995695494467412e-02
7.364797131813083375e-02
1.249995527906896942e-01
8.324885696790025325e-01
7.863945425962639568e-01
-4.267623986566775329e-01
1.560976728550852177e-01
-2.575434727498154830e-01
9.219045934408832688e-01
-2.180497417936771432e-01
8.810406851382437399e-01
1.595672715670830577e-01
7.316865214388038607e-01
-3.299302052962527210e-01
7.861283939601457771e-01
8.964108993162992478e-01
-3.580757397056034130e-01
7.354531884209273285e-01
9.296382130669517130e-01
7.627378978440667590e-01
-4.214307424445455919e-01
7.858921550102206943e-01
-2.423099429658588655e-02
6.971609850774131978e-01
-2.729817779235306219e-01
3.913374751370934240e-02
9.501551383302232479e-01
7.928921776974451330e-01
8.876342108402162090e-01
7.873781944256619258e-01
7.183195010554559445e-01
7.937164028772472069e-01
-1.298391416958335765e-01
-3.979629602939620536e-01
-3.452196884361798390e-01
-1.205431039624893369e-01
-5.073864327251669248e-01
6.836380225745296302e-02
-2.958874600726806303e-01
7.788490564698548058e-01
7.762044978802082884e-01
7.247122652129274201e-01
9.034274031919237169e-01
6.710421452996925273e-01
-3.089248050411259050e-01
8.106603811574933927e-01
7.729090675979060077e-01
7.765595722009543955e-01
-3.229716824141659615e-02
7.432857133550141437e-01
9.261154475654952423e-01
-3.625164194313583166e-01
7.296756932080641356e-01
9.253395419454929494e-01
-4.034937085697898884e-01
9.070256564363035068e-01
-3.438199658536333359e-01
9.179577652646965236e-01
-3.346458544957866543e-01
8.693905061487944286e-01
7.291401021273573591e-01
9.171360730425885954e-01
4.216197376547131670e-02
8.607112434814560009e-01
-2.245347958868380567e-01
-1.722205685456490165e-01
8.541872162232068133e-01
9.313048355350401764e-01
9.090310597667615733e-01
9.042185310667187892e-01
8.548895974185086732e-01
8.554947528572710569e-01
8.079057285308292036e-01
1.233561229682908766e-01
-2.814474705988805336e-01
-1.645927669152789374e-01
7.886953749579317385e-01
9.235428739499337292e-01
8.473957921795723935e-01
9.142486053343223951e-01
-3.844606644946383378e-01
3.559772713131854616e-01
-2.755867373936422560e-01
-2.768664694793596670e-01
-2.380954679772842586e-01
7.314702203993949103e-01
8.885176283112760087e-01
8.399776999079594519e-02
1.434729820504574982e-01
9.102273496402313313e-01
-2.975362462658024953e-01
7.671553862948551350e-01
9.177987884586475964e-01
8.864895062956076321e-01
3.204211838153149527e-02
7.909058586008301805e-01
9.257156112688420535e-01
1.721285339513307089e-01
-2.899154285545060272e-01
-3.418748966297037173e-01
7.162155959279078443e-01
8.415716451727104364e-01
8.848084494412054024e-01
-2.355791559851016514e-01
8.137830472871590004e-01
8.896337482724386847e-01
4.341687654504523541e-01
8.144903560570280199e-01
9.303512545033719716e-01
8.744615649962647064e-01
2.044718374650079593e-02
-2.889255874120840728e-01
1.164061959796721946e-01
7.924860769892028145e-01
-3.212237285530488151e-01
5.499647341299736952e-02
-2.205664201346016484e-01
-3.157873900722795724e-01
2.928023585369474852e-02
6.424836513825364914e-01
9.199063581541273571e-01
-1.163433345212375319e-01
9.058858049186441219e-01
9.226240865601122998e-01
7.502721676504540138e-01
-3.928563596516830292e-01
1.547498406347899702e-02
-8.659056300999631861e-02
-3.784153348870633593e-01
8.994711205743763927e-01
-2.183281935858616407e-02
-2.039756448856820947e-01
9.050584147927404066e-01
8.983067669883643136e-01
7.808511849494782497e-01
-3.999427225569346378e-01
5.636567525158082959e-02
3.445459555174461980e-02
2.187665116476695398e-02
-8.837364459656471549e-02
8.322767599447985498e-01
2.161959962737468599e-01
2.372286849897226740e-03
