1.610182752842385934e-01
1.943996405780655801e-01
-3.555080505689458548e-01
-3.943303604433113230e-01
9.060494451274351269e-01
2.075213355918617900e-02
-2.916535893707031812e-01
8.898217138432432671e-01
8.005715615974390298e-01
8.956061616792702074e-01
-3.926001050226591849e-01
3.489030254296754952e-01
-3.430549163990939121e-01
-3.314139385204615817e-01
-2.613736583516210743e-01
9.042969201589944328e-01
-1.880760611421890827e-01
-3.937704717441419255e-01
9.189635365203214779e-01
9.095061759327802697e-01
1.398614713137810439e-01
-2.894441035522251626e-01
7.501804045685699363e-01
7.607751762630459158e-01
7.382419769811029431e-01
9.361220927034873407e-01
-5.043031202923214940e-01
4.515952178579915599e-01
4.397305225880042412e-02
-2.985890566465407292e-01
8.934859735544719017e-01
9.081689288419723116e-01
8.738753497062313746e-01
1.700165091091496439e-01
7.638939529220618585e-01
7.901128182149647072e-01
8.143125534502129170e-01
3.737861592210568046e-02
9.172765130717999149e-01
8.855948883878581590e-01
5.835090279972349192e-02
9.029249906991155816e-01
-3.909713412796477772e-01
1.849404340206674269e-01
-4.287766143064747904e-01
1.291749242713186585e-01
3.466967998882174995e-01
1.372027404284807683e-02
-2.941690769748601109e-01
-2.252307460824056751e-01
9.018798257399569529e-01
7.741593914653094322e-01
-3.442052275306665687e-01
8.158986125954696966e-01
7.891923373303938449e-04
2.274718491941663673e-02
-4.741850036249410927e-01
-3.639541973969281363e-01
1.130565497425548849e-01
2.787207321541120275e-01
-2.898947000134189933e-01
9.030432363483411606e-01
7.484044930776555526e-01
8.601033013116855808e-02
9.014382625024484064e-01
1.111853404259219441e-01
-3.497633899828371251e-01
-2.385315816706329861e-01
-3.410785978248380701e-01
7.353381221576239524e-01
8.256357527248262551e-01
8.453896609869785417e-01
7.881714210166675949e-01
-4.236690718821540802e-01
4.926349204858115893e-01
-1.674571083200337152e-01
-4.038949538102354353e-01
-2.911022317690874495e-01
7.876913717318511088e-01
-2.991421536540703752e-01
7.888249521647118234e-01
-1.968717386917139545e-01
8.944291305648919277e-01
-1.931784620663229146e-01
9.372346291145432495e-01
2.734352116072240602e-01
8.011835064098711268e-01
3.534810668458535088e-02
9.016418365008521674e-01
-2.745006767539534542e-01
-3.443017943100828426e-01
-3.464445382407224105e-01
-3.034872361954986664e-01
2.914005203219749429e-02
-1.909237235882358524e-02
7.687393477793332819e-01
9.233168764365428105e-01
8.817971089567487875e-01
9.274015380527957930e-01
6.577653752479186711e-01
-2.895469346658339771e-01
7.838195137881703856e-01
7.945362391524301016e-01
8.060159112492794042e-01
7.748214052764851312e-01
1.285453062031054472e-01
7.795651732988237992e-01
-2.016543843927232071e-01
9.525808362194442269e-01
-2.778075063988997284e-01
8.354828860098334475e-01
7.159412262040427688e-01
6.744535330638559145e-01
-1.141000781357714711e-01
7.646057553519084449e-01
-3.502082692256665575e-01
3.582905392267261568e-01
7.523578271679852714e-01
1.877174502762100211e-02
9.520268915796352704e-01
1.273061731987284173e-01
7.318289484045394921e-01
9.502914071689899655e-01
9.088738435251636494e-01
8.751469415677060049e-01
8.362915342252750239e-01
-2.986583045562689609e-01
-3.012234653178532118e-01
-6.019279647031745145e-02
7.980922333560355186e-01
-2.935782222372430583e-01
-3.792902803670964995e-01
7.993403262142009247e-01
7.496614090828938037e-01
7.663057427486164030e-01
7.938715752969651707e-01
-4.061152453384409555e-01
-3.196865974123060394e-01
8.845908139302323114e-01
-2.343512926501671312e-01
-1.456445749796759226e-01
-2.533935992837933471e-01
-4.157700814191929717e-01
-2.884952243227877355e-01
1.180765396855818633e-02
1.021437998224227484e-01
8.061971798788276633e-01
7.822067896534634635e-01
-1.781217371919043835e-01
9.140339269305370884e-01
2.094045130012329170e-01
4.511926093843170171e-02
8.910116790624892369e-01
3.288569765607676221e-01
8.416419517384503557e-01
9.358106426348566931e-01
5.489651844550821891e-02
-8.671170155341745289e-03
-2.196391862535602424e-01
6.645239055261055183e-01
-4.510397521004889665e-01
8.823773249445047151e-01
3.143080084883205505e-02
-4.131764981194190889e-01
-3.342979155121956203e-01
7.799087224053472545e-01
-3.060926561384818001e-01
-1.560894667739617381e-01
8.891648286771021148e-01
-3.510951446631382922e-01
9.493440488861012994e-02
9.008594825926607985e-01
8.810575027659346692e-02
-3.245780189684549510e-01
-4.509450716033989170e-01
8.984259181701529373e-01
-1.351378924227601419e-01
8.022199168520495194e-01
7.404183474290961797e-01
3.582003894792027410e-01
3.527359775825952282e-01
7.953742813635215070e-01
8.101620042936491517e-01
-3.314177176053019758e-01
5.736731322718228998e-02
-2.399903411489519300e-02
-3.329493888968965698e-01
3.163504546960893560e-02
7.959985981792248033e-01
9.485164231429968895e-01
7.943660359008130056e-01
-1.110095349135131609e-01
-3.386124614338589800e-01
7.526827198100731753e-01
7.459406006259237110e-01
9.124827408766914560e-01
-3.956360121550911435e-01
7.911536639649984215e-01
9.009235853388157800e-01
9.081431080939956768e-01
7.904985027439024314e-01
7.918361210246047666e-01
5.871718211210917859e-01
9.034977483039131618e-01
9.436537820830646073e-01
-2.566776668208070045e-01
-2.767937576363858065e-01
8.771602264492034395e-01
8.607438200348402901e-01
3.215465091932043773e-01
-1.645103028487421015e-01
9.236019704355390436e-01
1.539207488944282498e-01
9.350674481480715228e-01
-1.301462365471404981e-01
7.203035770118254577e-01
9.380530172202310446e-01
-2.471890229787858662e-01
8.591083997697762653e-01
-1.767073382194701836e-01
-5.920815237203724130e-02
9.573692950244947486e-01
7.668003199491392197e-01
8.287994160262136534e-01
-4.288722745798066033e-02
-4.149799443043820923e-02
9.012882047545376363e-01
8.995250932702034685e-01
9.044120416503240723e-01
5.819308954927132627e-03
7.351857306565359185e-01
8.056941549672543834e-01
2.349343505373232277e-01
-1.546860674616934439e-01
8.253831084113997241e-01
-3.569935033847924655e-01
9.619313861606808291e-02
8.706362144867842989e-01
8.423316819714352643e-01
8.316724509143341715e-01
-2.286790397827971333e-01
3.036011504735257049e-01
5.594013673505177087e-03
8.696039089490020801e-01
7.734538554801194676e-01
-4.697206032153970479e-01
7.424933718571935515e-01
-4.262581250917406583e-01
9.175979368085712684e-01
8.941786227675470045e-01
9.296689250003312699e-01
9.331250457699274969e-01
-3.612042950991506962e-01
9.025811793614805234e-01
3.560206132584711192e-01
-2.984979892533435319e-01
6.897572535955507345e-01
9.091741754720940039e-01
-3.194945639008414662e-01
9.047939955382978683e-01
9.199565911921093742e-01
9.155256475412812955e-01
-3.367873974832086281e-01
-5.330238098755601950e-03
-4.976497517637822748e-02
8.081144747117030569e-01
3.122503914777924328e-01
6.930839459694648763e-02
-4.095742836630381634e-01
-5.046822050264013204e-02
4.684335447560333127e-02
-3.309104843347998037e-01
8.679158833394926553e-01
8.227583980346663273e-01
1.363553790691803547e-01
8.979018708678592198e-01
9.054648264279958614e-01
9.769084840500655287e-02
7.612443257129825058e-01
3.988138979942046358e-05
7.387362372873740313e-01
2.351408741383490542e-01
7.053761331411682045e-01
-4.207809702860640932e-01
1.745946173499109966e-01
-2.898094019893668327e-01
1.631863059214268830e-01
1.968664398220664469e-01
7.681320159792344171e-01
7.851095078160985619e-01
8.658086048994965145e-01
-2.996100235608862850e-01
8.995460605010952015e-02
9.100152789534281528e-01
-4.293228666927915715e-01
9.325617832063685109e-01
7.519049702509287281e-01
1.073495698610205384e-01
