7.829100719124891805e-01
7.886539269869444757e-01
7.763259567806118921e-01
-4.312165372177345080e-01
9.134328749249680524e-01
7.637802727224413113e-01
5.997176281416330967e-01
-3.020383573705413549e-01
1.392589969694778551e-01
-3.861167186227861814e-01
-3.978299632039790090e-01
5.355174714140578662e-02
6.131995978776646483e-01
8.397307976995072032e-01
-3.129271911032579512e-01
7.883082082662351553e-01
-7.037407618729817071e-02
7.361314873122748459e-02
-1.094742871228125691e-01
8.207521998141278363e-01
8.486459298028821152e-01
7.478907463210430207e-01
7.844343668719667706e-01
7.266418776595260365e-01
8.976090264432111665e-01
7.222294091702128327e-01
6.471793145308992745e-01
-3.755548795452725019e-01
8.610024416528013758e-01
9.065348542452879022e-01
6.252866962170254839e-01
1.245278649293066753e-01
3.161138784810667984e-02
9.116408487598817167e-01
3.655145099050245705e-03
-2.147770938439607369e-01
4.837307742123121701e-02
-3.925499274303486108e-01
7.102411441756615318e-01
-3.435518079879153197e-02
7.744331014971645999e-01
9.355895143282934034e-01
-8.768338437751797831e-02
8.239156175565399698e-01
8.450152805560486868e-01
8.716941581771693315e-01
8.040963889255785535e-01
-1.636767041723280747e-01
4.638350074853982152e-02
-3.108842585967437899e-01
7.620337993214741923e-01
-2.642608013434074449e-03
-3.291669170371115949e-01
-2.968872435166498153e-02
1.019654999170982734e-01
7.933001202835560095e-01
1.411066359955571170e-01
-5.800930308732372975e-02
-2.217414268364910623e-01
8.848441589102163940e-01
8.957343070779342220e-01
6.833684506009016779e-01
7.867547167458714963e-01
-3.313911161654459758e-01
9.251681275769966240e-01
-3.447241311270926034e-01
7.187403736808860300e-02
7.403855896358753075e-01
7.888163666205016966e-01
-1.327319145834399139e-01
8.979959187532287057e-01
9.324560035684201775e-01
8.037449044280003951e-01
-4.202504871252936702e-01
9.072212773022216847e-01
-8.921548450355029636e-02
9.290555683290331324e-01
1.896925481851731710e-01
9.024078946582577698e-01
7.469948177530749689e-01
7.890135310774495370e-01
9.218314890749081947e-01
9.211871965917539651e-01
8.943413697800369766e-01
9.290903382637811792e-01
8.725446925805955267e-01
9.121014137595185867e-01
7.477636796307389755e-01
4.487317098482208888e-02
-3.362999136146234136e-01
-3.230708772669700912e-01
-2.017724440242312789e-01
-3.040712328195634973e-01
9.026462736838642975e-01
9.158517920029499715e-01
-2.682208915295360985e-01
-1.755141633283350266e-01
8.261893915785607501e-01
7.700315806623132531e-01
8.830812911239250829e-01
2.271540946994549809e-02
8.605462591309598341e-01
1.368486822843823780e-01
8.779945907383562842e-01
-1.801196178551623672e-01
-6.982085923917361048e-02
3.305725481979274183e-02
8.990009468834643247e-01
7.611613445175555714e-01
2.304627099914471899e-01
8.502333339525135480e-01
1.438812168315761059e-02
1.059762414244430351e-01
-3.252290331147038582e-01
9.101298216201434421e-01
7.714032203241909524e-01
-2.998563834065089417e-01
7.172740945460759354e-01
9.217185334199698987e-01
9.250997147056735370e-01
-3.178512747072193001e-02
8.073194292517514858e-01
5.661609515421467398e-04
1.080907370488101982e-01
9.371968017579893617e-01
6.634943154270945831e-01
-5.099718177374484157e-02
-3.393934987676759385e-01
4.821833057737178602e-02
1.673253493803798092e-02
-3.184247865338697414e-01
1.345613661853561349e-01
1.657765853291788827e-01
-3.241584356545161860e-01
3.796951375048696065e-01
6.946726488733139249e-01
-4.292200146268895233e-01
9.159731751677103739e-01
9.148183131051990102e-01
7.341218835511805763e-01
7.362141139668085810e-01
1.935209545416213539e-01
-2.533367099781608234e-01
-3.385177391969405591e-01
9.229657776118699308e-01
9.276410460992166040e-01
-2.822917607069359014e-01
7.911164139591168043e-01
9.186941382756875774e-01
9.069855044857794146e-01
9.336961505610479328e-01
9.092673995966138456e-01
6.686286538118653144e-01
7.698964639245909902e-01
9.112587389348228983e-01
8.559681086499787428e-01
8.924863634988657868e-01
-2.498240693195742934e-01
-3.343762546787801826e-01
-2.847917531541717118e-01
5.437470567028125645e-02
-2.880446153819529176e-01
-2.699935030524642232e-01
9.235804015165078873e-01
8.116171330279632334e-01
9.171450185184920612e-01
-2.891118773218911420e-01
-2.679367836728301366e-01
5.558551304532351883e-02
5.787730789991721858e-01
9.243381153578645870e-01
7.748462354713708811e-01
7.396446734848638460e-01
9.461107716581589333e-01
9.184144983900665027e-01
-3.067250660643643378e-01
7.978232262647164674e-01
7.310450522717168997e-01
8.550750578530176282e-01
8.064201910225742287e-01
7.790237713131709096e-01
6.788621862631412096e-01
-1.033239314575045698e-01
-7.826328002609619916e-02
9.143450176548507669e-01
-2.983453042561303170e-01
-3.143012823933110100e-01
8.364615161964543688e-01
-2.619700369536528406e-01
-2.178640270182354566e-01
9.190729909462659331e-01
-3.060761784202069569e-01
-7.993638530846239321e-02
1.042350936125518573e-01
-2.858585254219359051e-01
-2.828679783902470213e-01
9.000757424148653207e-01
6.407365547869879885e-01
7.916550368672000682e-01
-2.447452522698850830e-01
-3.053137379650845418e-01
9.228922250732750632e-01
1.192681210713635032e-01
8.490976893138388326e-02
9.175761505934105777e-01
7.621372090934357413e-01
-3.245727399273614644e-01
4.587447630740280197e-02
7.785224814955651329e-01
-3.353003542432123618e-01
8.294177972542194910e-01
-2.701066452743880464e-01
-3.504495882751358371e-01
-3.129318063026972907e-01
7.853090779408095079e-01
2.402573003960935261e-02
-1.857771546060836831e-01
-3.309644873124265030e-01
4.159989316144009630e-03
-3.130965542497627929e-01
-1.529619819520420532e-01
9.056680018139039445e-01
-2.414839583891053021e-01
1.119957857865266221e-02
7.719577966416439896e-01
-9.064635593350217624e-03
-6.693913570656649659e-03
-2.621953994662161447e-02
9.230775498378739341e-01
1.689695466382062916e-02
-2.441006163485013591e-01
-3.105202948494664161e-01
2.955337275250027873e-01
7.192851958486145003e-01
-2.384453984901233059e-01
8.140573619175883735e-01
-2.305218873763419940e-01
-3.305683766352615072e-01
1.785645867968993841e-02
1.565048012584505099e-01
1.036776461404517180e-01
9.206775165029713603e-01
9.212269654373079764e-01
-3.779639012825593558e-01
1.185913796999415459e-01
9.022793262162198680e-01
8.948226776324105236e-01
1.112897604217408243e-02
7.753229426588316153e-01
-2.832587735634778947e-01
-2.891236852361384058e-01
-1.538479984756941366e-01
-3.253933220336368004e-01
7.665104831064897262e-01
8.743642172604205731e-01
6.173429436273031312e-01
-3.831187279346960350e-01
2.769567683870933356e-02
8.525955742399103920e-01
7.168240281636606426e-01
-3.878358705275947171e-01
7.886350751401555170e-01
9.042351186444296252e-01
-3.860440935548180019e-01
9.736518937551296160e-01
-3.394122959508314996e-01
1.126812319917284561e-01
8.051891809714994963e-01
9.032929394119273425e-01
7.991568053220520218e-01
-1.136752777891963939e-03
7.900572115287080033e-01
8.751748770488982920e-01
6.586771543686178454e-01
-2.183356491583690329e-01
-3.071909619317846341e-01
9.306009343655828880e-01
6.230165601289692212e-01
9.360334925316312615e-01
-2.485899969069278181e-01
7.847116996033851599e-01
9.104791355425498889e-01
4.277524438958360542e-01
9.118084935201996588e-01
7.514963674736911958e-01
-2.529457911289550304e-02
9.168092755832543128e-01
-3.823292608047184626e-01
-3.638550252724431222e-01
7.998917145510060778e-02
7.183933991769391181e-01
-3.834847622546138091e-01
7.127734792931816887e-01
3.641020978518010737e-02
9.004893368601725179e-01
5.526358575674051449e-02
-3.224687570342718024e-01
-4.859028599248814140e-01
-3.149460912901643206e-01
-1.051987853637567916e-01
