-8.323524604863868914e-02
7.418303524346585576e-01
9.268949667541849236e-01
-1.591124741188797154e-02
7.818331522564662128e-01
-9.513415835517502472e-02
5.402855305824121046e-02
2.657706734752457445e-01
-9.623149625077913327e-02
8.665955064536193797e-01
8.247949583915954452e-01
9.100033291279451264e-01
3.581214070477947709e-01
-1.776895241765417133e-01
5.081981680566452497e-02
-2.214574657329558272e-01
2.153431585234915069e-01
7.678054186298881589e-01
9.094819186752973739e-01
-2.581919585509948600e-01
-8.561625124815409882e-02
7.558272401761937376e-01
9.024126267121767020e-01
8.242499374944142199e-01
8.994993262748719465e-01
1.011746623649969617e-01
9.048160939890773635e-01
7.631561502824766308e-01
7.443590535504294170e-01
9.189967671178623787e-01
2.429130872497292995e-02
-2.608473709785512629e-01
9.322229305420689505e-01
8.695087956222223857e-01
6.705681229365133555e-01
9.239301612430629307e-01
-1.298767740184064989e-01
8.979260990481516824e-01
7.190437594029419621e-01
7.378782663161784772e-01
8.451044193926579018e-01
-1.237541446700778369e-01
-3.837039491092425481e-01
-2.797299883315458313e-01
1.362155428492176079e-03
7.857646662698059004e-01
-3.311078437858952506e-01
7.623527261988362058e-01
3.387516049688267528e-02
7.711905523314884769e-01
6.312438522053639978e-03
7.441603703088246480e-01
1.206385502215027716e-01
-3.918879914880267767e-01
-3.244129666759039132e-01
8.273077077396632228e-01
2.235275540035208675e-01
3.028304595099954311e-01
8.996077763767674762e-01
8.882415425068865833e-01
9.217372701120851719e-01
2.878488754693861451e-01
8.270532740151803619e-01
6.358493427323144154e-01
9.001557796991237481e-01
9.295878249621177813e-01
2.740428885023162356e-02
8.852005974219252504e-01
-2.618339082404264051e-01
1.209949768938692188e-01
-9.530075594953162088e-02
-2.799909390021251276e-01
7.355504071093646457e-02
7.837813766646487545e-01
8.951698793746074578e-01
8.822703073852175004e-01
7.518308157070201503e-01
6.421752002259231706e-02
-2.622924312471916486e-01
7.184891473216111768e-01
8.915686703338057129e-01
8.976615645362924223e-01
6.338093251424359309e-01
8.975355806404784476e-01
9.056647771337078545e-01
-3.340744462172293150e-01
7.604404280387375703e-01
1.598121080368855862e-01
1.359314814713224462e-01
-6.824063786368221585e-02
-1.571721916105730810e-01
-2.435100050951580219e-02
8.833468974338876123e-01
9.199068297848500553e-01
-2.087151335993561729e-01
9.205788493418838314e-01
7.996177011408224233e-01
-2.903609340883397949e-01
-4.189445787496416940e-01
3.676740464151283527e-01
8.836424728641583126e-01
8.183510210760079895e-01
-3.729215233669389562e-01
-2.893526912528823214e-01
8.758658024834803379e-01
2.367734601114371285e-02
3.009491775534972602e-01
7.444625702336236106e-01
8.990662416151257164e-01
-2.370211575554872774e-01
7.945364216184203077e-02
1.466948041189782004e-02
8.184154739382545340e-01
7.707008345182376763e-01
8.977701752598256091e-01
9.127911886941193487e-01
1.759502751300814211e-02
8.967494032712935992e-01
5.270415082098062892e-02
9.195124345903881169e-01
8.647902745796529622e-01
8.828470922255203801e-01
9.208569038544138774e-01
9.096463680183051181e-01
-2.944796061344087112e-01
9.373403998589548980e-01
-1.366850750169660011e-01
-4.262319940972798538e-01
-3.375384018242374995e-01
-5.879233541260066309e-02
3.375527486910459563e-03
8.460318711830876470e-01
9.993317382199772003e-02
9.068098532961259561e-01
7.813105200803704964e-01
-3.018616581450342951e-01
-1.659189951067640834e-01
-2.059694087613969660e-01
6.519727032138370459e-01
8.082555177645293076e-01
-4.240753770115893717e-01
-2.444007601339510949e-02
1.034420992268032802e-01
-3.661625248164799284e-01
9.011054697227034449e-01
7.445267045215767099e-02
9.313860528478762335e-01
6.642633058053235562e-01
-9.259126447813817440e-02
1.061440857331247961e-01
6.300768800996219277e-01
2.472384587012335100e-01
7.387273356188210904e-01
-3.193238457297592481e-01
9.091490569737030736e-01
7.209923081632921837e-01
7.876976483111775007e-01
7.726784993802474633e-01
-3.696653378154595715e-01
7.430367833812766554e-01
8.342074237644442336e-01
-3.753380937546529905e-02
4.269014461564089036e-01
8.853071712881958044e-01
3.565047463270400452e-01
7.449020372963374159e-01
9.060627787646143849e-01
8.670582285657565391e-01
-4.738001529222114067e-02
1.421201497135642089e-01
-2.061747219450380253e-01
-3.523924085349064428e-01
-3.729529091545852326e-01
-1.758567646998883127e-01
1.550544039351963443e-01
8.940528832360272737e-01
8.906622995928403785e-01
-3.015587398761766513e-01
8.205784891204618292e-01
9.127475485769920294e-01
-3.737968524678127874e-02
6.898844892530610062e-01
2.196816957915501967e-01
-1.280118690887780408e-01
-2.908835694791693793e-01
-4.418637177655080489e-02
-1.637015865012873550e-01
7.685228476426182453e-01
-3.347066537863293556e-01
7.555708071369500178e-01
8.064497201688446415e-01
9.175922351548542188e-01
8.176394714296058019e-01
8.821954112763330524e-01
8.707193357118216959e-01
2.398100810526999638e-01
9.338443960435647284e-01
-2.958364873053622168e-01
1.138236340241900735e-01
-3.069431635375359235e-01
-2.463627206886935816e-01
-2.855645388437016430e-01
-3.847376020059116719e-01
9.417662406397153685e-01
2.425417564098017176e-01
9.514482733490428057e-01
8.905377165331869183e-01
-8.604584923229677274e-02
2.562564080457576110e-01
8.786975088876887163e-01
7.873188698891779858e-01
7.037104195976240373e-02
7.842779919648403819e-01
7.594737257729967661e-01
-9.911973500419966887e-03
8.278137380050556438e-01
8.759928559720283614e-01
-3.562149218392516442e-02
2.713541592028603094e-02
-1.235767537590909682e-01
-3.049887247320593464e-01
8.206537520462431345e-01
8.215656053822820715e-01
8.147946331034681133e-01
9.104656969205888739e-01
-2.725750213734066119e-01
9.226953511505811001e-01
2.201161384049217240e-01
-3.293262435923652864e-01
9.350196284239860045e-01
8.329258789460199930e-01
-8.659461512307962960e-02
-2.954536784745430134e-01
-2.097978631479871792e-01
6.969580392995469165e-01
-9.074977105894919960e-02
-3.239230499891816439e-01
-3.327733219123858444e-01
8.957675841134242756e-01
8.227836997126409813e-01
9.240464114168382981e-01
-4.222411465412250209e-01
-1.239733120541533090e-01
8.773211910478024844e-01
7.872296787135839580e-01
7.774870766067573102e-01
-1.312453406514874910e-01
-2.890046923206522900e-01
-1.623914291331454984e-01
8.878671893721937769e-01
-3.442337641374782486e-01
-5.012978275825865498e-02
2.977864507671154071e-01
9.022172679978390786e-01
-2.196540536724245762e-01
-3.247281523855902741e-01
6.602014277382033391e-01
8.152349842932005153e-01
-2.703286765499697264e-01
-2.293403206689195450e-01
6.648534439193085621e-01
-1.849668407606862852e-01
-3.437167494820955738e-01
1.838317628088989575e-03
9.013804443361894680e-01
-3.994640875455111595e-01
7.791925657513139036e-01
8.633641246538603653e-01
-4.042356907744033556e-01
-4.085493097113260946e-02
-2.213626536509833431e-01
8.581228036762262867e-01
9.289462832686904425e-01
-1.259282057337168109e-02
-3.811324188728784090e-01
-1.593121350912399536e-01
9.295404246643038659e-01
8.091712549416476552e-01
-2.772860359031089073e-01
-6.286572793302271089e-02
7.623349963189676171e-01
8.223668816103811841e-01
8.518547995224152736e-01
8.794287946715387827e-01
-2.572370293312294942e-01
6.987608984162980985e-02
-6.421576412942540946e-02
2.833317497059242851e-01
9.122559117284633201e-01
1.604441190150847629e-01
-9.984437936277901215e-02
