-1.346416817076608874e-01
8.598030593841193836e-01
-4.186501316245096471e-01
8.946293075461910771e-01
1.150239581514113374e-02
-3.060357310964661459e-01
1.948494703373939568e-02
-5.010582364899434094e-01
7.367302378931910312e-01
-2.596149687896830427e-01
7.905644212724725062e-01
-4.676608664283499750e-01
8.839610076510520109e-01
7.433003363718407863e-01
2.699730837961878405e-01
7.968464432114031881e-01
6.807286762915119027e-01
9.003186368684966689e-01
6.882707386065219923e-01
9.377598023595439258e-01
-3.656355417073190450e-01
1.467257577351820386e-01
1.417454764418554780e-03
-1.473820681092577467e-01
-3.136349066886263970e-02
9.103772506585058322e-01
-2.678077423005669200e-01
-2.682600100792596476e-01
1.449545239543882647e-01
2.017080539686013085e-01
8.481461674121674177e-01
2.006723389071539132e-01
-3.180666285108360025e-01
-8.773912585703581846e-02
7.571586235394115461e-01
-3.623524044488334317e-01
1.898105988955965384e-01
1.430773037525341074e-01
8.097331499868460902e-01
-2.684644714952644229e-01
5.314227402992590527e-02
8.983791934535652057e-01
1.096112709608113855e-01
9.103629461807668521e-01
-3.727414490365813515e-01
9.269173771051131272e-01
8.968459601802455383e-01
8.016315423014326313e-01
8.202582309208469313e-01
-1.143131843721062607e-01
7.714047755354169755e-01
-3.331791511191847799e-01
8.828016214508995763e-01
8.635484652498384150e-01
8.754195637948646302e-01
7.823113409682557196e-01
8.198938055672726488e-01
-2.859742201550968255e-01
-2.394812920247350596e-01
-2.756545087263973653e-02
4.026503346261722793e-02
7.405739844046915765e-01
9.328071129037593945e-01
5.361197834902123316e-02
-1.946873703604927730e-01
8.956112202331736327e-01
8.208984397938857702e-01
-1.590957171021936123e-01
-4.607813209139581812e-01
-2.845562249788414211e-01
-1.666340560443773933e-01
-3.741009111561409695e-01
-3.258661101873360777e-01
-4.900816579346273238e-02
8.986569370886279273e-01
9.037106426533029202e-01
7.755079132379272266e-01
1.233478127711491873e-01
-2.099750214888674305e-01
7.422110220118814938e-01
-3.298269951115366805e-01
1.410092905387861639e-01
9.113348166541508366e-01
9.116048017932331105e-01
-2.927765756079987458e-01
-3.880731759764097788e-01
-2.970157737800588338e-01
-1.435143832629296456e-01
-3.279879362274678023e-01
-2.802071456372454694e-01
9.165262060451105919e-01
-3.094576075169379326e-02
6.901502209853691561e-01
-3.865021621918668382e-01
8.219575784830600584e-01
5.301027205346572901e-02
7.895753856112953661e-01
-1.270744118534782308e-01
-1.768839301227364824e-01
9.180267827723453955e-01
7.813986986089624942e-01
7.778122008044708879e-01
-4.189281361149013172e-01
-3.234001760698480554e-01
8.725565045716826562e-01
7.104955259979045534e-01
1.553137005039397223e-01
8.688989902200930926e-01
-3.385918355246287925e-01
-3.949141354824202144e-01
6.333251545421957340e-01
-5.792850083974482311e-02
5.483533708768797282e-02
2.697214989612242708e-03
8.343381056016822006e-01
7.515631153089914473e-01
7.784986095171193554e-01
-3.133265060231697485e-01
1.013526252740848260e-01
-2.372573245276861365e-01
6.778927296363895794e-02
9.161544737811510020e-01
-2.541175934116964852e-01
-3.873309856362210368e-01
1.463392708040896044e-02
8.793925341441947152e-01
9.434110452173725125e-01
9.187187680475069618e-01
-2.981295217743329951e-01
9.225059329001031871e-01
7.602169043965364414e-01
-4.259562618256429456e-01
9.198912228618117970e-01
-2.972432877519801120e-01
8.799152497567048758e-01
-2.111132701863873418e-01
9.007230217982904463e-01
-9.461371048367553382e-02
1.359742616604117937e-01
-3.151882674598447398e-01
8.338512073815429471e-01
8.883713594616360343e-01
8.209992766822056254e-01
7.925371953369710898e-01
-8.789799614446483500e-02
7.454171904872577969e-02
9.422338549317754719e-01
-2.497332805431352540e-02
2.146380720021222599e-01
7.685024817978994838e-01
-2.975615423027488937e-01
9.237922810423352393e-01
7.751429352423218067e-01
7.269679293069495341e-01
8.738017411524505729e-01
8.867716507606069332e-01
-1.388268253043477979e-02
8.997247086382664794e-01
-4.728025864042561394e-02
-2.697672783510142724e-01
8.996495633084663490e-01
-3.152084456019695891e-01
7.800116001437089608e-01
-3.924267186732395551e-02
9.087063130788848309e-01
9.064917687820512882e-01
9.070025919983216722e-01
9.106001102839819117e-01
-3.556230520094314507e-01
-2.217199382779443673e-01
-2.981173780071179058e-01
7.351493479144888266e-01
2.662596983752845703e-01
-3.740513936959918295e-01
-1.898491543844124663e-01
-2.928544725640646051e-01
7.613551761967290998e-01
8.934292256933306087e-01
-3.669719642004821147e-01
7.153551467173311362e-01
-1.100630576250935522e-01
-2.924670590736073994e-02
8.889178945534240706e-01
7.831704293691741370e-01
8.838811767633066863e-01
-3.430015579264744652e-01
9.194213360651973810e-01
8.964088994574536118e-01
-2.667244605063269214e-01
-3.141306548391505360e-01
-3.494789609411285691e-01
-6.993547646101398729e-02
-3.876945928347927950e-01
8.906320330092771798e-01
8.140174151460695118e-01
5.312842117047365809e-02
-9.466410307613674913e-02
-9.470451115677011589e-02
9.025792045172382760e-01
9.008004058843213091e-01
-8.629309905584282847e-02
2.143754686090345793e-02
8.813521785261745345e-01
7.790150816234033826e-01
7.490922833824316118e-01
-3.129846519547820893e-01
-2.539244172804215882e-01
-9.521417322868941380e-02
-4.202076543916565265e-01
9.398006995552610210e-01
-1.561770773511495791e-01
-2.645344334582269141e-01
-1.577380031206804256e-03
8.225745520123809440e-01
6.197344446375361304e-01
-3.751590607024487545e-01
2.054857126339098283e-01
1.633657520743848623e-01
-2.794314761970917438e-01
6.881834442190745138e-01
-3.951522303401644454e-01
-3.862615331250672801e-01
8.277957515253701049e-01
7.752465560062411498e-01
-2.057036517112380281e-02
-1.337759493043059467e-01
-4.050356270685034898e-03
8.420542685518958015e-01
-8.522901720846104423e-02
-1.178703432897516140e-01
6.579503895434705152e-01
-1.314795547492700334e-01
7.188149774254164459e-01
-2.440477071674110321e-02
-1.469726031688437518e-01
8.731452679663824767e-01
9.185849092257548643e-01
8.293908977626225365e-01
9.344068144864015046e-01
8.858902132038461996e-01
3.437592601829884686e-01
9.071125851897261505e-01
-9.078320170758798213e-02
-3.720403390915987263e-01
8.341672338668841835e-01
7.849048148549262471e-01
-3.395396262676586563e-01
3.847866497605079150e-02
5.676872843516520689e-02
-3.096984133264243377e-01
-2.546298113497634796e-01
8.855358201870057178e-01
8.013385523487841500e-01
8.686796529755165253e-01
-2.869395377311994011e-01
8.936717387125013567e-02
9.080126066129554641e-01
8.569905822521372007e-01
-3.789589080737937321e-01
9.511704988989468923e-01
-8.480928018927086365e-02
7.982140040788874291e-01
-2.518093569271289134e-01
9.378814028001426495e-01
9.082672751825757729e-01
-3.562194956455366768e-01
-3.220887736929154976e-01
9.058382656150726353e-01
-3.407765742876151527e-01
7.748145114731478378e-01
-3.077896199603649130e-01
-2.352311206179990566e-01
7.762999645529670145e-01
8.279440210477073681e-01
-3.123005322927451810e-01
9.050704214351423804e-01
-4.168784136095290277e-02
8.629538426085641145e-01
7.596028162650014792e-01
9.131001918944873230e-01
8.680425537226235111e-01
-4.393350125125215500e-01
7.412859144617955920e-01
-3.352295510529954004e-01
9.079214632682302000e-01
7.482092288610694419e-01
3.993665805343250830e-02
7.687461922149898541e-01
7.424318255579044346e-01
9.017560520923841860e-01
3.045260686755636714e-02
7.451169407336395434e-01
1.214712075341847775e-02
8.748182693374552121e-01
7.060916067883107328e-01
-3.294190892482655175e-01
-3.797779286668294119e-01
7.638669047951994751e-01
-4.790698827535667670e-01
8.988715123429579235e-01
