8.615455681798696030e-01
-5.256888310367886508e-01
-3.960682819664922416e-01
5.517715830644860375e-01
-1.767587857656536532e-01
-1.543601148888948671e-01
8.694317645302999109e-01
7.745406695339713821e-01
1.563314086158566762e-01
-3.572263281764120890e-01
7.441160908897221926e-01
9.093168623318035326e-01
9.863243774612218129e-01
8.819785447082639784e-01
-3.409574927955901225e-01
8.434960490709882963e-01
8.443016127625983802e-02
9.587999338970270014e-01
8.875777760168663821e-01
7.811564808126940651e-01
-2.867617863598498351e-01
8.280731312950778689e-01
-1.698278242065968668e-01
-2.595311467885065282e-01
-1.632835159433070893e-01
8.599157904293681653e-01
-1.520328471539828252e-01
8.128628443734180475e-01
8.674940581118393279e-01
-2.532688325518207551e-01
8.139702109668212060e-01
8.160965966971116536e-01
-3.494836094419475625e-01
9.522610212275315344e-01
9.499929505410262820e-01
9.663182340977882756e-01
9.069042091374169834e-01
-4.746779222228992845e-01
-2.731019176617592858e-01
9.687879934709111573e-01
9.590937180547656205e-01
-3.265167938331803299e-01
9.606404631042384512e-01
-1.885642983478520718e-01
-1.907846795505184212e-01
9.230285624787778476e-01
9.906881246306620259e-01
8.290014808468249008e-01
-1.370225995941401764e-01
1.023700504316319843e-01
-1.957871482320177881e-01
9.338543133512596794e-01
9.121404203494476448e-01
-3.505852452860255819e-01
9.006949704110613908e-01
9.588060061931575895e-01
9.413649918764057656e-01
9.304834316751701140e-01
8.239922646817401386e-01
8.913924006293595381e-01
9.085853780413450931e-01
9.368920054959107846e-01
8.671269660866580686e-01
-1.369777108786870978e-03
8.727462800677487920e-02
-2.283660089417610117e-01
9.578700521467677920e-01
-2.214761330697981312e-02
7.502828071585454506e-01
9.025298160100352352e-01
9.048717319982708673e-01
8.472695738696538470e-01
-3.509379297908412632e-01
9.534941406003130115e-01
8.895919906056245496e-01
9.881623962257128913e-01
9.255986126952922000e-01
8.951506384493546076e-01
-1.153455961105360056e-01
8.774251103422308073e-01
-1.899737272893707307e-01
-4.751357502357056450e-01
9.895510622333202333e-01
8.458020055499504419e-01
3.740423794604702534e-02
6.046499381031159026e-02
4.635059206578555080e-01
4.216907134827049819e-02
8.375474252962853416e-01
-2.972890566337725859e-01
8.831343173108674449e-01
3.550441175556209861e-02
5.924945612144583151e-01
-9.045930139050091523e-02
-2.801223851513503504e-01
9.541202911633144268e-01
-4.355014084722965556e-02
-1.700543949800772392e-01
7.909317164033563552e-01
3.767373651599711382e-01
7.909841439462443891e-01
7.998472236590261630e-01
-2.515175702740958807e-01
5.846867477261551843e-02
9.090597084667384475e-01
-1.123339099099107119e-01
8.500739403548432938e-01
9.878800145004527078e-01
-3.301318377310039076e-01
7.392465693488807776e-01
2.239902319073875381e-01
-2.641173338385794517e-02
8.617632804382184819e-01
9.521826437935586307e-02
9.205618129057699939e-01
-3.362237282872541644e-01
9.183669873850264231e-01
9.683861913934621590e-01
8.937584286732892513e-01
9.757243092474803259e-01
-4.089807548083245203e-01
8.330220287217715569e-01
8.417022408486589669e-01
8.337183150375089280e-01
9.581965990293566104e-01
-1.749251221880036844e-02
1.977026369295886155e-01
9.009172593191514533e-01
6.848897796268260674e-02
1.287624506814224468e-01
-3.915365484310168176e-01
9.193467626160807260e-01
7.444396208495045464e-01
9.644126737226808022e-01
8.694558764955349073e-01
1.836259574931807526e-02
7.840773455681391280e-01
8.579211752320625717e-02
7.607192025970284099e-01
-3.890799349697183218e-01
9.526009133412988161e-01
7.767151495533004546e-01
9.152730343333885799e-01
3.497197428515558260e-02
2.328800295800278752e-01
9.041480724609313180e-01
7.934948747225143428e-01
9.374075590633166311e-01
-3.119826652821315882e-01
1.167321884572174173e-01
2.052876132802010922e-01
8.995957609886451323e-01
8.178631685123822770e-01
8.936956374367461819e-01
9.444613978249456476e-01
9.650515012109623925e-01
-2.950597089221794755e-01
8.491193127924592243e-01
-1.419958763977039184e-01
9.761242658922055782e-01
-3.194542928165404749e-01
9.122737376700360556e-01
7.878832413154746028e-01
9.150703619388027565e-01
8.991482194601414513e-01
-3.403332135257837177e-01
7.936308565250818070e-01
-2.509664211574000880e-01
2.645206173165000341e-02
8.535530064721408294e-01
8.172681956720901919e-01
-1.728362566592326066e-01
8.268955837549372134e-01
9.241353361414064160e-01
9.157729427019523083e-01
2.335828748327032078e-01
8.316939491069843537e-01
6.995285884406454713e-01
9.321885830648745097e-01
-4.356795678955676099e-01
1.549626317991004143e-01
-4.849871152748390646e-01
9.555685997853982094e-01
-3.566121778534850906e-01
-3.701319587529000588e-01
-4.750253450986423598e-01
-1.315419810246950538e-01
8.491286793849925907e-01
8.665033668660668820e-01
7.731751404347164680e-01
9.664384557566374490e-01
-1.871527489421231233e-02
8.868138428371709070e-01
8.187116023552213351e-01
9.900699877966552265e-01
8.616244887825053045e-01
-7.438777566929008489e-02
8.137865136755351170e-01
9.758290983218439463e-01
9.973238921784041144e-01
9.739084580387026291e-01
4.747188761581179750e-01
-5.440212693901329277e-02
9.900067139636514746e-01
8.582053307348587179e-01
-4.579965097132435714e-01
8.204357078849583429e-01
9.230637782211026376e-01
9.111685628939927284e-01
8.910764393872400158e-01
8.714240254206848668e-01
9.533916152715538050e-01
-2.655248926857221026e-01
8.719375224004934921e-01
9.778378858601133317e-01
2.379932032948816889e-01
6.412155971689531553e-01
9.356174329420984259e-01
8.639425367248143584e-01
8.819236259898923791e-01
9.236499874457082537e-01
8.637742136198565124e-01
-2.222733333763358687e-01
9.849905661258862022e-01
9.114530501045221556e-01
8.526305550865764804e-01
9.039420228804425639e-01
-2.315042975298067796e-01
-1.319016620271263041e-01
9.022403019045415196e-01
-3.835018229834222803e-01
8.640261481829556445e-01
9.683379404358585241e-01
9.737429381328326361e-01
9.684448157173921601e-01
-3.468407692665921860e-01
7.790963303691638142e-01
9.054032956232256346e-01
9.380979980365820037e-01
9.057548649545243968e-01
9.568416095295351198e-01
-4.269740649109760033e-01
9.223239095167847790e-01
-3.927668404434560001e-01
2.198041587502251315e-01
4.737248678076480535e-01
-2.134972387556557244e-02
-2.216835683993019501e-01
-4.996672055096830212e-01
8.648675918314424615e-01
-5.294572371072590045e-01
-4.878360195403320110e-01
8.767212586876380609e-01
8.070246912996947852e-01
8.508315137210518131e-01
2.747594979236669954e-01
9.845137940038570790e-01
8.508342559329348243e-01
2.382110399500709380e-02
9.497660055955194913e-01
7.499829291728210556e-01
6.160031106460182038e-01
2.977592918195899607e-02
9.554876022134913827e-01
9.820788223825542840e-01
-3.529979344204973168e-01
-1.665296869753614406e-02
9.004009388482998588e-01
8.785924891889420607e-01
-4.054322792852141366e-02
8.733519608206251617e-01
8.506853619593879312e-01
-3.500956995233175384e-01
7.939181992905182117e-01
8.257491995556618392e-01
8.660305320578478572e-01
-3.811760393104657862e-01
9.739488073225639475e-01
9.849530548488810711e-01
