3.387636109460961942e-02
3.878269552602220394e-01
4.237317065075489331e-01
6.914078492525914665e-01
4.312844509439571761e-01
-4.237846000803452418e-01
-1.823938018443975739e-01
-4.243508299328050404e-01
4.907178728409530843e-01
5.207710506957954344e-01
4.044665820771574660e-01
1.133475773496458033e-01
-4.876836559588822451e-01
-5.649532898770265321e-01
5.674062717021912672e-01
5.015193610986834472e-01
-5.265145004022246944e-01
2.448392733646105879e-01
4.019065903736693812e-01
-3.198884039612870933e-01
2.841173172226471588e-01
7.082305158899219188e-01
-4.286601677550883616e-01
5.323292641422205929e-01
-4.023010604485649511e-01
9.052101839703700081e-01
8.111362772431351953e-01
-2.940874306464874577e-01
4.091839596536855916e-01
7.112998224634297095e-01
-5.258233258718213454e-01
7.282635115855344843e-01
6.083192111844591965e-01
4.313826575709285294e-01
4.869271433382225123e-01
9.347386603159042462e-01
4.753554819711292567e-01
-4.180325313013195654e-01
9.098477871352140811e-01
8.599490005139384663e-02
4.303428547672338844e-01
-5.605523568729446904e-01
5.430681991739285674e-01
8.517706729808698363e-01
8.870770170696937740e-01
4.888254005030898686e-01
5.204059997769655554e-01
6.057950991291602971e-01
5.577358121865128027e-01
7.717649496977582180e-01
7.219349530955312400e-01
-3.043740569337342050e-01
6.363338646951509636e-01
-2.259732919948656549e-01
4.749325270645501362e-01
5.710315291801585508e-02
-4.913806712689405831e-01
5.759811739990701174e-01
-5.228510408689741595e-01
8.099896736887237658e-01
-1.640295662385030662e-01
1.399836657481437485e-01
5.208114721263866764e-01
-2.055549899629455779e-01
6.291327093743166454e-01
7.383732068830278772e-01
-5.114427681093699496e-01
5.198142454762839648e-01
6.630053921547348628e-01
5.028057933944598545e-01
3.025441660272694677e-01
-3.566104379348570275e-01
2.881565953273342862e-01
-4.164613791727964642e-01
-4.715212082735885657e-01
9.244210047862839730e-01
-1.277341772847391810e-01
3.475389520960125989e-01
6.307592173884435383e-01
3.639527491213395693e-01
-4.442117407599646128e-01
5.092386510689483892e-01
4.551872338576136712e-01
-3.779749133861862176e-01
3.244940757905517281e-01
6.996242554310333484e-01
5.024209631805389709e-01
5.363981528745034311e-01
5.202100823445675593e-01
4.470888056977527225e-01
-3.769592136230163204e-01
6.315770134713187822e-01
7.757153190628683914e-01
-3.787897762618780972e-01
-5.197164816516649521e-01
-4.452486461692404252e-01
5.877780087066483139e-01
4.868122037771727695e-01
4.280261931312192569e-01
5.792477764386341210e-01
5.171789196891142248e-01
-3.668548486213907833e-01
-3.927133745784632257e-01
5.367125688707061748e-01
3.431656743107251994e-01
5.422235811757234458e-01
4.951689578499048894e-01
5.679788874355939932e-01
2.383782877778893583e-01
3.904717417041717042e-01
7.168525135005470172e-01
-5.055160848095903159e-01
-4.855775225582116272e-01
5.363038985753996180e-01
8.814663350871527747e-01
1.678558115534930506e-01
3.806103076462683532e-01
-5.411115861382207459e-01
4.956130075723039763e-01
7.548589704612935769e-01
2.805183807170127386e-01
4.507872487622499036e-01
5.721656500415640556e-01
-4.582208376198315669e-01
5.914873457236065057e-01
-2.799780717000443508e-01
5.121975229479417413e-01
4.206253476724075013e-01
5.449528523438793570e-01
-2.987934839556773969e-01
-4.641945352918903644e-01
4.840596834988531438e-01
-3.962210101526758566e-01
-4.190118012529340241e-01
-3.017670708848448902e-01
8.695238185526465990e-01
6.939169421750459588e-01
3.881536417712738718e-01
-3.327712405044054300e-01
4.306495704409923353e-01
6.931071049600507905e-01
-4.142164260233899276e-01
4.748680524323976027e-01
4.556734801530095136e-01
4.453962292817584823e-01
-2.158213376569299569e-01
-4.325874613358592358e-01
3.678109126845893195e-01
4.521701358075958521e-01
-1.471675178351911639e-01
5.930360467689286263e-01
-1.948507549545559492e-01
7.185745492777835253e-01
-3.324588709459603830e-01
-5.271840333575263937e-01
6.964283072341530545e-01
6.245650890871252692e-01
4.830537894184200320e-01
-2.275473739946017870e-01
8.843890840263722852e-01
4.583741790003563188e-01
-5.481002028349075683e-01
5.564681277954734995e-01
-5.100458898603920099e-01
3.819362370423840525e-01
4.226835127313031126e-01
8.664242711760363758e-01
-5.190450614119034300e-01
4.293371382054707586e-01
5.237622999871621721e-01
4.875044095342215833e-01
6.831903377544908951e-01
4.783372211937768625e-01
-5.667809330957025438e-01
5.826946708692527510e-01
-5.499524258508403651e-01
7.082486983702257488e-01
7.144799630741777152e-01
8.020565706833797659e-01
4.328380581582335629e-01
8.151643407190989343e-01
-5.709412180995629971e-01
-3.743281726349271255e-01
6.663435029089612716e-01
4.850252942893505947e-01
8.360336936633729898e-01
-3.660122410789657388e-01
-5.074314301001373040e-02
5.116172410739753262e-01
7.944651667306588116e-01
-3.543647528838299587e-01
4.303297766810145197e-01
-3.912273972820764500e-01
4.544557790859088953e-01
7.062322869499364497e-01
-3.429883090627835474e-01
8.335519956283126142e-01
3.821712829373049569e-01
-5.675635940660122003e-01
5.806830045086854852e-01
-5.331071587199956996e-01
6.888288583807766763e-01
4.124461111111228373e-01
5.684025754306949452e-01
2.106602929779343159e-01
5.116071479164103764e-01
-5.027031706058474603e-01
3.709530881915806821e-01
3.232005014669522280e-01
-3.800330918550117731e-01
7.172984087597866765e-01
1.723123298339321596e-01
4.456135969024397347e-01
8.527718001032049688e-01
-2.345017102618460192e-01
5.743453204359728614e-01
6.017378249123139788e-01
-3.307232445124426157e-01
-5.348847415626555302e-01
6.086507378432878257e-01
7.582398292779366500e-01
4.251122610166087057e-01
4.529939091111864213e-01
4.683109202608545796e-01
4.973198561569561749e-01
-5.230819074083685738e-01
-3.707536324176218256e-01
7.084668909746869581e-01
-4.030569882028546824e-01
4.740051345699456409e-01
7.336818521813642802e-01
5.247043004095142127e-01
8.691629389811438289e-01
-3.851399439184611806e-01
4.436337564690747137e-01
8.690331496923049404e-01
-5.452475188124868977e-01
3.998476244116519474e-01
2.338599791669881411e-01
5.468475637485739060e-01
4.243591117697211867e-01
8.875457923786229664e-01
4.335090690526123836e-01
4.867760546473675620e-01
7.312851960284389996e-01
4.918735642606672509e-01
4.658696842630850043e-01
5.505275932789600590e-01
-5.778485896911996766e-01
-4.739153219955675178e-01
3.769881326038693192e-01
