9.223050845157373390e-01
9.633680102284782887e-01
7.815612109878201652e-01
5.646373353450009347e-01
7.725399897475861977e-01
9.466918441458405109e-01
7.646231418935947044e-01
7.902491269383538075e-01
8.293775772023062043e-01
8.991064380467197470e-01
7.536453555022434303e-01
7.185726574505669761e-01
7.142652562048468212e-01
8.801099759107360310e-01
9.052289178118104740e-01
9.784210146387664064e-01
6.862224091784262514e-01
9.648514992622494457e-01
6.890664445767493707e-01
8.412510233712517937e-01
8.109565012124838601e-01
9.278267759639224899e-01
9.297061155961131584e-01
6.746003133130624718e-01
9.118172721037812734e-01
8.809517209319729369e-01
8.819614552487657910e-01
7.689068953721577282e-01
8.369422363650255159e-01
6.330434001058653504e-01
7.736440783778879560e-01
9.727298378056044026e-01
7.451871596831964872e-01
7.943775896001489256e-01
6.453778544504784609e-01
9.132647515414000772e-01
9.609169561099177859e-01
9.286799289446241445e-01
9.545833055303024617e-01
9.457380183721204592e-01
6.755138730105167966e-01
9.800295496093143210e-01
8.774833221849088760e-01
7.995772069853740449e-01
7.575314284537852938e-01
8.588513741168969373e-01
9.016591820912724931e-01
7.523725180043226990e-01
8.990112033500891053e-01
7.797130018682265629e-01
8.720845199523414859e-01
9.142295478993893720e-01
8.157515024598989140e-01
7.147697456202878330e-01
8.596991551343300397e-01
6.804443715379997482e-01
9.282975306021443718e-01
9.275102554607366212e-01
9.076935192177457701e-01
8.112614681790990545e-01
9.133033414156391805e-01
7.736887933941002382e-01
8.301779732589403826e-01
7.470909382681720778e-01
8.325921557586489774e-01
9.411173662621687974e-01
6.406652656521800715e-01
8.452123184304380921e-01
9.374737962416144210e-01
9.150910030810384121e-01
9.013854364991130685e-01
8.682802375027874886e-01
9.419971991249876941e-01
8.205291479937253385e-01
7.275940892145164041e-01
7.200356781743426637e-01
8.493606260134912711e-01
8.718585635224738173e-01
8.815964671860236912e-01
9.266048132252333591e-01
9.380529272288399278e-01
8.953166005833621544e-01
7.402355410557033277e-01
6.947384999494223834e-01
9.142755584305539696e-01
9.003096431748051076e-01
6.923678333645497673e-01
9.666790454211602324e-01
9.303681706723317957e-01
8.709752769091245739e-01
9.408917464270303288e-01
7.857874405372688997e-01
8.544541383573104332e-01
6.731491014811334939e-01
9.386791110274831373e-01
9.517649882258947258e-01
9.521248657124277148e-01
9.547059848062748877e-01
9.690526776423314947e-01
8.343454621493712198e-01
9.331022303769963555e-01
6.991443092099998147e-01
9.301342756457815497e-01
8.965893521111334419e-01
8.412614821342528915e-01
8.350745075973264875e-01
7.293601967819123288e-01
8.673894885035982050e-01
6.517355189426896622e-01
7.106759159653863733e-01
8.874392891100744141e-01
8.047031401253885718e-01
7.821589105677773102e-01
9.088031971474559434e-01
9.735383168017013311e-01
6.489715255806777217e-01
9.446888943597786525e-01
9.077472801671578884e-01
9.703614252090096981e-01
8.334532955952673738e-01
8.334416561128368262e-01
9.299544694710297765e-01
7.616793304484579252e-01
8.776127901035901679e-01
7.869473710562681079e-01
8.215700100290732610e-01
8.469200006698449634e-01
9.255252060194263386e-01
8.148868602637583392e-01
8.887656823768401715e-01
7.775636813600190766e-01
6.719181744002373780e-01
8.845442368985809711e-01
8.408435626806356478e-01
7.381320471237422520e-01
8.492991523460469150e-01
8.936716438457001921e-01
7.978881137309085103e-01
6.545893776278164378e-01
9.158323510960137970e-01
9.487337393870880486e-01
7.084539642389997560e-01
9.314089980997187768e-01
8.206342485806807918e-01
8.216180290166246181e-01
8.861384767867719336e-01
8.035660449349955048e-01
7.608318656701951177e-01
8.740687231684718395e-01
9.313103615480088360e-01
8.503992805971101188e-01
9.169799515154311020e-01
9.416428460945076573e-01
7.418629327043684274e-01
8.190842082059719420e-01
7.894654633006106259e-01
8.921314710076102550e-01
8.334559696838004239e-01
8.871910500695654456e-01
8.296920514347978504e-01
7.929462954972152922e-01
7.168317222281690437e-01
9.175943375940147639e-01
8.783990286047158591e-01
9.293899147449766751e-01
8.321626902340495402e-01
7.366071182320019783e-01
9.262981541732313584e-01
8.223416521216139197e-01
7.939858869003035835e-01
7.463365303233084891e-01
9.110423775683837988e-01
7.416896009429700953e-01
8.368700989867073892e-01
9.194001031109884092e-01
7.842694798837581693e-01
8.133143554620134719e-01
8.863776538310845776e-01
7.994682461219009273e-01
8.167382533536552414e-01
8.885292053146688351e-01
9.067168524874444913e-01
7.881074430082497528e-01
7.094801674983139961e-01
9.454743035120616312e-01
6.816163037380719159e-01
9.251083491497555933e-01
5.561262889412426080e-01
8.665084939055816005e-01
9.101295459428528911e-01
9.300217831581696348e-01
8.317193227978805226e-01
6.515831399925691159e-01
8.087532295401598237e-01
8.727140957429688761e-01
8.224041293977585321e-01
9.516016939874070157e-01
7.248090917620071405e-01
7.858911864820530280e-01
7.877829213612104198e-01
7.398698295393313362e-01
8.245345580308214295e-01
7.316365174612694533e-01
9.258838643897262521e-01
8.878491248925637347e-01
9.265636099773635337e-01
8.296684500255022687e-01
8.094404419762016856e-01
9.340339265748168751e-01
9.199070348572180311e-01
8.682555339736486300e-01
9.025937361170577322e-01
7.804828158032980356e-01
9.554044166518509407e-01
8.882516928833229519e-01
8.028019511019864884e-01
9.485918106097595004e-01
8.973416448014051028e-01
8.571149912793942782e-01
6.861066678573142230e-01
9.036950998738428886e-01
8.133490537999266135e-01
5.584557597642547666e-01
8.001572955190160430e-01
8.207271988676565488e-01
9.368505857953868254e-01
9.467608773068796335e-01
9.059789135936274773e-01
7.570392236922920404e-01
6.837728602479989926e-01
8.308730633026774060e-01
8.119650875546893243e-01
7.570169777946007539e-01
9.764786774995393159e-01
6.909338433555747283e-01
8.534621834492623904e-01
7.497096508152145677e-01
7.993970632570746027e-01
7.803407446004039238e-01
9.296304813904596731e-01
8.539437831360391362e-01
9.585334164011022340e-01
9.361653290259244198e-01
8.685815913247443287e-01
8.757942497370952983e-01
6.776405031479723062e-01
8.067314532620406542e-01
6.624005208512724341e-01
6.171977999090130229e-01
8.588052896011041382e-01
9.205935489324786891e-01
7.345483002920398796e-01
9.801937331899868155e-01
8.873372618923287547e-01
9.199772854694098223e-01
9.151866551611334000e-01
9.673539217515426669e-01
9.839817319188848277e-01
9.021051878006270952e-01
9.035346534954362685e-01
8.032357078269225514e-01
9.286831354362165003e-01
9.195577739906379833e-01
8.197020250504774008e-01
9.485768834735086585e-01
9.650285896259607199e-01
9.061835988131912156e-01
6.947188526416423482e-01
5.893839955853265034e-01
9.234272925499331652e-01
6.879439075952480387e-01
9.214610101671401043e-01
7.276024766517910081e-01
8.705391582003700890e-01
8.399375492721301573e-01
8.581483094194658490e-01
9.695686507342761162e-01
8.907197962068593711e-01
7.586585446518735454e-01
6.814609267646797308e-01
8.689401620006622640e-01
8.761474465920964239e-01
9.339579646017784897e-01
8.408917589103537260e-01
8.648289972629117361e-01
7.919817557567783162e-01
8.740817747800218029e-01
9.382613448349309548e-01
7.555245210435926895e-01
7.851176047894576904e-01
5.950542021993125985e-01
8.896493674103580496e-01
6.379227428539970823e-01
9.068675309260603168e-01
9.049777826539527892e-01
8.520043378212804885e-01
9.294409385279831515e-01
7.484340325108250758e-01
