6.262392490587715965e-01
7.801427850662625563e-01
6.311955361559753452e-01
8.681472232635025765e-01
7.796408569132233790e-01
7.949753700884135688e-01
6.027513801405397498e-01
9.482239364951432492e-01
9.569532879040725248e-01
6.279332441998404235e-01
8.906200528917451731e-01
7.490138872723004493e-01
9.449263761993131894e-01
8.644639768697427451e-01
7.528408848591972014e-01
6.153310643880198771e-01
8.093594849004757119e-01
8.863503243940042964e-01
7.047774259121839524e-01
6.161544247240280381e-01
7.015372281345823025e-01
7.150988718130866229e-01
7.956308724295546586e-01
6.425035427293603885e-01
6.409038476411619278e-01
8.302465290191325398e-01
7.490022311923387743e-01
7.231606321632755296e-01
8.515770264797186684e-01
9.248626621020386018e-01
9.275980281154336815e-01
8.957056562779716069e-01
7.297561312080738105e-01
7.284893912911893921e-01
9.173084707844105790e-01
5.229737283288240501e-01
6.744707382477787005e-01
8.288140407903809015e-01
9.224896170805637619e-01
6.371442634484587586e-01
6.097948528466858864e-01
9.281145240082413483e-01
6.801405592741763817e-01
5.676952754859305728e-01
6.708028013223228392e-01
8.710892440296285066e-01
8.045777292540337022e-01
6.548416442572888574e-01
7.971342600229354147e-01
7.616583942136472274e-01
9.052564209272813134e-01
6.406790502267687426e-01
5.329800009403518057e-01
8.754009541852243448e-01
6.989341330938688701e-01
8.051049184629017752e-01
8.326783186233043255e-01
9.198025479090348178e-01
7.099871487981236351e-01
6.289329911471506218e-01
7.084176818999361469e-01
7.852761411091615518e-01
7.753695361896422167e-01
8.129050443488285982e-01
9.158571134628350485e-01
8.671015165998606777e-01
8.718087800349924033e-01
6.195180747002382304e-01
8.774505802791081610e-01
9.377377746523591906e-01
9.356394879472079706e-01
9.179105268822325137e-01
6.299843951619770177e-01
7.738149924951323033e-01
8.364060959160317665e-01
8.365026630866072566e-01
7.851700044293592473e-01
6.379920003744978807e-01
6.650895232334383955e-01
8.231889977372797151e-01
6.324037265746431657e-01
7.643180761372602161e-01
7.659589826330226447e-01
9.045526041864316857e-01
6.354648032328711338e-01
8.807295897868626655e-01
8.097411878345743830e-01
7.360956219592507122e-01
7.010403975787113939e-01
9.503902891615987336e-01
5.468885412542854318e-01
8.322902322297540678e-01
7.221561752503617981e-01
9.084439412670133329e-01
6.628400946596020304e-01
7.641345466369187100e-01
8.866079362614345261e-01
8.035707811968626491e-01
7.871021397020059318e-01
8.764698153166392558e-01
9.122854243336913083e-01
7.473035924811071151e-01
9.240602408005990087e-01
6.539586351359090166e-01
7.942467485262836302e-01
6.169687690277761982e-01
6.840307594657438761e-01
7.773400825158014449e-01
7.941005176184985359e-01
8.380728737330317424e-01
6.538217253233001847e-01
5.742464318882718466e-01
6.700900178351976155e-01
9.547257966517233019e-01
6.418197873368127748e-01
6.097456743438750548e-01
9.140358362696452410e-01
7.466880570799212524e-01
6.959490563141566000e-01
8.720805214852059839e-01
8.391299927032738193e-01
6.191141488935845150e-01
7.023988871538304757e-01
6.289710228688942806e-01
7.986032797068682854e-01
7.240421698632768521e-01
9.215568873507274938e-01
8.919472540895279078e-01
5.926938263152131681e-01
9.325868384370450404e-01
9.011860364470809515e-01
9.013596480016189405e-01
6.807990799175159813e-01
8.510545100667659124e-01
7.394771006582963047e-01
6.326854022078611806e-01
6.472089452002245391e-01
9.460156937982977521e-01
9.680978815146379368e-01
7.744923119680560131e-01
8.128752260158466081e-01
7.322477095516399803e-01
6.784372170112229483e-01
7.765231073001637174e-01
7.123737025405214585e-01
6.876189109635685304e-01
8.305731292166933510e-01
7.039181113874160012e-01
8.960004697137444740e-01
5.938095387051196550e-01
7.437311336406808859e-01
6.296810184003575062e-01
9.534130015106125899e-01
5.640267104541925036e-01
8.103175585368680434e-01
6.034760223041908400e-01
6.112862054439373027e-01
9.599115226162646675e-01
7.049321368788157294e-01
6.762347106985826528e-01
6.754785561553094952e-01
9.183586626195802127e-01
6.665827029993212083e-01
8.876386659042225791e-01
6.501602718318237883e-01
7.349231308115447003e-01
6.164490527104997675e-01
7.272711650004290984e-01
5.567401629237633820e-01
6.767322516520009046e-01
8.179205098188597756e-01
7.621546140730977026e-01
7.129946410143084279e-01
7.302037723978170858e-01
8.831919268892360897e-01
6.754745620709807774e-01
7.861221756264964444e-01
7.217534326673743506e-01
9.339131274211689426e-01
7.605955835505350260e-01
7.497443505396874652e-01
9.500315751757393290e-01
6.994992625227615113e-01
8.475313910674293627e-01
6.325907480421258944e-01
7.775542655449247942e-01
8.427948340504985980e-01
6.649335258593642717e-01
5.509625725515722161e-01
7.768715379597233017e-01
8.665904310393869325e-01
7.914907533363946257e-01
7.466217385761756420e-01
9.566632794155214281e-01
6.756634482230263750e-01
7.869035837232952746e-01
8.195145257706621944e-01
7.752114650058141709e-01
6.247809259962980866e-01
9.438123306533605650e-01
6.463499175414818554e-01
8.610388175546090928e-01
6.977344884756260246e-01
5.932296260801391830e-01
8.907689665271431023e-01
7.525097973692667086e-01
5.951729852309370905e-01
6.541213969390505811e-01
7.552843903118269253e-01
6.267452716971966264e-01
7.044329415967313102e-01
6.805859087014618503e-01
8.313797902603141665e-01
7.397654135820006527e-01
7.833025914223450403e-01
9.373096575122872309e-01
8.503061121567914160e-01
8.558909603180803183e-01
6.464511596405015936e-01
8.425911486005740469e-01
6.502333337053668449e-01
7.178466450211200556e-01
9.407401278038967085e-01
7.897196430529214162e-01
8.066102926760062575e-01
7.377163427502009263e-01
9.344510526238738457e-01
6.730224141984667563e-01
8.175087860346115232e-01
9.066811019340763611e-01
7.578507133807705909e-01
9.188165957759517610e-01
8.429989323846915905e-01
7.113482965884925235e-01
6.655216217528865386e-01
7.894194186048433259e-01
7.746602148068559845e-01
6.508071034417169942e-01
9.605785629014222948e-01
6.878487678148824669e-01
9.089894565118419312e-01
7.161868785956410077e-01
6.187232735783999571e-01
7.139454912815389465e-01
7.869129347662868756e-01
7.748554084360516070e-01
5.933853999584428607e-01
8.139715063660530880e-01
5.714601568296058254e-01
8.458737953890400618e-01
6.847577965292630520e-01
5.894999494565199560e-01
7.209852533601179836e-01
8.523134069493816245e-01
8.335388291572525254e-01
7.713523445636391029e-01
7.120193181755464229e-01
7.967393390680339582e-01
9.256603011191283370e-01
7.408442852666412559e-01
6.765273937924007885e-01
6.229412631887103480e-01
6.889581396279020886e-01
6.114015977152377213e-01
6.916552646659923642e-01
9.111574253131355938e-01
7.507738423199195044e-01
8.877766456153948216e-01
8.339931913062773594e-01
8.216893324649157115e-01
6.610608561726161181e-01
7.180843596245344296e-01
9.047964274042623600e-01
9.512314473075358379e-01
7.049113922436630597e-01
6.896042049373773963e-01
7.768339846551570727e-01
7.932775521887048820e-01
6.067131125454360285e-01
9.373966970976910229e-01
9.069058482402652110e-01
9.632820981220588941e-01
6.867586283559888871e-01
5.921414654747095829e-01
8.660800336563603263e-01
6.785249471105369024e-01
6.509827900772813258e-01
8.758364546092143321e-01
9.003496721655246393e-01
7.153126438664216824e-01
6.612529632971643201e-01
8.364843612810241025e-01
6.532055404851915270e-01
8.920964844010600414e-01
9.617925765065558075e-01
8.720946252970370738e-01
7.982039437631154311e-01
8.523657442329986011e-01
8.354538021496262790e-01
8.875721173804191899e-01
