9.009016841031577405e-01
4.503009799514770539e-01
9.894686861490300522e-01
-1.791117441489114073e-02
-1.028801586921411909e-01
7.301642024936626507e-01
-2.417910410193082893e-01
-2.061336164075934230e-01
-1.791676005452544351e-01
6.885696007293682364e-01
2.874046612672364054e-01
-3.230939946777964256e-01
7.864944289346926798e-01
-3.078185862052682520e-01
9.548055257665446494e-01
9.549166478283025589e-03
3.887380046218230634e-01
2.698331090287967721e-02
-4.619945304181377610e-02
8.455658717059125751e-01
-1.255505233765122075e-01
-3.103589655949652304e-01
-2.444679265293250581e-01
2.090462356701635882e-01
5.448600446283812238e-01
-1.679458579892745274e-01
3.752796983830992139e-01
9.062880800792583180e-01
8.643904074594482845e-01
9.140160433936628248e-01
-2.380296725343093028e-02
6.767921558294112128e-01
-2.044253380362939243e-01
-2.731177689972212885e-01
-1.769868671646940284e-01
8.682365780228653573e-01
2.646762648523360850e-01
7.710584210534745520e-01
8.654725056141586714e-01
6.427956649522814647e-01
7.185269293563300019e-01
1.060080639008021547e-01
-3.000053596523094557e-01
-2.364976304629948581e-02
3.447239119198746149e-01
4.521904965046125713e-01
1.022475536634406407e-01
-2.591383543997409777e-01
-3.348218387439977906e-01
8.983966661803201026e-01
7.502220870725556656e-01
-1.410393800700759925e-01
-3.097754530250151211e-02
5.971792230218804232e-01
6.132162028627716754e-01
6.753920472200387881e-02
8.606138222035943919e-01
9.754724919300784558e-01
9.225709273487464612e-01
-2.966903328949921370e-01
7.118553395893795210e-01
-3.010207057611877790e-01
8.443581040190319964e-01
6.836377923409264756e-01
5.880823898456841725e-01
8.467848845470108410e-01
4.570384938665802421e-01
5.293865093651479725e-01
9.459357677946361731e-01
8.884672208335201438e-01
8.233868265067084691e-03
-2.103212834270832554e-01
8.241310279488465174e-01
8.383225767045732191e-01
-3.164742582693681472e-01
7.878140674892883943e-01
-2.861919927486482051e-01
2.176285896193753261e-02
-1.123778450273219681e-01
8.415567566038610892e-01
-1.712315001672516102e-01
-2.291341473222844316e-01
5.822848422332185803e-02
5.103915233467676282e-01
8.971546562746698372e-01
9.904226141882642442e-02
2.122592377571915767e-01
-1.165778728722329238e-01
8.398989149824628297e-01
6.999313216771509971e-01
-1.967306242178638587e-01
6.503728077268025043e-01
-3.369847109139288976e-01
8.250517858384938119e-01
5.013507345876168086e-01
7.586064789533610853e-01
5.745919053961090484e-01
3.611170222788572248e-01
8.432881601274919703e-01
-3.910154092681969451e-02
7.374227679850823280e-01
7.573927316785348252e-01
-5.102796848055270174e-02
2.360384711143164171e-01
-2.886364952309886101e-02
5.300295607039179346e-02
2.366800720647867229e-02
-1.330523859031284561e-01
3.999939973705801677e-01
1.214170539945587379e-01
8.347363151310385199e-01
-3.314470866564610541e-01
3.079440008383586003e-01
7.473597163224420248e-01
6.129360361870335172e-01
5.726133533511917895e-01
4.806068842554098164e-01
-2.869968284159398753e-01
1.375039015839737283e-03
1.275725730393404977e-01
7.099314910093965647e-01
-3.446285636640022965e-01
-1.892797310176611847e-01
8.126075583797960356e-01
9.425046998668371590e-01
-2.048999191883885129e-01
-4.004614236252479476e-01
-1.100669953400943701e-01
7.346825291848932404e-02
9.173161337635991064e-01
-4.372817314653280885e-02
-2.339286998037238274e-01
-1.326093442780460208e-01
8.797689653790388142e-01
8.385371252440947387e-01
-3.608008600752262152e-01
7.059020349540408024e-01
6.872536092638923400e-01
3.959546375132180773e-02
2.594472405110012092e-01
3.010558975979323870e-01
-2.631859893012415408e-01
-1.504045973144585158e-01
7.181426869041709349e-01
8.420062269831410928e-01
-1.055573970093277858e-02
8.717740179094816133e-01
-8.064469266370836997e-02
-2.006064385861722199e-01
9.308312987987852338e-01
5.801454773813672361e-01
4.853986083400264190e-02
-3.167434222313676995e-01
5.572157824133279203e-01
8.853263432578926118e-01
5.257501390281915654e-01
3.899683279451449658e-01
6.294921606840081507e-01
9.260894316467993548e-01
3.897593488271526851e-01
-2.051172344591819519e-01
-1.327982145332963770e-01
4.124471093159984975e-02
8.768734621250313666e-01
8.463986328892123545e-01
4.488714981573601465e-02
7.788519186302325092e-01
7.269663876471756936e-01
-3.182919742465671886e-01
1.234462938500928697e-01
6.511424507761099933e-01
6.550043174564672555e-01
-2.617759981167301353e-01
-1.094590896295170174e-01
8.241183406181039617e-01
3.080980592047796729e-03
3.179277009628018180e-01
-5.022069790247078724e-02
8.591922866251895663e-02
6.421519472062942047e-01
7.284055172859684735e-01
8.780552248147690531e-01
4.929854642592582659e-01
-3.354440584151677229e-01
5.882431527537154148e-01
-2.299950445062972082e-01
8.580720863166391155e-01
8.676719837767860044e-01
4.239702610163215146e-01
-2.253342396429315331e-01
8.418912040566941535e-01
9.167251135889384894e-01
9.213139515610109243e-01
7.827825966061567886e-01
-3.133633024479856033e-01
-2.698084004061105379e-01
-4.370544342646107139e-02
-8.315026517604930112e-02
2.987737229602334399e-02
9.544735787488006773e-01
8.800940976976689978e-01
5.523384809820945929e-01
5.197230118308692193e-01
-1.767044994037058059e-01
6.058451070753362311e-01
-6.924894198361875031e-02
4.877406050267292514e-02
8.296236967504844184e-01
7.187713815907716963e-01
-1.229031245473194978e-01
9.248715301138018541e-01
7.881716661287038184e-01
1.901739168314405815e-01
3.544036597840403702e-01
-2.610903527942396440e-01
8.128960734818730938e-01
6.020508755123935574e-01
7.096511431676869597e-01
9.350858802567372230e-01
9.635658657566962271e-01
7.664281895690963076e-01
-3.272675494815386332e-01
-2.341676930273891843e-01
7.994857459166515579e-01
8.351736636501396749e-01
-2.272727056957432323e-01
8.978960325586466951e-01
-6.476479065021843728e-02
7.885946032461499389e-01
8.663313528541252140e-01
2.509659254858598310e-02
1.252829896226726955e-02
1.104262016610322028e-01
6.636900517315325043e-01
6.076506012591624817e-01
8.942382337155501126e-01
-1.645560039117983653e-01
6.686303628843494051e-01
7.532153814180133633e-01
8.000968891318465115e-01
-1.773042282618509657e-01
-2.052798249537791109e-01
7.393847581134640468e-01
9.212606137962379149e-01
6.801829948204718423e-01
-2.180152828428044698e-01
-9.951743994895578815e-02
3.896223701495101777e-01
-2.253093209047791756e-01
9.086158939978624671e-01
-3.450822180403276818e-01
7.910762201451871922e-01
8.089500305385692869e-01
7.076070361437432066e-01
-1.067654986538796036e-01
-3.346298508249463954e-01
9.224473632333947126e-01
7.334817697463023034e-01
9.432152122482106993e-01
6.405814896238311018e-01
-1.062272996983290307e-01
8.873706328289647782e-01
-2.489894288465421268e-01
-2.500232196262095474e-01
5.519656710947032918e-01
