-3.458065872780821670e-01
8.443823610106085953e-01
9.501495682270858500e-01
8.604958232635302462e-01
-4.789477129003240075e-01
9.069617739745049201e-02
9.250288707278914169e-01
3.705101725589587947e-02
7.757832729658522553e-01
8.161925480874722139e-01
8.698602705547657798e-01
-3.839258275160429418e-02
6.748307663415922253e-01
1.588948333790548284e-01
8.919758844654205321e-01
-3.520336005095255349e-01
-3.797393020891262072e-01
2.753928635281303605e-01
8.579230960844145271e-01
5.921756619921506037e-02
-3.933936692080089448e-01
9.250251067644077452e-01
-2.324237898127232138e-01
7.835305222244733914e-01
8.186918611978374338e-01
7.869313520224524572e-02
7.825574656404166163e-01
8.324977439791263478e-01
8.920952496431219236e-01
-4.275647828152945307e-01
-1.105562453953576746e-01
7.955952567006585596e-01
-5.030596470489072658e-01
8.772263841760682412e-01
8.426182288589962877e-01
-1.553244882437329888e-01
1.534932877829745246e-01
4.838829312178426212e-02
2.954879564949050574e-01
9.430717275252791243e-01
9.253269717047583054e-01
-3.955765929144668402e-01
2.299204658566775250e-02
9.048536334873967801e-01
7.940163405637097327e-01
7.681338134577070376e-01
-4.373696029763967097e-01
-1.390437282236632044e-01
8.293955768678871188e-01
7.254786207546908283e-01
-3.270747360240832124e-01
-4.804876409962920425e-01
-2.794523254654931455e-01
6.452827336823094839e-01
1.514884431861968639e-01
8.958892685243364795e-01
6.355242107488275061e-02
9.317331163039048736e-01
-6.263551637472460076e-02
-3.108846098219907317e-01
4.177248457296907636e-01
-3.038227652504084109e-01
-4.817660939169365192e-02
9.242718750616035761e-01
-4.903842956466196723e-01
6.655604102039360814e-01
8.211436108359606578e-01
9.040491472817527852e-01
7.187646877087288111e-01
-3.302833944109592745e-01
7.630859855337697173e-01
-2.431215357055732107e-01
-4.265963481773876742e-01
-3.070706116225629390e-01
3.388198870361213144e-01
7.759804433609618357e-01
-3.186200388903350222e-01
7.909240306739273585e-01
3.357477579500643683e-02
9.145554695274715762e-01
-3.898972255096110340e-01
2.021681876446490000e-01
2.982699683896137821e-01
-4.429228843673896909e-01
-1.308398410395231748e-01
-9.220741456565321320e-03
7.299772190007730588e-01
1.643126824921989082e-01
7.900524675682204512e-01
9.071645960672037878e-01
9.090520029641947497e-01
-3.424434440661159318e-01
-4.306202095294138499e-02
2.248849201628917716e-02
7.207438356704419791e-01
-3.462116750569281531e-02
7.680561806289728510e-01
-3.110095515850782588e-01
8.461495342631376870e-02
-4.796311243914341271e-01
8.544747983240781330e-01
9.055874289670708954e-01
7.720577959388059686e-01
8.966649009904534839e-01
-6.452555625677999784e-02
8.420353281544635804e-01
7.871810392084981345e-01
9.269313630991397046e-01
3.761308153185167757e-01
8.894970993934084857e-01
6.713625514406108552e-01
7.860803011747009572e-01
2.216016651894703038e-01
9.060292573059258725e-01
9.069878975538103738e-01
-1.799712808957695809e-01
7.832156100526361797e-01
-3.037812420955086634e-01
8.967422496713437496e-01
8.464330229183106846e-01
-3.027178474825609200e-01
9.833099514099181981e-02
8.201801043412516590e-01
7.935460411808460401e-01
1.171943959624957010e-01
7.559350956207016026e-01
3.103646536008240475e-01
-4.138531730288985133e-01
-3.190325915254966227e-01
1.390423923566000697e-01
-2.714656387514127189e-01
7.334830657564347378e-01
1.681484405779629376e-01
6.284011724834542845e-02
-4.058668891991327188e-01
-2.912072523882340835e-01
2.266772269265570072e-01
9.045967839942610222e-01
-1.883310461698494975e-01
8.788991716875447224e-01
7.450131217319801991e-01
-5.088765394364482830e-01
-3.744017456797495425e-01
9.040080096284620614e-01
1.291664712051130148e-01
-4.423078491642387644e-01
2.238044999691597425e-01
9.064665101507355383e-01
-1.934846944205588226e-01
8.926542922826107285e-01
-1.162334620773967098e-01
9.097872605573933402e-01
7.997594347221812505e-01
1.277142702590413903e-01
9.156631883072660072e-01
9.371324565498720949e-01
7.941146110063195263e-01
8.001283522924433900e-01
-7.057255477571813818e-03
1.711818050499854527e-01
8.995587751516997965e-01
-3.644532627338512576e-01
1.386043317646855622e-01
3.676845713233348190e-01
2.472657323333047885e-01
8.293149194552510428e-01
1.048353426779621567e-01
3.827335684695258866e-01
7.423944376942818169e-01
-3.879372773610625380e-01
2.409902123251979333e-01
-1.378458972554119089e-01
-3.155954192141049441e-01
8.688032575824795600e-01
-4.053660439643727020e-01
8.972200183722617295e-01
9.119307713227207124e-01
1.624187660996763150e-01
9.418302406362216717e-01
9.031171927588850235e-01
8.860316809689795514e-01
-4.871219443399990578e-01
6.788764867756253985e-01
8.973402565394735797e-01
6.503779371114761787e-01
-3.583803391986891684e-01
-3.949603271647836866e-01
2.829917600594583638e-02
-2.474995406423265987e-01
8.096803195134659736e-01
7.872363103907916715e-01
-3.464828036152423074e-01
9.169933554766811490e-01
-4.286678617424596327e-01
2.150060190636005619e-01
8.310552097176936437e-01
6.508215482892856785e-02
-3.061285585422712785e-01
8.948723647673925141e-01
-2.805751354656927377e-01
7.163685360203106423e-02
-3.105219067946254352e-01
-1.556226205620471204e-01
-3.276760874125415057e-01
-2.878234817604615747e-01
9.258165822656758692e-01
8.804085702883893694e-01
-3.089591701463220152e-01
2.059553322392546071e-01
-2.895023287362021858e-01
9.040841956181380201e-01
7.395437708674259536e-01
-1.607958884169558844e-01
9.116242706898357584e-01
9.323835506443546306e-01
8.995136564768874132e-01
-1.983587087829697393e-01
9.091206116800819581e-01
-3.144560127658884707e-01
8.501922840566459305e-01
9.087818307880433100e-01
9.014752737562893303e-01
8.151599414017236533e-01
-2.864757795455969980e-01
8.829419022764997127e-01
4.113034019773136873e-01
8.842597882401536102e-01
-4.665563387298835019e-01
-1.662394290957332765e-01
-3.102262749446690338e-01
-2.909963358276351775e-01
9.008663182125346003e-01
3.867751619183290579e-01
-2.557340781380966210e-01
-3.346045296214309461e-01
3.421227154577926033e-01
-3.285475977666846292e-01
-1.583182001374943970e-01
-3.894176852977274117e-01
-1.476680288893297555e-01
8.056220605265737023e-01
9.415169507034966134e-01
8.963570636933185787e-01
9.001910300484605720e-01
-5.844920148380632063e-02
8.632113449145237816e-01
6.659541603606993210e-01
-3.831525848880250606e-01
2.099338332996060763e-01
8.711463854614804880e-01
-3.469465035220445914e-01
-1.844907463547192650e-01
-3.668613042139998726e-01
9.005873833265252149e-01
9.172515034500261510e-01
-7.705864621146847615e-02
1.181818795534174821e-01
8.727675981354260371e-01
7.580955319438865692e-01
9.141102221389247884e-01
7.704840807729392838e-01
2.430545321331326614e-01
7.652091419816370310e-01
8.096904594177681269e-02
2.513740889881121987e-01
-3.168146079812678151e-01
2.800896354158265988e-01
-2.506197438246490217e-01
7.883651139863018242e-01
8.522266319337995499e-01
-4.018294575057119733e-01
2.007383011272824702e-01
-3.132971104934133000e-01
3.692724768299734256e-02
8.874709791010382265e-01
8.831585502660230236e-02
4.513136956627984975e-01
1.037299965396180079e-01
8.305749160397944975e-01
-4.344255797753714121e-02
8.485996361488498119e-01
9.055261006220154396e-01
9.032228473761354515e-01
9.050147950051565804e-01
3.127826405461602288e-01
-5.615335582057679603e-02
8.023682622649095375e-01
2.230010985136025026e-01
8.846401117582541884e-01
7.658244790702215532e-01
-2.010162374224073317e-02
3.589952385673862434e-01
1.915488632999360896e-01
-6.298340907940688793e-02
7.958100246228021479e-01
9.063265125448285442e-01
-3.722417835427592192e-01
-2.182599184177639318e-01
2.001940055516340522e-01
-1.185574601287200935e-02
