9.035818520945521071e-01
3.383623244271388164e-01
-2.498170178446383616e-01
9.228335609537785533e-01
9.121157286784963292e-01
7.571380279643655786e-01
-2.171742427887070337e-01
-4.133360140306999164e-01
1.393682785818765313e-01
7.529800045838888067e-01
-2.227433277620414209e-01
2.399195419434462240e-01
7.710302593362973189e-01
9.038513265969407851e-01
-3.516780712616319193e-01
7.793368334797222685e-01
2.036629525342183167e-01
-2.960191125604214046e-01
7.618364391262554269e-01
7.380109774953126367e-01
9.214916275945435054e-01
-3.549423247483572408e-01
8.064255710070384886e-01
7.816531449832997414e-01
1.060033624942210984e-03
6.173331844270623509e-02
8.041667876180024210e-01
9.071093607171729634e-01
9.020632154985941398e-01
-1.138056453005601154e-01
8.040607579375214087e-01
-3.382881975121534990e-01
-1.382381146187043330e-01
-3.519730911720291844e-01
-2.100422989687135422e-01
4.906415450379728038e-02
7.097935108541066906e-01
8.942747314247396773e-01
9.090768347841191588e-01
-3.203246118047083368e-01
1.299073633212937673e-01
9.070877544498198164e-01
-2.524515380362600259e-01
6.523002173451848407e-01
-3.929945925840785392e-01
-3.965123805856044514e-01
-2.797499262774552631e-01
-3.436902297093857861e-01
-3.529375568156585263e-01
-6.186370526747762832e-02
6.958767056538517348e-01
-3.257508671779091869e-01
9.220097063255143777e-01
8.365003196587609269e-01
9.126967304801031355e-02
-2.921372389164083594e-01
9.081875608504671460e-01
6.931010617212797209e-01
-1.481559877491436805e-01
-6.499131430610252669e-02
8.894590277435789893e-01
9.118837116954682243e-01
-3.950055595377764961e-01
-3.339453347860429910e-01
1.362400667335054716e-01
7.276079917068247749e-01
-3.264668943435544701e-01
8.748268998999420010e-01
8.925437579052074577e-01
7.897594477007077174e-01
2.026724648390550998e-01
8.867877367616129325e-01
-2.091142753695927614e-01
8.469211849061623054e-01
9.517448195411313261e-01
7.570951399998729903e-01
2.792028102274595261e-02
-3.728601547019222973e-01
-2.984686208705097377e-01
7.755941440984618351e-01
-1.239960136934950968e-01
8.531867463784478245e-01
-2.440426915799718266e-01
-3.390937500289030460e-02
7.953794891919416798e-01
8.053358181678230698e-01
9.115798244149675433e-01
8.312793846271706588e-01
-3.252061248124374915e-01
8.909770310820881445e-01
7.737035834081245067e-01
9.051301096818692438e-01
-3.460855879631791754e-01
4.927312386630745833e-02
-3.139062851788244068e-01
8.279896452314726707e-01
1.535208030308159999e-01
9.132433308549884332e-01
8.722518064922262226e-01
9.011176725622467298e-01
8.402860409551510257e-01
2.760070946873373066e-01
9.027109484283754037e-01
8.993992813831764854e-01
-3.423887996098741726e-01
1.712425949012699733e-02
-1.522718590727600019e-01
8.302789411380481210e-01
7.878982209377246582e-01
1.681532573529865016e-01
7.108099693536048536e-01
8.069523799446238765e-01
-3.127162738466132685e-01
8.799793955545509583e-01
-2.118371023492028604e-03
6.920868699089892662e-01
7.096944403317572148e-01
-1.300412576251219199e-01
-3.902210482178725681e-01
8.327308246621690779e-01
8.359403374149677601e-01
8.795434987383332626e-01
8.994419055073490377e-01
8.490334216301185233e-01
7.157999500459549802e-01
-3.454513024856275538e-01
-3.757036866159738087e-01
9.418893954837157523e-01
-3.844987895591001070e-01
-4.235586806662515746e-01
-3.837917421762382375e-01
7.653459477967522462e-01
8.225940852005091397e-01
-3.042873794133854615e-01
7.831238717020728712e-01
7.830041808168318740e-01
8.051368949215089721e-01
7.614106914221637767e-01
-2.764264091933897882e-01
-3.115001658713917321e-01
-4.861005955314252058e-01
9.199718153674322219e-01
-1.752207464387847691e-02
8.252477939257260031e-01
-3.514758399019708990e-01
-2.847593520472689876e-01
-3.665052012344248711e-01
-8.287284774040576396e-02
8.622276711817078443e-01
-2.277565859486100908e-01
7.716685040339176238e-01
-3.460972009892654411e-01
3.862274234295855896e-02
-6.651677624054744276e-02
3.119142607386511390e-01
8.430030526941892921e-01
6.932086813300347705e-01
6.806240311655765707e-01
7.889182020848695132e-01
6.459621435473847928e-01
-4.204139723912821425e-01
-3.595253988152420366e-01
7.721948109510204938e-01
8.918225356448942209e-01
6.524426720634847188e-01
8.933493596344035392e-01
7.507689514001464337e-01
3.964747855474222149e-01
-3.825945932926836379e-01
-2.462169900994792826e-01
-2.036462050804862811e-01
-3.014899247847199204e-01
-7.270771831356352688e-02
8.923852298348219358e-01
-2.770560800009416180e-01
-2.410971674806673126e-01
7.362817014212058586e-01
8.708273573278211277e-01
1.001963440578561293e-01
-2.905415192604229313e-01
-3.134462832983518910e-01
9.045903128576662233e-01
-1.353678815710125105e-01
7.553529589776514230e-01
8.584014835370645802e-01
9.173806011515017733e-01
-2.646745552272453672e-01
-2.274938366699496423e-02
8.125550700111365821e-01
-2.235408243661686500e-01
-3.437243533298354192e-01
8.119339058976782209e-01
8.118664047327728284e-01
-1.533853022632147567e-01
2.871925398639180171e-01
8.383225595331880164e-01
7.320314000766761087e-01
-5.071440783728959900e-01
-4.097226487189397082e-01
8.318297044162185072e-01
-3.604764310248307346e-01
7.955144696965434914e-01
7.800752199616006743e-01
1.587715287217838223e-01
3.770275936402354283e-02
9.215782237402949661e-01
1.755066002549638543e-02
8.766738670904511421e-01
7.106338062804047340e-01
9.097818797534393820e-01
-9.603497254584671128e-02
-2.985316117356979770e-01
-3.030471971827451427e-01
8.443529635680342427e-01
8.385295712060013562e-01
7.467140069685145320e-01
1.433326801899649228e-01
8.871592884465040463e-01
-3.256641067487038299e-01
7.734378121086202262e-02
7.612453443731365121e-01
-3.332587910898187067e-01
-1.988436031191959386e-01
9.187291553627814356e-01
7.306347614199637519e-01
9.490742299289057771e-01
8.886586291382422287e-01
8.523866549708023488e-01
2.488915320420361649e-02
9.359783720080652181e-01
8.832011224908152547e-02
1.766671337280157073e-01
-1.692765536775088786e-01
6.836846250063024488e-01
-2.760761349887853044e-01
-3.926543408457858764e-01
-4.927891166963660474e-01
7.792718308793413762e-01
-1.462422848466417291e-01
2.535033464962866551e-02
9.042975394944202661e-01
-3.145881400157427565e-01
9.187492266199575042e-01
-1.666853398369443628e-01
1.549642285004674547e-01
9.159661171388260303e-01
-2.483084783762549153e-01
2.469267998249138896e-01
7.167468982164652003e-01
9.076320359776319791e-01
9.510840627334737896e-01
9.194992477048362645e-01
9.215976709704211123e-01
9.016689207419357199e-01
9.089799926003230279e-01
7.183918403169461953e-02
7.973919712742024712e-01
-2.529621132479348833e-01
9.184489434552512988e-01
-6.741082897678982166e-02
6.098534335464389500e-01
8.777776379957661357e-01
7.703020903325250024e-02
8.162348779783989983e-01
-2.013035873603158665e-01
-2.993470164303972392e-01
-9.249052289061511500e-02
-2.749609194968285486e-01
-4.275275562845231581e-01
6.590430486667376853e-01
8.032745127819302944e-01
4.562293704352380491e-03
1.477336607215768427e-01
7.676482474786037180e-01
-3.424951165222399063e-01
4.974336918911137495e-03
9.025420386455378363e-01
-1.256084749084294128e-01
8.989211329990306476e-01
-4.122540433945028338e-01
7.896826294351704245e-01
1.217891740601542566e-01
-2.980820397663683785e-01
8.935884827594401392e-01
-1.416305141193712203e-01
8.258749552083551881e-01
-3.935518739978893232e-01
7.679905687589851926e-01
-3.196865237093292622e-01
-2.051034092768967698e-01
-2.284973672897450403e-01
8.860436561180925485e-01
-3.387509598174939240e-01
6.599531623773499112e-01
-1.942786066750089580e-01
