2.227133538761872505e-02
1.164338749540715506e-01
-4.235749338360669802e-04
-3.043189451134625245e-01
9.126813515349371242e-01
-1.181968193468670852e-02
8.278513921791083030e-01
-2.056159298429516280e-01
-2.964895251801863418e-01
9.112383195544911940e-01
7.035161111840493309e-01
9.607363511880787632e-01
7.607170651725311261e-01
1.351469227642067839e-01
8.781251438542303500e-01
-1.598122666075074139e-01
-1.701329454280058606e-01
-3.065273871033807884e-01
9.027747937411808588e-01
8.441071505887820514e-01
9.082202072855166675e-01
3.067614363469067795e-02
-2.972665018060717812e-01
8.647084999160400409e-01
-5.173059022832443565e-01
7.288477240186552741e-01
9.862821544720988542e-02
8.997657296439909302e-01
9.186608518522698663e-01
-1.144426477585698543e-01
5.102249373262009169e-02
2.541181623618710694e-01
-1.225647487952061382e-01
9.765867041850945229e-01
2.708402269583315425e-01
-2.668869643712133422e-01
7.265122848298019020e-01
3.014029567115900088e-02
8.355416868844022238e-01
8.914614028047508354e-01
9.492202599264083496e-01
8.937678994918050179e-01
8.001977261071505643e-01
-2.821424769326764947e-02
7.700112392698416075e-01
2.654549505396011297e-02
8.140809255276424405e-01
9.070371273357148434e-01
9.082864431683680406e-01
-1.033928907789995605e-01
-2.821730560960676870e-01
7.657829691219770751e-01
-3.683755808393245346e-01
-1.899076838983512761e-01
9.105314841324073649e-01
-1.711709576275720901e-01
1.421025229322366579e-01
9.003665499031657804e-01
8.611022851706617853e-01
8.947439226572386772e-01
9.088803302399603989e-01
-3.943647287120646272e-01
8.543694416531263380e-01
-2.931794250977811100e-01
9.002978518881905590e-01
8.139434223864563389e-01
-3.236828787617533620e-02
-3.322426554545875321e-01
-2.223449909362958388e-01
4.066089001664959790e-01
8.603671464166013916e-01
8.793321677346179754e-01
-3.578266512040386149e-01
-1.371679111309898058e-01
8.999880617820776862e-01
7.983940921500706223e-01
8.879669188492373966e-01
7.780647226877542844e-01
7.202383460977924978e-02
-3.297173852321910181e-01
6.184003508231177282e-01
-4.544959440971269027e-01
-2.256261458132398368e-01
7.875892829754225222e-01
-3.464961239664477999e-01
-3.703542494506055216e-01
7.213068799489601446e-01
9.282443787315375339e-01
4.749850564744953485e-01
7.645621363079607713e-01
1.110838672110747716e-01
8.491844746888924100e-02
9.066270551336004235e-01
8.153584221914982333e-01
1.492471870890911823e-01
8.926806257278452339e-01
9.182480432722585073e-01
7.821946909822313776e-01
3.152171133633161620e-02
9.695604985423286748e-02
8.974110969454870412e-01
9.010546433538616506e-01
7.895466778480279002e-01
-2.411047074405964774e-01
9.012091808142670413e-01
4.806967763028344165e-03
-1.746244279826999202e-01
9.034427951394877754e-01
9.036146508880960049e-01
9.111102625961841062e-01
8.986106062227215974e-01
6.533145501709791692e-02
-3.123121591840490874e-01
2.081157149819991628e-02
6.432566012236254349e-02
-2.938251006621243611e-01
9.089791477746897996e-01
7.192923685606320561e-01
9.096950389099502932e-01
7.507483837667141557e-01
7.377284527252943314e-02
7.876552893333964578e-01
-4.036693388231836210e-01
-3.255840926944160718e-01
-3.778851821141342993e-01
9.056031485126651015e-01
-1.522419372297414975e-01
8.147450631020737299e-01
7.283786502496286674e-01
-2.526633638555099148e-01
7.871634163284423336e-01
-1.142124514229291565e-01
7.997090465193137376e-01
8.575072321673213871e-01
8.930730444753520736e-01
9.088377658730032449e-01
2.235165672018036009e-01
-1.540388227194633419e-01
-3.184529363069484864e-01
1.266376148700985027e-01
9.235084204493777538e-01
2.968313574784056663e-01
7.091389448568252707e-01
7.425112268514643121e-01
7.705030598872872893e-01
7.527211660911719004e-01
8.364447961934794451e-01
-2.867347602827723385e-01
9.262550645437411800e-01
9.432602188167262813e-01
9.247442953517873709e-01
1.144737841478621482e-01
2.073592070509119312e-01
3.117108503375385156e-02
8.562984773280618578e-01
-1.287267395300936423e-01
9.106189512676514664e-01
7.985970818257530357e-02
9.094802084186055513e-01
9.147741007297056637e-01
6.844673000103922433e-01
1.387843907609322414e-01
2.818316146062466165e-01
8.638410014624164912e-01
-1.030090455952462902e-01
9.011736212551653136e-01
8.423132146129328479e-01
-3.460597229719558632e-01
-4.124425270226023676e-01
-4.355641140795143418e-01
9.373802159629129882e-01
8.650636980888577465e-01
9.052993075986160987e-01
8.702020538219518153e-01
8.613760708622705473e-03
-3.924297471137911941e-01
-3.099647546824293443e-01
-3.109478179542341514e-01
-3.888543827271497832e-01
-7.310068374838092631e-02
5.587758017779904662e-01
3.982222976370287243e-02
-4.638351452975627565e-01
7.651617272694419825e-01
-2.897483383405574098e-01
9.231551438492324735e-01
-2.741305565587360826e-01
-2.842280626445377045e-01
-4.203899433959500387e-01
-1.569690752785772858e-01
8.595520271014274183e-01
8.898662796726245494e-01
8.115896101734260126e-01
-4.145832758663414164e-01
9.053406161830781507e-01
8.952057115571090407e-01
8.775832903110545313e-01
6.252311784288060170e-02
-9.098966730037966189e-02
9.270462238656349552e-01
1.824208409874433778e-03
8.264220831443099824e-01
-3.407378055773657710e-01
-3.861346991523732508e-01
-1.987285308406174511e-01
-2.507885078412544488e-01
7.313346676486476294e-02
7.882244499791422054e-01
9.100497784539887114e-01
-2.846257593739665026e-01
-3.360306373280132486e-01
-3.373738043655178931e-01
-3.704637986221072654e-01
-3.671343304988421430e-01
-2.980211405884600206e-01
1.302404990289950104e-01
7.572061093607850291e-01
1.053164004640809726e-01
-2.869524919753350667e-01
-3.654665092174083085e-01
-2.593582848133927365e-01
6.890946787706927479e-01
-1.634647466704456653e-01
5.230573162642810497e-02
7.775643292515613814e-01
7.123378673845095488e-01
8.729520557214855980e-01
-3.818345896564045994e-01
7.757045361572890707e-01
-1.497893508427147746e-03
-3.179252029266539381e-01
8.266338902255054855e-01
3.139926938099602688e-02
3.215390910450125483e-01
-3.180340083542636254e-02
7.035315699049315974e-01
-5.971043248454776381e-03
9.110914551424501573e-01
9.161745148018300977e-01
6.546615551440458924e-01
-3.412104864867049336e-01
6.778888313056885551e-01
7.923900047920362510e-01
8.175512332343938260e-01
1.390004230423852460e-01
8.991436615553043410e-01
9.180594688164021022e-01
7.656727780609312584e-01
9.190011023360888931e-01
9.248597036480854516e-01
-3.137497462471479093e-01
8.041886759614621516e-01
-1.196338394353826939e-02
1.177973594310600669e-01
8.134203348729951433e-01
3.186063021829773495e-02
9.067292149361138032e-01
3.406439360364552082e-01
9.220981506396551675e-01
-1.168499622577196251e-01
-3.232318006145704081e-01
1.428245687368680517e-01
7.848558305866009110e-01
8.363647951894714883e-01
-4.257757509683895991e-01
5.791168870718169104e-02
-4.060914406819148281e-01
7.885649206565958913e-01
-3.360521810506962581e-02
6.424507365028616634e-01
5.311046655811287043e-03
1.483733525821179233e-01
-1.752939412451349765e-01
1.523798690150350299e-01
2.200178815652936160e-01
-2.886184022929557114e-01
9.311081636366072001e-01
-3.208242443943813971e-01
7.688219178215147664e-01
-2.403770995111182973e-01
-3.740180041166915048e-01
6.378846600061649497e-01
7.152478324161581913e-01
-2.866743879692630892e-01
8.286953041489949490e-01
8.148809969925415730e-01
8.266020430588551238e-02
-2.026074747994816017e-01
8.980503031788078516e-01
9.287133715274695778e-01
8.893780556096788636e-01
-5.115989333703555575e-01
3.174248769289788469e-02
7.284828004091544740e-01
1.096126951565250252e-01
-2.748959125169264661e-01
-2.256784021592882772e-01
8.813198031297062585e-01
7.598710319124777346e-01
-3.469937749470561883e-01
