-1.725649737377213944e-01
-3.789896524175769277e-01
-2.854306763710902084e-01
1.418368782233671993e-02
8.702316468947126626e-01
-2.325956800560773641e-01
-3.305497485691159532e-01
8.773404323487306034e-01
7.724570044114611456e-01
-3.871044971819417313e-01
7.461555162394255536e-01
7.681131364438834597e-01
-4.219455976950143294e-01
1.370800580250644829e-01
5.377457922962803477e-02
-1.594990206286609202e-01
-1.935473141941653485e-01
7.969347661956247553e-01
2.597155919774220001e-01
8.472919784553946121e-01
7.776561231302300259e-01
-3.275219423641606564e-02
7.504154873455368691e-01
8.585128208594873245e-01
8.780527478280977238e-01
9.161542224397295486e-01
8.760671387108052155e-01
1.466888395405610279e-01
7.287756927513890925e-01
-1.756764015141525359e-01
-1.370597711138123453e-01
9.111472701451208689e-01
1.484905822046881513e-02
9.121376590502977555e-01
7.623351495061331251e-01
-1.743940561679467594e-01
1.056763868580598564e-01
-2.538764475270078869e-01
8.422565417566976187e-01
8.994266218057391793e-01
8.829672722467575285e-01
7.679131657920209575e-01
-3.659089781116344753e-01
8.271221445648055948e-01
9.164892547598092465e-01
7.667098785259924831e-01
7.489828665194617763e-01
8.925767578109868872e-01
8.893081631927369779e-01
7.907236200732845610e-01
-4.005628189494996882e-01
-2.395199903469521496e-01
7.282666567957785109e-01
5.681863169423930771e-01
7.743337236376122146e-01
-4.924817494546579466e-01
7.642683733030530835e-02
-1.575566072657105798e-01
-2.727597471017973452e-01
8.609759885599326257e-01
8.049989430916748567e-01
-9.756165360449942092e-02
-3.462686009606039117e-01
-4.758388831148986919e-01
-3.709956407823792879e-01
8.317786105344768810e-01
9.145576023144108557e-01
-4.379414151926692145e-01
6.015870408776941014e-01
8.611278681725138551e-01
-3.862823716082886549e-01
7.349755848235383082e-01
-4.699480621951174775e-01
-3.132175295492150568e-01
8.087760421039480452e-01
7.954836186219990113e-01
-4.926750096858108496e-01
9.197530679587218039e-01
-2.846544431195998093e-01
2.598744832124771920e-04
-3.522084783609828462e-01
-2.952887422013654173e-01
9.181598920018074761e-01
8.924112522735040409e-01
-3.487501289957645745e-01
-2.077701720655671103e-01
6.886830971371590282e-01
-1.389215538868512623e-01
-5.105708345044669416e-01
7.172225585310303408e-01
8.072799908884566999e-01
8.374847996307226428e-01
-3.268280616203140809e-01
-2.622864338645165549e-01
-1.920500172849002873e-01
-4.418573050352772036e-01
6.542040758415218482e-02
7.460444465816963300e-01
9.017193615350579394e-01
9.245269606892183578e-01
-3.763726569114169695e-01
1.587012943711434421e-01
-3.027504262117166056e-01
1.403915185088972784e-01
7.717700477247216861e-01
-2.374863062796211954e-01
9.204037415208096151e-01
7.393686921274791324e-01
-3.791734168071337341e-01
-2.331090087958704593e-01
7.317561170830458872e-01
8.033488600232772114e-01
7.525602113537029070e-02
8.857414376870067496e-01
9.006825885720952662e-01
-6.309145764878200391e-02
-7.677219847222574445e-02
-3.921433358614109799e-01
8.690760920846805071e-01
-3.859973115781533681e-01
8.926610669001733278e-01
8.762695510207917371e-01
8.348794225505672406e-01
9.006822806584734442e-01
-2.761645239797356211e-01
-1.567063946516040751e-01
7.487329796507470603e-02
9.993806826014882405e-02
8.967462665319730908e-01
7.603483095961743876e-01
-3.212572837813880700e-01
9.205852443479850544e-01
7.560692393820592772e-01
7.463054957425535596e-02
8.411570538677907161e-01
7.932136262177398311e-01
1.682064381451451318e-01
-1.799537596274620732e-01
9.226535670364583996e-01
9.103569760302659963e-01
8.123121734399597615e-01
-3.517687720864570711e-01
6.561309363524495120e-02
-9.707786928678409366e-02
-3.592363891004291543e-01
7.890491653377351700e-01
7.887108285354959003e-01
-2.097562048751319685e-01
-3.185271708023399984e-01
-4.033138213912664805e-01
9.301658135409013317e-02
7.866077613528205115e-02
-3.462777697242230834e-01
7.264067342775147873e-01
7.142186397328798009e-01
9.116128592941301623e-01
-3.970265350786587044e-01
9.392306126340679295e-01
4.272590146846614451e-02
9.304971394431098553e-01
9.201206713195195785e-01
7.773333007868877820e-01
-2.570440948575145046e-01
8.085845103299766912e-01
1.454806729275529287e-01
-2.298281128659478978e-01
2.386678388278818674e-01
-5.079212224097100215e-02
8.503966336203826470e-01
-4.189499211128854816e-01
-3.081984859617291628e-01
9.351209143921884737e-01
7.806273625531882088e-01
-3.643984434496913005e-01
7.357873880611617290e-01
-3.419992556693982610e-01
4.112113903456917074e-01
8.914982538338420692e-01
7.519311414613084610e-01
8.965631439676847725e-01
9.421892611701122577e-01
9.602780715127379185e-02
7.471896863233565833e-01
7.374906872999842378e-01
8.814958967163757375e-01
7.560609336526310509e-01
-2.941701866549967237e-01
-3.282489612402894053e-01
8.973298952568338205e-01
-3.754656974485233167e-01
6.855920181629839849e-01
8.944944735061524099e-01
2.786361192082599247e-01
9.139183492803343301e-02
4.947878774055174816e-02
9.135681750745099361e-01
-1.508297371597434045e-01
3.076682783845271496e-01
-3.970224437790943472e-01
6.082440739309403765e-01
-2.718869733453526116e-01
-2.583337251148484781e-01
-3.376422261748807108e-01
8.230623850020489796e-01
-3.941966199887614875e-01
8.318465088483054659e-01
-3.910402370067092570e-01
-2.410656529321398844e-01
1.969850049527286096e-01
-3.449670457648088551e-01
9.173879493138538121e-01
9.208600419402880322e-01
8.762780758937865899e-01
6.454820594411050938e-02
7.733699257540886940e-01
1.181282724427587250e-01
-3.633437149279389322e-01
2.503607450897062381e-01
-3.400664346111600955e-01
-1.359770019519769835e-01
9.234801471061009348e-01
2.107680468345113356e-03
1.054371830955497108e-01
-9.389583616101424002e-02
7.212930862307627422e-02
-4.358279057907533671e-01
-1.788416311119553070e-01
8.430820651556558687e-01
1.270143447511550006e-02
7.535202850585932532e-01
2.700539789671744378e-02
9.215138441506540712e-01
-9.203384458094943099e-02
9.322575111783083790e-02
-3.010747341840210867e-01
-3.872721014565012054e-01
-5.471275151653526986e-02
7.546328822167509554e-01
-3.731230391275952574e-01
-1.329970156289874694e-01
-3.566400314565179586e-01
-7.700565913501303261e-02
6.572417376929838573e-03
8.978138584722509252e-01
-3.117326292045706770e-01
1.737479683608071923e-01
-4.281099480420772485e-01
6.574246581611086215e-01
9.120567987684350397e-01
-4.556792574078161739e-01
4.088664723284148733e-02
7.801836369953601968e-01
8.134053615821860150e-01
3.083818714301673203e-01
9.277430216818848274e-01
-1.540812028805250422e-01
7.463416708407808464e-01
-1.873350635361729910e-01
-1.932894688592844690e-01
9.391898705935016745e-01
-4.051849386095320305e-01
8.925022897570160652e-01
-1.413200902647718527e-01
8.859129395098022108e-01
1.940322593890301053e-02
1.000740814737347273e-01
-4.187686333337226063e-01
-3.180311165979624599e-01
1.652379560579139428e-01
-6.826768838160372777e-02
6.945220613257664377e-01
9.281185533920229824e-01
-3.464738348903449033e-02
-3.356068079290605022e-01
8.448719871943911885e-02
-4.623716070864299366e-01
6.161216295683356881e-03
-5.032537495534661343e-01
9.192205000774242851e-01
-3.735995263039215142e-01
9.214157971454758345e-01
-2.641286652601273488e-01
2.336204965256883093e-01
-4.215245089557969616e-01
2.135065421407762454e-01
9.116542622317340694e-01
9.249991108755069025e-01
8.215286516623347968e-01
-1.601597660549278213e-04
-1.548688400897787337e-02
3.783901340066222474e-01
