-5.125524684666294961e-01
3.330377453874797805e-02
8.361067524640459769e-01
-2.972035267168854911e-01
-3.318630953153494656e-01
-2.605861371097878409e-01
-2.238940892444969410e-01
7.777388539665489597e-01
7.495937260018172843e-01
-3.017220946495922096e-01
8.896396791050573682e-01
1.648743084253679048e-01
-2.199051817483740900e-01
-6.363768954612972206e-02
-9.079071138490224513e-02
9.142441913058797498e-01
-5.678402716237337944e-02
1.887943680997425933e-01
2.124219599958956234e-02
9.011226905933330533e-01
7.093576712791920258e-01
8.215408223280743494e-01
8.841485254276557626e-01
-3.749847358395053676e-01
-4.066293866517357164e-02
-3.565755761334360452e-01
-3.856689480307188278e-01
7.296805896494599208e-01
3.819160644199395827e-02
-6.939161366313752188e-02
8.515994634509650441e-01
6.620417038272498056e-01
-3.427067992739452063e-03
8.758525299120406560e-01
-2.539613777604668443e-01
7.488627487498793478e-01
4.614707996895908021e-02
7.607108305485528188e-01
7.533414629987233990e-01
9.056734312061515135e-01
9.081333804040349067e-01
9.056143563843805921e-01
-1.995672797740430660e-01
-2.157370405017731141e-01
8.913038974206047849e-01
9.267977870209963553e-01
-2.891318651523411276e-01
7.754097415056119269e-01
-1.984264853359999359e-01
3.855592836501129939e-01
8.864095619228351541e-01
7.130789368836529807e-01
7.172207296471799776e-01
7.959157171529169794e-01
3.252456307307539096e-01
5.140905897354176857e-02
6.961161411967478618e-02
1.413332215396992039e-02
7.129885628075889326e-01
6.359220842327699685e-01
6.007501846230169917e-01
7.313794414613278283e-01
-3.276264089378648769e-01
-3.618562201625559749e-01
2.521229270381366086e-02
-4.156322133778486139e-01
-2.460430565685650661e-01
-8.712893190166241808e-02
-9.481535506631891957e-03
8.963640912421403373e-01
7.045643708599035326e-01
9.283834954285903329e-01
-3.040283640111746122e-01
9.163774015824492913e-01
-1.307604700069768255e-01
-4.180736824232715865e-01
4.041152508657116366e-02
-2.397021276756181596e-01
6.111385415722911940e-01
7.020926974168088808e-02
9.152226811584854849e-01
3.528897506315629984e-02
-3.876134436178055864e-01
7.941801894663339523e-01
7.915099652416149878e-01
-5.222251074275159333e-01
-1.854083900123873474e-02
8.536447148814113595e-01
7.837734768147210929e-01
-3.497453912369448692e-01
8.224913488384426596e-01
9.168766036137836473e-01
8.304016421977461482e-01
9.273216016487575430e-01
9.170374548896933486e-01
-4.402118986221298935e-01
8.932445247432941882e-01
8.434267829399478833e-01
-5.539176782885129463e-02
-3.247849856989619699e-01
-3.753269974265727171e-01
-1.473700434924537506e-01
8.033284297884135672e-01
-3.714718762627078341e-01
9.101119050739717165e-02
-2.946176680926742009e-01
7.988126404890129040e-01
1.071082266164339325e-01
7.536095565890047476e-01
8.018873979028051657e-01
-3.293553827015789359e-01
7.614288483993428835e-01
-3.015625500917384350e-01
7.768365938531240911e-01
8.765212131886566116e-01
-3.246138538179242916e-01
8.529883768248123221e-01
-3.378265982261721145e-01
7.691380220643815324e-01
-3.266463571574988733e-02
-3.815013037585377464e-01
6.382737900519896979e-01
7.925511366806874403e-01
8.681696191840805321e-01
1.927602284224435580e-01
4.279613011614479268e-01
7.301212553190421506e-01
8.377258246867751446e-01
-4.144262814635675807e-01
-3.244264185015620083e-01
7.186883153334145957e-01
7.833576756309834632e-01
1.177211501847050257e-01
9.357075865704878037e-01
-2.840876744111882068e-01
-3.112627731463307734e-01
7.183105007810688392e-01
8.694488074027211244e-01
3.246069086363485567e-01
-3.656814646252606327e-01
8.414607334141851469e-01
-3.871210001827465885e-01
6.613898242651036208e-01
3.153355025421462621e-01
-2.599106233706189317e-01
7.848657466563812024e-01
8.994629416101513897e-01
9.091135176198540391e-01
-1.454738051722517245e-01
7.755742915921595149e-01
-1.830465702453044630e-01
9.174118831170108290e-01
9.047376641687139287e-01
7.017876837830177017e-01
-2.267109098427386171e-01
-3.721786094668003697e-01
-3.901226785513904893e-01
9.207220703473317780e-01
1.658308328797068465e-01
9.258834906791587605e-01
2.897530970120896221e-01
7.985174939665705685e-01
9.076866941610590711e-01
8.934198962014289203e-01
9.209594390860726953e-01
9.263400622229704950e-01
-2.843726660963723507e-01
8.655884441436244581e-01
-3.389210393365569840e-01
8.621621772785483806e-01
-3.077160289407638305e-01
-1.000678820456851470e-01
8.916684361490411215e-01
1.900336193445415212e-01
7.437996287405361784e-01
8.668553811091667116e-01
-1.079921444511798001e-01
7.743143687967125599e-01
-2.175372328570922553e-01
7.825495908321350447e-01
7.520374166251804215e-01
-2.434357842248819348e-01
7.990360606474907756e-01
3.510205242410113086e-02
8.662137437568560028e-01
-3.104729700422351885e-02
8.666791899842753999e-01
9.420297256502592198e-01
-1.964474445538009484e-01
3.691154090359381468e-01
-4.958156348841470940e-01
8.892816851751589313e-01
7.858722041146078974e-01
-1.620487469273227954e-01
6.065994889295239778e-02
6.558486903253800404e-02
7.979683542393354312e-01
7.802475425206442106e-01
7.851679297297595728e-01
7.750798644688703387e-01
9.260279973791490926e-01
7.259077272264459202e-01
9.109086486001995997e-01
8.509256215842897486e-01
-4.025732863710120846e-01
1.338144165779895853e-02
2.260323376134498741e-01
-2.041091360607498462e-02
9.136159702555332052e-01
8.059575535434391202e-01
1.687095580426543895e-01
1.274906648531536069e-02
8.556505151580044710e-02
7.072325354958777233e-01
8.664469880020965187e-01
-3.502937219432766813e-01
-3.169601050300862588e-01
9.268222646090703565e-01
7.220465406484080084e-01
-7.893229061163055393e-02
4.433794850015659178e-02
9.112013497987764277e-01
1.589446411388869412e-02
7.145094657421046103e-01
7.717605073064430776e-01
1.497580146596554918e-01
1.219734003958287960e-01
8.790035287709623280e-01
9.010952255410861200e-01
7.296753671998090773e-01
8.111968924180023022e-01
8.069278508605418621e-01
-1.943944798050211697e-01
9.163987189550615309e-01
9.239754519494062235e-01
6.974300145062051204e-01
-3.258453985639535033e-01
8.384224992914122154e-01
2.456372009872948847e-01
2.034153586006482994e-01
9.013106042856388056e-01
-2.461768711599987558e-01
-2.785604443317867274e-01
7.517757037188455005e-01
-2.868905342651411616e-01
-1.707916030302437937e-03
5.366225807479405030e-03
-1.628505103377066443e-01
3.411290076680030259e-01
-3.555065667179881372e-01
-8.530861915371479309e-02
-3.060218262222410557e-01
-4.060809355705881085e-01
8.947819474688305519e-01
8.988439624203581335e-01
-1.907201604490602886e-01
7.125353008365078455e-01
-1.738008216940918338e-01
-2.735515968739141157e-01
-3.391416798710689129e-01
-2.234655247139024914e-01
-3.420812289710208343e-01
9.134499568566881722e-01
3.326928859968288354e-01
-2.684418375243532440e-01
-5.752935199261691168e-04
9.122474391947887895e-01
1.192333105162425716e-01
7.200731810131649757e-01
9.378488198011291077e-01
-2.556833647922126529e-01
8.044548694009718837e-01
-3.881755919883791428e-01
5.395444135571487304e-03
-1.084630717762102292e-01
1.367606824927183329e-01
7.819966291805392489e-01
-2.626057241296710920e-01
7.615036112942004110e-01
7.404707047625028737e-01
9.233172546594169416e-01
9.172568987905184157e-01
9.094366084688568774e-01
1.623930439554404082e-01
9.135247136527241407e-01
9.215506998354373591e-01
8.092603992103614141e-01
-3.483550833775872491e-01
7.968024160240100295e-01
