8.242367771279682787e-01
-6.386026999698828088e-02
7.614059086997436721e-01
-3.320356061052737173e-01
6.460405521722315525e-01
-2.050572074920507526e-01
8.928645055127623076e-01
-2.093522914906523480e-01
7.741836191778599385e-01
9.405205315935606381e-01
8.879797378767314564e-01
1.840536869887610463e-02
9.163849341035857909e-01
2.127871483946978948e-02
7.641529249530781831e-01
-3.450578009481998776e-01
-4.173801723355256010e-01
8.411820206249038812e-01
-3.135345447758386972e-01
-2.416253014764473406e-01
-3.491245402176339496e-01
-1.936790381530723582e-01
6.114622659648747405e-01
-4.566010880721095289e-01
7.745470613102325430e-01
-3.138572890063170417e-01
9.046717477125560958e-01
9.156995601880201230e-01
8.093317030950351043e-01
-2.976071834018798601e-01
9.112494734230484061e-01
8.256454346813587586e-01
9.306236444795001894e-01
3.436528457257123637e-02
-4.140396280574492049e-01
-1.214945781183888740e-01
3.428368969174575565e-01
-2.919185439309592844e-01
6.819352576825481460e-01
-3.111413430532323221e-01
-7.495924562422595638e-03
9.126382716610373924e-01
1.017040265917772690e-01
-3.670467707730694085e-01
-4.216392620515636014e-01
3.678732600173187373e-01
7.899790629672778230e-01
8.073702756102341116e-01
8.924456767689472603e-01
-3.401238299055059922e-01
-5.139550501837498314e-02
2.648509203664387024e-01
9.102154480565514127e-01
7.676222388867675051e-01
8.596472011716154160e-01
-2.223310346767359003e-01
-2.104738870511883575e-01
4.772576178212076803e-01
8.459312613658852564e-01
3.581240101886694616e-01
-4.620408235346030318e-02
7.520068664232764100e-01
8.207994573587781284e-01
-1.553458052322176652e-01
8.746323817255248212e-01
9.171104803162024588e-01
-4.771574718277122873e-01
8.467116849163544012e-01
8.672108466886040423e-01
-3.409582834918907790e-01
9.024947930018391018e-01
5.762560410444668157e-01
1.650946695748870541e-01
6.080402651612870635e-01
-3.378064448198437320e-01
9.137348129789405471e-01
7.973735716491240355e-01
9.168766267399895975e-01
-8.999668484907484556e-04
-1.351877196566165229e-01
1.228476786709591095e-01
1.668151336360884640e-01
-1.701975332958730047e-01
7.671716079685794165e-01
7.836262401963143276e-01
7.995726890659017316e-01
7.833291629532699307e-01
7.467347773647565745e-01
8.414955862415289811e-01
8.897166199919953611e-01
-2.286549109840387006e-01
2.828558450820963799e-01
-3.901228877933258787e-01
-3.385597192995888904e-01
-1.553888343555665519e-01
9.178011323488429740e-01
-3.227366086776758958e-01
1.998675386315239000e-01
-2.783414254703181490e-01
3.598432973039820681e-01
7.622279149194699510e-01
7.259997064892760310e-01
9.320619518144525051e-01
7.311390241073582041e-01
9.115199915919506291e-01
1.000233091772231159e-01
8.792922512632045384e-01
7.707846772315094519e-01
7.825996105031869376e-01
1.702754784444768799e-01
-3.475164502751621476e-01
7.336378672005282597e-01
-2.964535375425102481e-01
8.209743280584684832e-01
-2.999472186088221193e-01
8.492893585535317147e-01
9.519717828295014561e-01
9.169836289209849500e-01
-1.158470880371472028e-01
-2.557971412118873467e-01
-2.713437774765816712e-01
-2.153281668774272573e-01
-3.131420375731552297e-01
3.415233149953523228e-01
8.775708827818554658e-01
-8.756771610208588519e-02
-4.506420452638668639e-01
-3.439102783705955124e-01
1.733418178757942241e-02
7.853415633765514769e-01
-3.652830076260404901e-02
7.326659845661110948e-01
8.916676423603134838e-01
-3.159001346713392611e-01
1.195517239271123161e-01
-3.548037763563126612e-01
9.459414142639986922e-01
8.244473750905235709e-01
1.049873879199241800e-01
1.998184357438239356e-01
7.811006177023653851e-01
7.369176333210391006e-01
-3.412125558585276108e-01
3.454888900255884132e-01
5.519527124133835061e-01
-2.679262964321986185e-01
3.306119726663436231e-01
9.242320618132144894e-01
4.779053511390692066e-03
9.516381369963468062e-01
-2.390884184077300412e-01
5.098051376101891963e-04
7.802286820106754117e-01
-3.892875238861736031e-01
9.292145665907901586e-01
9.328495075662882607e-01
-3.344343912077556991e-01
1.879301113865282369e-02
8.969734924252348307e-01
7.560011338387118141e-01
-3.197262884211223288e-01
9.121216746998144220e-01
5.751387423735453142e-03
-5.053842227652710628e-02
8.599499808869798256e-01
8.815580173608911219e-01
9.056195295468694173e-01
-1.322821059685548861e-01
-4.701362563973594533e-01
8.799839800678459500e-01
7.133144569523762746e-01
8.526918853791668473e-01
8.275293062353562823e-02
-4.846370645008736544e-02
-3.400549721074941911e-01
2.624132618088353408e-01
9.179025706657352179e-01
8.220632582683856660e-01
7.630289322904358906e-01
-4.808741183941036001e-01
8.965885479713244788e-01
-3.179354266949071528e-01
-3.241311595023320113e-01
-3.118680118672383372e-01
5.962797661611406452e-01
-4.770921728960517139e-02
9.007870829650536093e-01
-3.888007301180731456e-01
8.091091642709957732e-01
7.921679113197207522e-01
-3.252544874995385582e-01
6.737725280219530877e-02
9.147142271877154451e-01
1.304406101045599287e-01
9.087236067084065727e-01
7.488760916752557062e-01
6.331229265185966959e-01
5.499564496232122596e-02
6.798630765849865698e-01
8.016539844855367081e-01
8.948209652457748131e-01
1.836121584346593616e-02
-4.770814117081885186e-01
-8.544334669288182471e-02
9.131335813537468926e-01
3.519102236335838046e-02
-4.497731251383576545e-01
2.024663297848414978e-01
9.342477743949932911e-01
-1.839856188125206793e-01
9.063821799447339123e-01
8.913969468367048676e-02
8.852212440355073930e-01
-4.712888458096562982e-01
9.112766691053311163e-01
-3.752268611482509342e-01
8.303363332048028234e-01
8.954712892434638638e-01
7.925040424603342348e-01
-2.584422022275008057e-01
9.584302225599822256e-01
7.301916185546754035e-01
2.508675354062125246e-02
-3.451525966118743627e-01
7.243706819865657343e-01
8.510284376070137435e-01
9.282650076105644077e-01
7.105774879381435705e-01
1.576607297601440583e-01
6.654281983147090074e-01
7.714392590753280654e-01
9.000819697581491363e-01
-3.078786586380147239e-01
7.611258560742072410e-01
-1.705655081394716333e-02
-1.134088515561115368e-01
1.980523625775301028e-02
6.868870130640074567e-01
-8.671060801116590999e-03
2.980442214229265807e-01
4.349927466585509772e-02
4.318605177623778546e-02
-3.315611208757469064e-01
-5.027196336942355570e-01
2.469754853489641300e-01
-2.853571142373096392e-01
3.663975689108188438e-02
7.910091293281957814e-01
-2.592342596265215932e-02
1.679790047569069689e-01
7.778883813934451830e-01
-2.847561065018570092e-01
-1.762561000054034266e-01
9.016930428426468414e-01
7.701370897837920282e-01
-2.427913486297574863e-01
8.016795932236270295e-01
7.995337268250915508e-02
8.397092195999855679e-01
-1.146128473351636923e-01
-3.546491547304946312e-01
1.715275471529704998e-01
2.017310745583972553e-01
1.839589228758110873e-01
-2.794738013762983475e-01
-3.948508714421425925e-01
8.171290651335246791e-01
8.007898714957840669e-01
-3.583767034578335675e-01
2.148419142070633059e-01
3.043202875764896426e-02
8.732187576764007808e-01
2.945213241219301128e-02
7.936556843003794715e-01
-3.831337718082258870e-02
-3.220740020788703251e-01
6.973540737323116190e-01
7.812151052282004238e-02
9.016424074030315872e-01
-3.266701560863934928e-01
6.458980183442236678e-02
6.204785364279915422e-02
9.159236063386153592e-01
7.645583251654343160e-01
9.539362402259210505e-02
-4.803731076189409199e-01
