4.071482175501810186e-02
-2.002810740069717599e-01
-4.680417100400751651e-01
7.572677133490536283e-01
8.985821385987055043e-01
8.784997307822419721e-01
-3.892960622156659833e-01
7.861309231908223394e-01
7.867836034774160492e-01
9.375959544654165478e-01
-2.313773086620493358e-01
8.840031068978828621e-01
-8.612643766187491612e-03
9.095705462042337208e-01
-3.290374058944697255e-01
-1.660549011919741913e-01
-2.510703114220605991e-01
-6.308326014466864029e-02
1.653686744774146289e-01
-3.279451097033972973e-01
9.147198551986863713e-01
-2.417342918458652568e-01
6.502044231832161403e-01
-1.714417289753276952e-01
7.492573515981991727e-01
7.768403836953430286e-01
-3.851927980067469948e-01
9.153485589150376356e-01
9.066605636051860984e-01
8.375670792753784344e-01
8.919493182862641145e-01
-2.494024432022917681e-01
-3.749999475590252151e-01
7.673847376576006241e-01
-1.104582861428783508e-01
9.267252745543145265e-01
8.822096881059308116e-01
-2.598841779627057424e-01
-3.167417719360600681e-01
7.807669364046039284e-01
-3.975927859306928325e-02
7.764804971399051903e-01
-1.651881855152053380e-01
-3.024811753835949801e-01
-4.389392382434607609e-01
9.154853058600074256e-01
-3.072432717974302729e-01
7.610037932274517081e-01
9.108941648158025428e-01
-1.861509506267531588e-01
6.952870056378858410e-02
-3.525985074791391227e-01
-2.522362708495792250e-01
-2.997671346586849861e-01
8.979402298006364802e-01
1.815396492382509996e-01
7.499977760018313733e-01
-2.552703084038099313e-01
8.426047253657695801e-01
-1.058431018528571965e-01
-9.175099440759093561e-02
7.904001934159314846e-01
-4.419289226445278773e-01
1.112273750103242032e-01
-7.357843673876812707e-02
-4.050693991098200941e-01
5.934812565992799577e-02
7.763199067173336410e-01
-4.870151905358822281e-02
6.631516197805478741e-02
-1.179266773895909642e-01
1.680902760406172494e-02
-3.242109952310121002e-01
7.845982955608127307e-01
-2.828523584804928936e-01
-2.819534276084581514e-01
1.299302815169764702e-01
2.655145839352024764e-02
-1.006460757576683185e-01
3.090351631509552499e-01
1.645515785573309631e-01
9.022480134363755067e-01
8.050669737285423011e-01
9.209377456140857010e-01
-2.345075385436627968e-01
7.813183962033131147e-01
8.718817623695112040e-01
7.503745346546407680e-01
-3.005731884780208363e-01
-4.687856460393956537e-01
7.589703823684562645e-01
7.655613078949410344e-01
8.946189266847162092e-01
9.007565821813844353e-01
-1.928854382595714817e-02
7.974884232548431484e-01
8.137431861696333701e-01
9.520416751852958104e-01
-5.520792945170188010e-02
1.507305224141154698e-01
-4.440401008292952922e-01
7.589712144430532659e-01
1.093419765919647901e-01
1.989935023298612382e-01
9.090234404612098640e-01
8.089901978443394537e-01
-2.093990384582281317e-01
-2.886329148960113944e-01
-4.303174449929957346e-01
7.699918032832707704e-01
-4.760171849307366365e-01
8.040272049902140727e-01
-5.265893738769585886e-01
8.466693556539565124e-01
-3.814657700779646166e-01
7.230476011735583741e-01
-2.742400743548687458e-01
8.911752120302011138e-01
9.260628601228708678e-01
1.147515549036940419e-01
-5.968787980371635660e-02
-2.510687498565865594e-01
-4.078874519034970114e-01
-3.291882310758066921e-01
6.300957806463074462e-01
-3.491632355131554233e-01
7.414352367923038312e-03
-4.104501551717641417e-01
6.998069628585193436e-03
8.005716943176532929e-01
3.137660445319306324e-01
9.085150781378892315e-01
-3.354043746677344284e-01
-3.036897287540765156e-01
8.117676528693358318e-01
-3.640590610552789097e-01
-3.677164392634732493e-01
-2.798801346896028219e-01
9.461251747744215956e-01
-3.504260817223203150e-01
8.234100695475276011e-01
-2.974457493343392045e-01
-2.449293547419529871e-01
7.334478151151714309e-01
8.990016834219012321e-01
-7.670015480677255804e-02
9.017539209832073910e-01
-4.040176967966069288e-01
-3.254383254674214632e-01
-2.156557125362147109e-01
2.000627854145822226e-01
9.009378947831107043e-01
-1.925764668658616063e-01
9.229852926907824440e-01
-4.457079389364324573e-01
-3.965746047002352559e-01
7.593597416843397285e-01
-2.054933524207842865e-01
8.962392075755373222e-01
7.801552919396913532e-01
7.588286191283784010e-01
-4.060126340848048132e-01
4.931678315674299651e-02
-2.535845488086523325e-01
-4.172594933113497051e-01
-2.479387490486621437e-01
-3.663885186959041640e-01
-3.137585268710123276e-02
8.945227855746135104e-01
9.932248077365746219e-02
-2.600498953416170433e-01
-1.505534275337137018e-01
-2.184307061227979685e-01
-3.417896908759102681e-01
-2.998987658341162876e-01
-2.191915986272302552e-02
-4.110922783262940250e-01
9.004915811788963831e-01
7.483522952234232806e-01
-2.277410144829830896e-01
9.009925880869837922e-01
8.901501673166715145e-01
8.865007390027417333e-01
-2.163442041550754646e-01
6.842759993518082728e-01
7.898895416602831343e-01
-2.892632119860780171e-01
-2.787700152595339320e-01
-2.815418850165165021e-01
2.223832363743148688e-01
7.972233179520640256e-01
-2.891303321863474829e-01
8.186221425070339119e-01
8.370211636463632532e-01
8.826041996476858831e-01
8.904419452396613588e-01
9.242285062785681182e-01
-2.024435448684774874e-01
7.937542548610460047e-01
-5.000859631639678615e-02
-4.735472766526357402e-01
8.887778454789834193e-01
8.933218181470758967e-01
2.886304900145152397e-01
-1.221145614133708618e-01
8.177093565801138997e-01
3.325807143680494238e-01
7.827777548031586985e-01
-3.037761740010694878e-01
7.559430758586580534e-01
7.406632888109239143e-01
9.121882264521942174e-01
7.768555779527223093e-01
7.567832211700549205e-01
9.035458893715898609e-01
9.212109862150129613e-01
-3.589908537685908008e-01
7.872741443885741264e-01
-3.405568378054035228e-01
9.153825460378639534e-01
-3.939324996847466676e-02
7.695726041495336567e-01
-1.320870633300859631e-01
8.162854440477483875e-01
-9.661222146172282477e-02
1.405454269868007255e-01
-3.454528083364201141e-01
9.004003264691269326e-01
8.669641353201247291e-01
7.792031123817452221e-01
7.649801654036778586e-01
7.808483906020839971e-01
9.324943585578896466e-01
8.677628503878898059e-01
-3.922581511811800703e-01
2.432315598538935947e-02
-3.447870222229092452e-01
-3.855558188214207038e-01
-2.350309920737323199e-01
-2.152646316955320049e-02
7.237148055428426208e-01
8.850543642891701701e-01
7.885273539523698361e-01
-3.154487999065545556e-01
-3.416584430561190877e-01
7.825730483533205328e-01
8.115015973787860215e-01
2.608808233049468295e-01
7.490859100610015586e-01
-3.474506764732651631e-01
7.912783799625235925e-01
-7.690567887108971934e-02
1.554975554750098743e-02
-3.457826791876942862e-01
9.067278896651377318e-01
8.995756506128995689e-01
9.128780833960820074e-01
9.854567638194461354e-02
7.505768964125512088e-01
-2.379538114742111576e-01
9.353056517318367735e-01
1.623578451865206329e-01
-2.808797039853893479e-02
-2.746402677924517088e-01
3.991213237435102257e-01
8.885889639937486484e-01
7.783066921160255447e-01
-5.181534779006780056e-01
7.998877918826610145e-01
3.687381959190678266e-02
-1.213170070033471742e-01
-3.158481231105327303e-01
9.309323111778794457e-01
1.618985483940892645e-01
-3.369815002785452873e-01
-3.043874586126846249e-01
9.086326657240179072e-01
-2.543106773457232683e-01
-3.333262190062155628e-01
-2.925382444564061379e-01
1.518508354469933624e-02
8.953865762837879272e-01
-2.522159418137783216e-01
-2.744604947614347479e-01
6.507940065771997129e-02
2.992898266568480015e-01
-1.472817178114818049e-01
9.369740955669646487e-01
-4.452850601075090120e-01
9.121616133199553778e-01
