-3.048526292220884448e-01
9.115058057198464070e-01
-7.405976257025354004e-03
8.891861024512752731e-01
4.920628253177363604e-02
8.090420504339649321e-01
9.335434747063510175e-01
9.205078735182159466e-02
6.633014832696640939e-01
7.836457502642848461e-01
4.384280635486856870e-01
8.004670153160775570e-01
-2.930637955837431252e-01
8.272168450673130780e-01
9.076402148334355990e-01
7.470245514885945903e-01
-3.114609684977899251e-01
-4.153108258790286222e-01
9.208059905544008217e-01
8.843837363744072588e-01
9.048943460763901880e-01
-4.182886374259858764e-01
8.942735319453958276e-01
-2.896751133109917165e-01
-3.583244637221445761e-02
9.168681845005675068e-01
-1.420144926950651643e-01
-1.615134445606000169e-01
8.881232279235447002e-01
8.899397207953141375e-01
1.180122950831312689e-01
-1.892543095848621404e-01
7.199004579148238214e-01
-2.741999342383830696e-01
9.238294166749008163e-01
1.200899215699065686e-01
-3.173222771548822041e-01
-1.238023984814338174e-01
-3.866565127216502473e-01
8.296763653292459351e-01
2.529603773076286727e-02
5.435530263804383422e-02
-3.585485887928339666e-01
1.436260848688254987e-01
9.240736516676146817e-01
1.879322267108353706e-01
8.848187036182479925e-01
7.964974113570784109e-01
-3.018425296590483420e-01
2.198193410169730910e-01
9.127446760094866107e-01
9.057468011319261825e-01
7.320189832062730106e-01
-6.586129438311143225e-02
1.485634462618241891e-01
1.059725957543743990e-01
-2.848199063905376138e-01
1.120696707182117502e-01
-2.425815003468070330e-01
8.247186755899404975e-01
-1.578917673057261828e-01
-2.996091027036519305e-01
-4.233644776363777035e-02
3.781517098397066956e-01
9.118857015014222300e-01
2.254622062477353306e-01
9.010692308090750835e-01
6.330979263109789423e-01
-2.604197980689995084e-01
7.889728846038904786e-01
8.864066628035818241e-01
-2.690467998751525092e-02
7.939324747445333230e-01
7.541105321112524518e-01
-2.951643303719540534e-01
8.971946871437359583e-01
-1.679565437830451702e-01
8.976750355858567065e-01
7.790991316002515710e-01
8.830264076728773226e-01
7.308065965848442591e-01
3.290134968797625570e-01
-8.725155266191457482e-02
9.190197569899691832e-01
9.181560276155009692e-01
-2.958582818098605405e-02
-3.192659353999538485e-01
7.842598676835870197e-01
-2.649666155048598926e-01
9.306558001174743966e-01
9.081504370828462624e-01
4.651945475274074648e-03
-3.677135867538575686e-01
6.102627673107449691e-02
1.333623409176747654e-01
-4.399814473273345738e-01
-3.117079570810855071e-01
-3.383319745571922721e-01
7.455694741466998288e-01
8.919557061194096637e-01
6.585174978442132065e-02
8.100028472895276499e-02
8.219830905702200097e-01
6.306943083195117872e-01
-3.148105277962917059e-01
-3.758694432053494294e-01
9.065286109219661270e-01
-3.217994448274367758e-01
-4.036354516528166680e-01
8.342318713965786170e-01
-1.535805443115070834e-01
-2.936393015894015468e-01
-5.093949698946709237e-01
-1.758190489232837050e-01
9.538767504537665198e-01
9.107264504773088243e-01
5.579870671514086319e-03
-3.427687286701323055e-01
5.297296107410850302e-02
7.952196747406919952e-01
8.776096583389857431e-01
8.749017472694463615e-01
-4.797398794383545551e-01
7.356612586441108048e-01
7.784222694204377957e-01
9.152109399942305323e-01
5.733891798132662032e-01
1.117303544066280130e-01
-4.293715142381169247e-01
7.310147253685257696e-02
-3.303814187959860371e-01
-2.943211205542757281e-01
7.396665323592916952e-01
9.014015649350778370e-01
2.568852047670797459e-02
9.309656875229403994e-01
1.800815501072819680e-01
9.282154889838492018e-01
9.256306727889075381e-01
9.128570991218716291e-01
7.864844658171064040e-01
-1.622587647452684162e-02
-3.460586902090871941e-01
9.291063265886858602e-01
-2.126913471394409338e-01
-2.526743192997523146e-01
-3.017006129856216745e-01
9.312598799703261654e-02
-2.313402989565768175e-01
8.938271276862915782e-01
-1.807480392605805841e-01
-2.023717531574544815e-01
-3.028965300664562266e-01
8.887374313308324947e-01
-3.278789009801446608e-01
9.187835513983990676e-01
7.854768204534845477e-01
8.821750574353943719e-01
9.205888734049106903e-01
2.920985932794361029e-01
7.841512130624389565e-01
-1.093039623101016711e-01
8.066793665332794294e-01
1.102348694796400908e-01
8.865358728896248763e-01
-3.590253158398630795e-01
-2.387704500782057704e-01
3.263484366986974528e-01
-7.466102107560046441e-04
-1.968474641282825371e-02
8.902372646697233050e-01
8.978958369384285598e-01
7.384861107806131586e-02
-2.685138626628096881e-01
-2.745452483705919100e-01
8.973501907343798267e-01
8.874781523996665422e-01
2.888183154467247743e-02
3.306614228830844215e-01
7.226333677194780591e-01
3.990045603211657133e-01
1.087330051097946115e-01
9.483932397775749479e-01
8.722370832774323235e-01
8.478770328455829119e-01
9.044809640442640353e-01
7.899412342402892806e-01
9.398544391910855778e-01
-4.138541177165100948e-01
8.850612287268224687e-01
9.239883924942651205e-01
-4.024916784345365373e-01
9.157528134403267739e-01
9.072554714995801906e-01
9.309611127519509255e-01
1.961947972217367997e-01
1.526237426795647167e-03
8.818205584804439390e-01
1.715146488702339322e-01
8.996347404248064006e-01
7.792618229274506092e-01
8.235970560300334142e-01
9.159609733561022704e-01
7.895536883936888906e-01
8.011675992413661573e-01
9.504866358383535774e-01
-3.839970758173393284e-01
2.606901087349343671e-01
9.132687461257260608e-01
8.678579860607342766e-01
-3.480660270253315702e-01
9.350109292555941476e-01
9.001128234387691940e-01
8.701519728351273519e-01
-3.018863367336750980e-01
-4.865086692291717974e-01
7.295832820599471580e-01
-4.121967306513549256e-01
8.052714696881153600e-01
-3.673869786608729426e-01
9.007534858998426097e-01
8.692067811261280363e-01
-1.876319044466840946e-01
8.380729595572646851e-01
3.002175093455848320e-01
-3.049452075279712182e-01
-3.649071159041066825e-01
-3.155064408681297894e-01
9.892944174346657293e-02
-1.184733109009491608e-01
5.757536877090654315e-01
8.965700576850045289e-01
7.471271496326269412e-01
-2.128786823495051328e-01
7.706678579558480235e-01
-3.939741375072912666e-01
-2.419410882801307505e-01
-7.362670529670919950e-02
8.123959351765754899e-01
9.087200179650188892e-01
8.075000949242370218e-01
-3.660842212874095836e-01
7.830177507097056955e-01
8.830110099837533699e-01
-3.306955604917113378e-01
-3.601981682913849014e-01
3.360811190785108205e-02
1.885056725769234387e-01
7.628439243165129335e-01
-2.830046288355266837e-01
9.010403760858114453e-01
8.839195436344834400e-01
-9.484306366437086910e-03
1.280295024145011729e-01
2.492311912997691864e-02
9.396345654979112449e-01
7.359850561857942397e-01
8.714784885822268734e-02
-4.124564872121785353e-01
-2.448602680947765675e-01
-3.531772933866246800e-01
-2.743677018225257336e-01
1.332532301809178366e-01
-2.415832298949395496e-01
2.570557534162845603e-02
-3.157103147190810644e-01
9.030407848450745512e-01
7.875629475126273427e-01
-3.626637425043340857e-01
4.346553194469299775e-01
1.341339462056279769e-02
-2.747691566879548741e-01
7.644871928126059091e-01
-2.275839017426952160e-01
7.369427337494866004e-01
-1.761202631878935193e-02
-5.161843563589844086e-01
8.828482656706826415e-01
1.674970302050113047e-01
5.647810377851760766e-01
-2.585352540347451988e-01
1.286102284805749618e-01
8.478618466010606758e-01
8.816400886644828461e-01
-4.185727331364869075e-01
1.438333772334244795e-02
-2.324506960149639312e-01
-6.944490495948837938e-02
7.067558785492267237e-01
-3.672274327250910075e-02
7.912511451093238168e-01
1.369689182775052361e-01
-1.405588401367839357e-01
7.864003119896926242e-01
-4.441260092217247379e-01
6.318945664902250736e-03
9.178812557797876304e-01
1.496114774682467952e-02
9.090283074128662211e-01
