-2.704371244046828160e-01
8.810492309990017867e-01
9.209456040385163300e-01
2.153073438894848313e-01
9.615224629496432751e-04
9.373675081080383720e-01
-3.303970449980017099e-01
7.672321822454041262e-01
7.959050893501879997e-01
-3.062330112615118116e-01
9.114446159224703914e-01
-3.161592363664093019e-01
7.424865988237553394e-01
9.319242125858506059e-03
-2.702675454206373007e-01
-1.674240062729674683e-02
-2.568084740815663736e-01
5.249420824895421889e-02
-3.229224872047233852e-01
9.085026242665843466e-01
7.661660057655652611e-01
9.189797059581132910e-01
-3.647007750796699144e-01
-2.254665822876966985e-01
2.281934875969164958e-02
7.839612391925716572e-01
-9.041633362993531375e-03
8.973716705591155973e-01
-2.161941376209569055e-01
-1.766400620419446288e-01
2.413308379941837140e-02
-9.510103884208752356e-02
-3.748146969203626222e-01
-2.449567801830146996e-01
9.055691393503166875e-01
9.271009946829847359e-02
7.833440540000949914e-01
8.654571802038367734e-01
6.807417013248633353e-01
1.026989279211361628e-01
-4.448718086318187437e-01
-1.200736974958351022e-01
9.198568493670955526e-01
8.861454849551033686e-01
-1.569953908505166140e-01
-2.826318092979104857e-01
9.142534872726028050e-01
-2.116256040138058125e-01
3.080191724343686044e-01
8.877875154250690348e-02
-3.747457256774928136e-01
4.698215997017159140e-02
9.139135497699105715e-01
-3.223976178455892905e-01
-4.372073350692548543e-03
7.966161956904357910e-02
8.750618816698284563e-01
-3.811150599790077420e-01
-2.019454831528595118e-01
9.100576277325755914e-01
7.819917795246412728e-01
9.133644670784419883e-01
7.895603702999175466e-01
-3.580744993139785004e-01
9.185943118597622581e-01
-2.118105160457088576e-02
6.404643818223082485e-01
7.180023112971977151e-01
7.635169190806572193e-01
-3.016456288324146362e-01
3.722075771805676836e-01
9.179286305662076595e-01
8.018689109480964250e-01
8.973441164567473871e-01
8.971939205181839183e-01
9.126227686869874400e-01
8.705737373444204508e-01
-3.134431431463399198e-01
9.043260931043770601e-01
-2.874043559648855051e-01
9.057614045432883509e-01
7.300099310305065980e-01
-4.272584794684864407e-01
-4.139527478328894894e-01
-2.274720907460459074e-01
-6.201196012745131825e-02
1.313124117123275203e-03
-2.839591277102136990e-01
9.013803761248642132e-01
7.504166994305450089e-01
-2.890948071710877643e-01
8.653493652040054052e-01
-2.716056503829683555e-01
7.697612951928448632e-01
7.803665955486348560e-01
7.788295760545422830e-01
5.728145869293989334e-02
-2.459615488596897104e-01
9.000526633362420093e-01
7.990518902111654054e-01
8.646569878143324506e-02
1.212111701945444986e-01
9.099298306912425582e-01
8.035543718386072287e-01
-3.614664465374275992e-02
-2.939209547259301614e-01
8.964560470118243529e-01
9.329133010580349383e-01
-1.717534202220818984e-01
8.436962206406523057e-01
-3.047943733358610130e-02
-2.766927860061604849e-01
9.156060423193697062e-01
7.963669797569323805e-01
7.324049070580358478e-01
8.046905565062282273e-01
-2.655036227647286085e-01
3.617287972310655186e-02
9.169939154274133752e-01
7.076090889136555928e-01
1.106738755875932845e-01
7.954507492652744816e-01
9.309929107480738875e-01
-7.222218522999118706e-03
7.281938383400748949e-01
8.995012940635078724e-01
5.998502571808408956e-02
1.594104207419196062e-02
-2.678775302071889630e-03
-1.323067821487265983e-01
9.195696195669464945e-01
6.986975539834036630e-02
9.492309281244559749e-01
-2.917006968873921968e-01
9.156486912411029300e-01
-2.376364628558187975e-01
-3.836932704317170817e-01
9.033387493326869855e-01
9.625205974125357056e-01
7.278026180849134219e-03
-3.634635674767512370e-01
-4.054380384167231011e-01
8.957417729541872209e-01
-2.820299855354504448e-01
-2.399343373550699987e-01
8.009722915921911879e-01
1.230546283053355200e-01
-3.849364195633547814e-01
-2.754942483635184347e-01
9.398186457058004262e-01
-1.935943156109351526e-01
7.765222313688762146e-01
-2.981516197448723093e-01
8.911611296586448017e-01
-4.314117529407708873e-01
-2.670814737605654576e-01
7.653406844540647791e-01
6.561913678785824544e-01
9.149239840570192461e-01
4.190686432701432734e-02
9.389152928335471326e-01
1.238195754054243064e-01
8.921204135898281873e-01
-3.036323405504947615e-01
5.675822203088119744e-03
-2.777272415660085314e-01
-3.310881319402617096e-01
8.936379269882798182e-01
7.948965136736260151e-01
9.041078754180797983e-01
8.875483109454950226e-01
9.244768697264322821e-01
-1.624422499846482279e-02
3.016341887584001458e-01
6.037623889922508202e-02
9.047559740555484176e-01
-1.711185558089548531e-01
7.824920363378308208e-01
8.230028939651707898e-01
5.937631094413550401e-03
-4.074160558201974092e-01
9.092314225775898207e-01
9.213002198164166323e-01
1.514174041227986933e-01
7.893602276794021710e-01
7.562929117365109200e-01
8.916290842303339348e-01
-5.006485603698679343e-01
8.966314286862001603e-01
-3.419856345835792788e-01
-2.141318657536604164e-01
-3.963299388653267474e-01
1.344702246986985150e-01
-3.744818112581723146e-01
7.427974957897723329e-03
-3.652497341005030429e-01
9.105892947257638870e-01
9.289620336904228504e-01
-2.716667028564299091e-01
8.140604676183114119e-01
3.084787413799068220e-02
8.898069771029720743e-01
-2.377442948678910040e-01
-4.173799951184048451e-01
9.351862764958535079e-01
7.613752527302095618e-01
-3.185930574200465104e-01
9.520369823715138513e-02
-2.837996858531690036e-01
7.888248908921799973e-01
-2.947055728605406655e-01
9.098928585798460311e-01
8.472945342900786159e-01
-7.045831251209130897e-02
1.971844455609306490e-01
8.596748406333859505e-01
9.027912133493483093e-01
-2.837644593158153983e-01
8.831923624235687997e-01
1.564132340727636405e-01
-3.514879532911561327e-02
7.443513541823673085e-01
9.362084512166686523e-02
-1.182066693781883004e-01
-4.814443892320793145e-02
9.342657713504685102e-01
-3.613896321640825415e-01
-3.363681759448541309e-01
-3.721587123669870545e-01
-2.622179894422976276e-01
8.030533893881469654e-01
8.003596622370438007e-01
-4.352196271176341780e-01
1.291066100991632715e-01
8.278142951765617985e-01
8.210756340307453494e-01
-2.644274788592023695e-01
-5.341685756347514663e-03
1.818890062301832256e-01
7.530582510512796590e-01
7.573820390849629325e-01
-3.706414564863843575e-01
8.949441017123315190e-01
7.557817877907115900e-01
-4.640782974853704945e-01
1.401981227280437933e-02
7.545526010504656211e-01
9.076649544425498262e-02
-7.209977743403535311e-02
9.099309938989508240e-01
7.305502776786416685e-01
9.400067777914086209e-01
1.051113488808190152e-02
9.030183248813921093e-01
3.299250951139471311e-01
9.110198518594874173e-01
2.275928482508912665e-01
7.871746324718980059e-01
9.205453087260382361e-01
-1.418661342299766814e-01
7.669145040993756712e-01
-9.793937454139983734e-02
-1.276383986658972958e-01
8.965633243399129260e-01
-8.207784521566736935e-02
8.652366748596614920e-01
7.936944729789120467e-01
8.039729639286854468e-01
1.472568473940419342e-01
6.079125137460607980e-02
-2.646420225860129372e-01
-2.590352737614826095e-01
8.125825126391554853e-01
8.983299610295263360e-01
3.175683091778620515e-01
-4.598918934251731705e-01
-3.266726393658513916e-01
-3.427593426531124754e-01
6.512718532458072751e-01
-3.041511496288109018e-01
-2.935145298242037293e-01
9.146884215028741050e-01
-4.116772368198546306e-01
7.766841808783289114e-01
-2.918683387039558985e-01
8.109240743939358231e-02
-4.558974141353897003e-02
-3.770986078014646470e-01
-3.152514542429656341e-01
9.342480430301474126e-01
6.653172267026521425e-01
-3.057483565054966435e-01
7.728429868011981174e-01
9.200415862912194598e-01
9.111800569850774245e-01
