1.723420845369630361e-02
-3.068742010775464268e-01
-2.511853866162438997e-01
-1.010381918243040550e-01
1.220661512276318139e-01
-4.042029402689032436e-01
7.382392812551183958e-01
3.296683247023711461e-02
-1.358210545054497898e-01
2.318090631612040181e-02
9.128407681343891911e-01
9.055521971850246654e-01
8.882444655589207677e-03
9.423742625587901989e-01
-1.596695036034778969e-01
9.121444517975682009e-01
8.872863826447853208e-01
9.176466582468605082e-02
-1.822788557393630049e-01
7.755076043271186270e-01
-1.790044363878155187e-01
-1.319966870410652082e-02
8.771847913252831530e-01
8.960689452489208895e-01
7.782429929069472063e-01
6.689921070459764474e-01
-1.326209773388695445e-01
-2.659258715872790946e-01
7.314745174443338938e-01
-2.543752792663538931e-01
-1.305340746669859942e-01
8.193662513588972907e-01
-3.142807238911539125e-01
-3.395706303397524328e-01
8.033491486195973863e-01
-2.113757830283453099e-01
9.536401804524051451e-03
9.310097074659414718e-01
-2.109794234749184372e-01
-3.250069485792358992e-01
3.821743381553326935e-01
7.985098780717503342e-01
1.040782114626235128e-01
9.422654815520912219e-01
7.708942735452254391e-01
1.101960408715477180e-03
9.796321418931080993e-02
-3.089578876640343696e-01
-3.146280921226441984e-01
7.087076409555808088e-01
-4.304150409731185012e-01
8.902982722963739270e-01
8.988204608707996979e-01
9.197729288854837870e-01
-5.372506830728360216e-02
6.774010291285113006e-01
9.583695786961232699e-01
7.690070494363766551e-01
1.122835190833434277e-01
-2.754768967572260863e-01
-3.123543354183702103e-01
-2.604677680181951560e-01
7.599210742992974499e-01
9.145766928778308325e-01
8.124504421194700399e-01
-6.526947857404367948e-03
-2.676141457471652163e-02
9.049441690975431607e-01
8.796175015077907222e-01
-1.525240837057496857e-01
-4.276273284104950556e-01
8.319339618167731487e-01
-2.754427892285901680e-01
8.907717632101501692e-01
8.110032795194535016e-01
7.129781863710333845e-01
9.129533713104461823e-01
-6.295792869048662255e-02
7.339914261510457338e-01
9.046025727871791489e-01
8.467987085615155118e-01
-1.411355430960745116e-01
-1.764832139635455766e-01
-3.319661488448570896e-01
-3.832605302540650349e-01
7.480031516608585118e-01
8.113431637623663706e-01
7.073770781445349876e-01
7.409943517404148361e-01
9.021344861382339930e-01
1.276844653676753039e-01
4.804317733680296687e-02
6.424517000017655466e-01
4.825593946937946355e-02
-3.800652020044767432e-01
2.124849968594150762e-01
8.131078903211130804e-02
9.267935356767545985e-01
7.573522782756179905e-02
-2.792669126438035443e-01
-1.057363838036971676e-01
9.179528555250028310e-01
7.413330742221923009e-01
8.000934791447796846e-01
8.246370835537352173e-01
9.344721430349164359e-01
-2.376733045581834736e-01
7.785856871525219658e-01
1.434286643182153265e-03
1.199276977989099796e-01
7.903152367438698311e-01
1.070047378301787755e-01
-3.797894864664412562e-02
6.200918071970344947e-01
7.454498784145396906e-01
9.288204919756615219e-01
9.572925400963497866e-01
-1.624510187417542162e-01
-1.902060760520960514e-01
-2.961016067722996858e-01
-2.110045102647409854e-01
9.211501498529608423e-01
9.375780912318132376e-01
9.093015599433801333e-01
-2.454122784915602484e-01
9.096811670929726423e-01
-1.717861066192313546e-01
7.812120516596826603e-01
5.385308561045338421e-02
1.958766374761963247e-01
9.133405494519220014e-01
3.759296297423137534e-01
9.044816814221136037e-01
7.342610115861084585e-01
7.647529096692097239e-01
-4.547710208776689633e-01
7.842496801270510964e-01
-2.921077138602076184e-01
-2.893524259631374829e-01
9.261182085384151996e-01
3.025492449287307817e-02
6.915498767410864778e-01
2.823151594226457756e-02
-2.641443717371358413e-01
7.389736330389425900e-01
8.183119192625151195e-01
7.661140785818411070e-01
-2.935969724778718648e-01
7.366404030838132888e-01
-2.339896497422261079e-01
-2.802501392329112551e-01
8.594876774284028187e-01
1.141144018524913456e-01
9.065919512841562611e-01
9.004961244442435397e-01
-2.509443259275412341e-01
-4.012207808085493377e-01
8.699620780629672145e-01
7.885753308017922070e-01
9.117469757328885427e-01
-1.178792882625168820e-01
9.104596458848516205e-01
-2.890664443429793451e-01
-3.455683009512273696e-01
7.230244342610143982e-02
8.702683054536145546e-01
-1.361941594469207595e-01
-3.496142337296566649e-01
7.541985805935075282e-01
7.562216168616565648e-01
9.167924054793766819e-01
7.625604181665288639e-01
4.827592418892655279e-02
6.366691649369992101e-01
7.083255735067752745e-01
-3.123874729118090166e-01
9.155657051820227377e-01
8.983739976160252105e-01
7.483000388338417741e-01
-3.656364956157578394e-01
9.272383766062756161e-01
-3.632591658264762713e-01
6.531122124799617623e-01
9.077706909223013376e-01
7.156170181172041289e-01
1.045008372184484391e-01
-8.088281600903544921e-02
9.094026202564607919e-01
9.127271752601026078e-01
7.855768278881736233e-01
7.288787584014742027e-01
1.572026828349822603e-01
-2.823534734444719252e-01
7.788769313226838742e-01
-3.254323329074490512e-01
-3.566169630430336412e-01
8.427008302993295175e-01
8.367431249975542107e-01
9.421092915852522509e-01
-2.455833299051350394e-01
-3.026867707621564429e-01
5.070177086348406220e-02
9.079376936580684232e-01
7.675249667943785381e-01
1.122224445085811401e-02
-3.272469119563762296e-01
6.950570684164755209e-01
-3.238688397552723641e-01
7.774920365217152796e-01
2.797613202708412183e-01
9.148391188558173681e-01
7.857724866136917008e-01
8.916927804187227968e-01
9.148715218377515557e-01
7.699115449921569709e-01
7.000925622813363169e-01
8.642100594356040277e-01
7.095568873460644799e-01
-4.055842056590858169e-01
-2.821038950955761515e-01
-2.624597113765531620e-01
-2.653762177801629596e-01
9.083802645696039679e-01
8.287167719420779344e-01
-4.627677774284664203e-01
9.250241219983194041e-01
7.534709851392318303e-02
8.810296228102315608e-02
-2.751741863671894883e-01
3.624421306308085733e-02
7.477960616408243499e-01
-1.929575487728741878e-01
8.598822382626880589e-01
-1.569693017871936352e-02
-2.564515154054866630e-01
7.357751722881514800e-01
9.218563262602434971e-01
-3.437072756627184700e-01
9.011233741371346695e-02
9.158280118956096949e-01
8.832701525374576645e-01
-6.202230126628260898e-02
-3.080964820453860331e-01
-3.233441794249103385e-01
7.340433913727456572e-02
7.818337398603956157e-01
-3.745537653327150052e-01
9.391782479578831833e-01
2.220415704920323530e-01
9.022593964444969306e-01
-3.086290339581077014e-01
-3.828917768827412305e-01
-2.879048828248781389e-01
-4.333797827149348247e-01
7.519054858480960224e-01
1.651935395228689429e-01
7.661664992796266560e-01
9.170237361213489091e-01
2.993197813835686838e-01
1.677714179353824442e-02
-4.145377480687256200e-01
9.259334256251265938e-01
-8.076469885952372585e-02
-1.481474811050491058e-01
3.448095319284444349e-01
-2.506209293753297596e-01
-3.869060875808345151e-02
9.063151794114879811e-01
7.006615531585321799e-01
2.526451143130985511e-01
8.490743822834995180e-01
8.658659301182024537e-01
8.953899535321349079e-01
-2.661873787906474109e-01
-2.661259774198918016e-01
-3.189460467604023353e-01
-3.445805478672736566e-01
-1.595758464916211816e-01
-1.353618505806971628e-01
7.934446797483351022e-01
8.783627471439886536e-01
-3.710215356432486344e-01
-2.955594882645254939e-01
1.421975588119623601e-01
-7.560603628728135295e-02
2.811175900184270660e-01
5.955269947613293230e-02
-2.640498458484323296e-01
8.882544937356576797e-01
-2.435993122626887719e-01
6.262439585192326463e-01
-3.252035664841975704e-01
8.937318323661193054e-01
9.719539890160164286e-02
9.175517436941460492e-01
8.095002785144507218e-01
-2.116601105056969134e-01
-2.489313933974976190e-01
8.786399247130615153e-01
-4.328299006982487818e-01
