7.983500884697617428e-01
-3.676493922114035806e-01
2.114888697069358670e-01
-3.500005988372033583e-01
7.899188221183797154e-01
-2.757684775038520830e-01
8.946604972327961702e-01
-8.336808745011284327e-02
9.039969923394705065e-01
9.113790141446331816e-01
8.404406262345937018e-01
-2.846047335734909201e-01
-5.253237082881932751e-02
-5.619620972334805897e-02
9.365812419562949964e-01
-2.051331815105594814e-01
-2.313824666018725884e-01
-7.692526503199619003e-02
-3.128513738026883484e-01
9.324900805956045646e-01
8.797296020931455462e-02
3.823287921174029491e-01
6.441380635148091782e-01
7.787069080028316548e-02
6.755052500026257345e-01
2.850632614461089814e-02
7.495580312550346180e-01
-4.141298704277182607e-01
-3.081772332940589942e-01
7.606447459383580689e-01
-3.055605156425547086e-01
7.620507781526092428e-02
2.371670420455461170e-01
9.181399824451351721e-01
-4.041705509504500138e-01
7.786744166565870984e-01
5.489926969101799337e-02
-1.661246633544952167e-01
-3.355588961913711366e-01
8.975463676389315859e-01
9.008416466712738657e-01
9.223140287144128147e-01
8.201285239212231515e-01
7.925887952724045560e-01
8.806130092095408868e-01
7.470032329664226811e-01
-4.320585949731929887e-01
-3.725312784202244876e-01
6.754606733488359716e-01
7.204117689438687133e-01
-4.069147042865211561e-01
9.026925016602023177e-01
1.734531233127536431e-01
8.521952403618939798e-01
9.110016428506310104e-01
7.818148057813214535e-01
1.306794880617133670e-01
8.990515863507017036e-01
8.647548449240604063e-01
-3.148576327433058042e-01
-3.055467812286054574e-01
-2.265402976157153137e-01
9.045067054538845630e-01
8.667774938937484741e-01
7.848944364802352691e-01
9.029656147227187457e-01
7.968480424981950749e-01
9.025632377591686906e-01
-3.776450833096628434e-02
7.524061396243570954e-01
-4.759416318172097343e-02
7.836699870020795711e-01
-4.199151378624515485e-01
6.098686783651064980e-01
-3.527015477215782457e-01
7.431224392424259362e-01
9.171794125208926340e-01
-4.143555492138747409e-01
1.057419673169095187e-01
-3.013907698663585988e-01
-3.375203704591439036e-01
-1.827863041579141090e-01
7.972631119294742996e-01
7.258742607672917513e-02
9.200040401789325584e-01
9.603918461174393295e-01
5.374129724022205234e-01
-7.837787115938932292e-02
7.193882924892893715e-01
-2.500510550982247282e-01
8.171259436312096058e-01
-4.441763923187966312e-01
2.139639689748765866e-02
9.346603823968789582e-02
1.432109233614595745e-01
9.279572877908083273e-01
7.047010304755418897e-01
-1.728378843802244880e-01
4.301368518231804550e-02
8.917672039991547672e-01
7.331401385753569255e-02
-2.557254189488936680e-01
1.775911806521503905e-02
1.525372843183609162e-01
-3.498987277715949751e-01
-2.708942503366322807e-01
-3.375212214908940855e-01
-3.867697101111363112e-01
9.326115230040163961e-01
7.722797936057748114e-01
-2.358694588787994539e-01
1.756660501885363296e-02
-2.664316324836689676e-01
8.174965377539777922e-01
-2.700405191929473592e-01
-1.609993599252960705e-01
8.852282577223973270e-01
8.277971196796254372e-01
8.827962338563769551e-01
8.774053786814667300e-01
-3.247894568029658369e-01
9.124572355963737058e-01
-2.186320107967014703e-01
9.099223471701745058e-01
1.979773501081367668e-02
8.873069379117943800e-01
8.037464716593230030e-01
2.224177917463773246e-01
7.775934354901798962e-01
9.162809632213005928e-01
8.936912174876383563e-01
-3.145048283065260963e-01
9.082451298988036825e-01
-3.564347743334097540e-01
-1.148504515935322989e-01
7.697040062754656464e-01
7.602456837885536167e-01
-6.876006146968936805e-02
-3.448835505501950116e-02
9.224298389762779493e-01
9.034685666153114969e-01
7.299026902576395415e-01
-2.720617788844273410e-01
-2.597711484666096471e-01
8.780122983563911632e-01
3.023980424517209720e-01
9.080982151687482240e-01
7.779990257949599419e-01
-7.349030825799891808e-02
7.333576687305924935e-01
-1.387071080844827498e-01
-1.532222162985849012e-01
1.108967816494750291e-01
8.478024156054569938e-01
9.082080246388459788e-01
6.962101464521091021e-01
-3.424706701970360312e-01
-4.626331169967357604e-01
9.782178236396266158e-03
8.110378881068278645e-01
9.111469578298583283e-01
-5.182239739288716507e-01
-3.142239887501991902e-01
-4.024545305600587541e-01
-3.425279841220235655e-01
-1.548542014240312237e-01
7.478254922908037505e-01
-2.408376452763158482e-02
9.013334894031181932e-01
7.325972506638225301e-01
-1.038088640191444645e-01
8.755138989236602720e-01
7.281853122074829487e-01
8.376269024298241828e-01
-3.298601727214390822e-01
3.308675502006226676e-02
3.508768949771225443e-01
-2.732774925277677847e-01
7.699999664853853787e-01
1.696369189292893376e-01
7.615101144980679360e-01
8.397743939186569362e-02
-3.280925626797410732e-01
7.337463130504486841e-01
-3.654114057463657694e-01
7.568887911302764060e-01
8.981507760102780402e-01
8.304467551022666205e-01
6.492375886017981435e-01
8.650460044021199835e-01
-3.821145083102390205e-01
9.341954479165596181e-01
-2.417359864865878394e-01
7.738301186947091903e-01
7.448139006418169616e-02
9.154200721897999271e-01
8.058469307699355211e-01
9.074242647459590527e-01
9.020464053103830482e-01
-1.923441514372745687e-01
7.217093288338247703e-01
7.127223489613365714e-01
8.083185947592365084e-01
1.445323095565478611e-01
7.372084861969528946e-01
8.252684175561323388e-01
9.386802442227161203e-01
-3.377330898506562540e-01
-1.655601209840046328e-01
2.155365171504149691e-01
9.145185987195953992e-01
2.524435801344640518e-01
7.823641137372296939e-01
-1.068732778383881810e-01
-3.235414498360604796e-01
-3.393190110733422804e-01
1.742341587715536544e-01
6.188210636080748728e-01
-4.422154450038655038e-01
-2.371928855170136741e-01
8.882483952727620036e-01
9.081719135392096742e-01
7.966436452577276839e-01
9.063347001974653150e-01
7.054433780966963274e-01
7.866139122898277991e-01
1.137751916918620654e-01
1.319461060397910945e-01
9.187999414018854782e-01
7.601901401206782038e-01
8.995809918872964550e-01
-4.111919919657745504e-01
-2.721539923354515111e-01
-3.107451551495928332e-01
9.479328870548971997e-01
8.199787375657311417e-01
8.824014634532482138e-01
2.994385464568428620e-02
2.812545789520696782e-01
-3.175361622954065988e-01
1.420692566722872308e-01
6.593487842875490890e-02
-2.372486836360560292e-01
-9.426442164402495938e-02
3.616859901347433542e-02
7.595087263338370365e-01
2.608503038705539123e-01
-3.077777990450795698e-01
-3.872769324473834818e-01
-2.498116418189483545e-01
-3.511594398330295519e-01
7.519562860435362595e-01
-3.582888404531793247e-01
-2.678663168405349612e-02
9.210027322617115875e-01
7.747139554826470986e-01
7.904582735900465840e-02
-5.173694032066947779e-01
1.728097973824370137e-01
-2.703232946169989437e-01
9.104983791942380389e-01
-1.957708037471750373e-02
5.708392409347213814e-01
9.149775314456274344e-01
9.354922396701688125e-01
9.124356079602846670e-01
2.324189509840246873e-02
8.449439326108552917e-02
9.101080470152019819e-01
-2.957363002348550873e-01
-1.212405211066551053e-01
-3.245772412734271306e-01
9.139500710728473143e-01
9.252755342376992598e-01
-2.791097666308732239e-01
-1.024132585824946845e-01
9.047952297649954900e-01
9.155266645468779219e-01
7.731145036373469059e-01
8.921268090062586253e-01
7.836056972171778767e-01
-2.994816069727101460e-01
9.066663712893918703e-01
8.922395768242664671e-01
-7.975134719230958513e-02
2.533865150041039738e-02
9.038677610455693179e-01
-3.018468542152980549e-01
-4.312000986544176073e-02
3.842135113783129996e-01
-3.168418433407742540e-01
-2.853654612407177105e-01
-2.662345195246230700e-01
7.972044421821071480e-02
9.035536849381897717e-01
9.019698832186656690e-01
6.241389540517425782e-01
-2.624929558109546091e-01
9.352399275830132475e-02
