-3.851403849062532969e-01
9.026870489258898012e-01
-2.225623179127745599e-01
3.071875467346266708e-01
9.748388702928607874e-04
7.865160441795723267e-01
-3.325616178117337673e-01
8.892432343002524275e-01
1.879937659407909106e-02
-2.753594148525171925e-01
8.919233535875069618e-01
-1.707861473280269382e-01
3.363786812032365514e-01
-2.384610242046812101e-01
7.780153240609061216e-01
9.154988948402053017e-01
7.712647866712414313e-01
-3.120204993336451321e-02
-4.556367357974612786e-01
8.752333344686979988e-01
9.359322723429062130e-01
-2.048026215290681962e-01
-4.154088504958634576e-01
-4.864960498934230992e-01
7.613683155141115488e-01
-1.172750047946357205e-01
5.432320530305730782e-02
8.176875760843270724e-01
-5.220481749304742847e-01
-2.975968218557403233e-01
1.464221014005234467e-01
-2.275580909787106032e-01
-2.266244252971132134e-02
9.247090621182281200e-01
8.029270812685505021e-01
-3.524865851021007912e-01
9.269836862136219269e-01
-2.468925001875571512e-01
2.193146185143206583e-01
4.407502953213930652e-02
-2.339298074802406702e-01
9.219566601583817356e-01
8.976786473223857810e-01
-3.811797713573836233e-01
8.556602436787683619e-01
-2.992578041490075447e-01
3.033837458716029389e-01
2.551287458414023060e-02
-3.132468744577644459e-01
8.112961358513127719e-01
6.697952351465219500e-01
8.759741743318925078e-01
-2.733115398614932579e-01
9.818031855189517099e-02
9.155386993615171054e-01
9.106991244471559499e-01
-4.560650054655838725e-01
2.704585463321725336e-01
9.185618299722957403e-01
5.499606750903678343e-01
8.365764842858419703e-01
9.115611627616914125e-01
-3.693696858011499828e-01
8.202101406212362056e-01
8.014941553013527065e-01
9.190224353392191237e-01
9.385418781664600640e-01
-8.505477584105447519e-02
1.263165540460597369e-01
3.114876798520917894e-02
7.890427927229614058e-01
1.789377911774454322e-01
9.016228106083188365e-01
9.164553955260857920e-01
7.407104030691458174e-01
3.190885269547233394e-01
6.696942009993505085e-01
-3.246820468616088973e-01
-4.330774803229516801e-01
-3.970658633442692431e-01
9.027244695548978237e-01
8.060118293999704031e-01
8.156272387532974566e-01
9.061142999574194334e-01
9.306114275154430127e-01
7.930308966974541907e-01
8.118655799043837940e-01
1.843370258208365253e-01
6.429686106363294851e-01
4.928222442055832375e-02
2.962786742224501335e-01
1.075650961964071534e-01
1.217036305203894053e-01
7.492932405240713134e-01
9.182977107596552724e-01
-3.438544815001383648e-01
5.811485612784693666e-01
9.420973390024164340e-01
7.806751573283907675e-01
6.030765421629795675e-01
2.919707958922166391e-01
-3.208123862907718005e-01
-4.430027547977276048e-01
7.601178849640115587e-01
7.008975285813350276e-01
-1.442343861667433891e-01
-3.003918814592281272e-01
-9.904460280529034377e-02
-3.322908977018370486e-02
7.720784805484199875e-01
6.046490773785676009e-03
-6.766199606982155335e-02
7.750457696538268770e-01
9.116117090363067277e-01
8.456714985370261672e-01
-9.099479264306091497e-02
3.594654066981601837e-01
6.715904829068496118e-02
7.334501288111825446e-01
-4.388440948186241308e-01
-2.920968690631435827e-01
-3.372112619038802883e-02
8.184561122763789331e-01
9.149204290641548276e-01
7.844536873093349572e-01
-2.262995968102686495e-01
-3.613218231192427132e-01
7.038271535674892609e-01
-2.998039025036348115e-01
8.931476521280471426e-01
8.886231974001056466e-01
-8.216113946677434943e-02
9.071837640673230396e-01
9.123907594411716504e-01
7.027305353054055237e-01
-3.087255220475446649e-01
8.593036211833634530e-01
7.614297176277569079e-01
-2.278798704746924364e-01
-3.540416435376562143e-01
8.912812560201051060e-01
-3.622971741995459349e-01
-3.137801145778930101e-01
3.026734866145401603e-03
9.027023510266970474e-01
7.668025420704865924e-01
9.038886116840069151e-01
-3.874194816413294440e-01
1.392931006391715520e-01
-1.575267249276475212e-01
-9.662467216612347087e-04
8.374415765894067665e-01
8.780190127104123277e-02
-2.594585121321038024e-01
6.791167968015378031e-01
-2.756894501519815965e-01
8.049053754431378938e-01
7.436754977149959700e-01
-4.254551449754208070e-01
-3.338244574351590388e-01
-2.016909332184858017e-01
-3.600728572745124367e-01
9.099541288645669468e-01
9.425440845840780124e-01
9.126507477288205994e-01
-4.224585329545828272e-02
8.145471311872406472e-01
-9.471479872782950782e-02
-2.424823050316355089e-01
9.056990289989678145e-01
9.305218438979789841e-01
8.804519642146549918e-01
-2.609257592022878880e-01
8.863072747698026443e-01
1.474294824949178295e-01
9.214251234229972054e-01
-4.209723508638785749e-01
6.031755137046501680e-02
-1.384221167368882566e-01
-2.568873841853084872e-01
8.089124616658553979e-01
7.782180687969233457e-01
3.134021157491020948e-01
-4.877820880807489101e-01
8.990369808022359299e-01
-3.389574286530616654e-01
8.090813846880356985e-01
-3.130799679983119477e-01
9.071825775939690306e-01
9.423198773019931807e-01
7.023378665394522935e-01
2.186269943334797627e-01
-2.460752205075792676e-01
-5.192282109515722333e-03
-2.783499487691863949e-01
-2.933534573219672148e-01
7.748266909499079702e-01
1.470063131275193280e-01
-2.532934856036377913e-01
6.926809773661318781e-02
8.077777395876969413e-01
-2.580655032436588447e-01
8.491997270932764019e-01
9.153566045199434953e-01
7.980298466303963334e-01
4.151407613273386255e-01
6.899490995769697044e-01
1.357829577887373074e-01
4.827966861842703516e-01
8.946648043739350298e-01
8.745567744406650412e-01
9.139887253393605970e-01
-3.240404952361882751e-01
7.804150224234296385e-01
-9.439731747764686792e-03
1.588062034748224383e-01
8.976891147939891624e-01
-4.106445452121624262e-01
1.819476523237613108e-01
-4.195000362457182441e-01
-3.801150984050583603e-01
9.144015240049734317e-01
-2.939959650532091850e-01
-2.285166522020968261e-01
1.100702161554764635e-03
-7.350541592963195925e-02
8.883732146509283334e-01
1.027848785490462769e-01
3.428789349279839915e-02
-4.975288036054824614e-01
9.080384267419711053e-01
-9.118249974976531946e-03
1.368080497231071446e-01
-3.318570218431354801e-01
-3.357604090475601599e-01
9.071699008988278745e-01
-2.158640676120884283e-01
9.116603111698807771e-01
9.165644949346997139e-01
9.001574535886892603e-01
7.156944203320433351e-01
9.202219280435907089e-01
-2.787055926507334136e-01
-4.689914413202415089e-01
1.359456489225890075e-01
5.953753336191221213e-02
-3.292228831002170786e-01
9.125833483481804453e-01
-2.945314904842930015e-01
9.196084562461742662e-01
9.152394733894091416e-01
8.972758749776389431e-01
8.358535404450643247e-01
5.684959180480281954e-02
-2.497814526352296338e-01
-3.493419058908543984e-01
-2.814540126437500844e-01
-2.335694171516134454e-01
6.949437253803010250e-01
9.210930071013836429e-01
7.707817835578108234e-02
9.387442753763787229e-01
9.170296348175576151e-01
-3.238156976484286576e-01
2.814014825403263198e-01
8.934812042970307067e-01
-2.916878225016629189e-01
6.178104319855096116e-02
3.580229342037354878e-01
8.695581817974716854e-01
7.025455553583518364e-01
-3.653021400683539310e-01
7.772445316013807393e-01
2.468381926655762171e-01
7.776710723428117422e-01
1.701192775308744687e-01
1.491234658968207047e-02
9.142177284696867412e-02
9.006385762199505818e-01
7.840653522926008812e-01
6.878729682190547201e-03
-5.014246084533749981e-01
-1.897950661641395198e-01
2.084719019695487757e-02
1.033347034214164573e-01
-3.597152191533928844e-01
-2.735527030438650309e-01
2.151050085465782968e-01
-2.889453126479481215e-02
2.780930712362516058e-02
-2.192455417274145890e-01
-3.023217913128797285e-01
6.976992998495402665e-01
-4.209627992988180800e-01
