1.008841628332884655e-01
9.268439969477260121e-01
7.750360517092116375e-01
1.309427894353336341e-03
7.027714278609397125e-01
9.172260009967815320e-01
2.724845766278310988e-01
9.399738503185749439e-01
-4.157427777158840820e-01
7.824261002333734449e-01
-2.840030406141828001e-01
7.188507639145698402e-02
-3.333981104991908806e-01
7.618073855349364321e-01
-3.916324934366215427e-01
1.280962492797180774e-01
7.874627187222121849e-02
8.022420142596313752e-01
-2.589001830930095505e-01
9.610221035406818491e-02
-3.307592106570678703e-01
7.661973076231188839e-01
7.201822359971525866e-01
-3.115866450368927065e-01
9.118016986689856385e-01
-2.615273222801505759e-01
7.823129883773167759e-01
-7.044150848554367461e-02
-9.330000936206421513e-02
3.214472731961451335e-02
-7.944750912454359715e-02
8.741883945375555909e-02
1.046681343368220385e-01
-3.374923881883054033e-01
-3.635657393030789497e-01
7.854693077319100381e-01
-3.317522093553694762e-01
8.928504270960335720e-01
-3.304212295010804379e-01
9.316272200994012431e-01
9.172964505189735718e-01
-2.808216691588639735e-01
8.647776438211886019e-01
9.026991922485870790e-01
7.520787067174423690e-01
4.357888169615434237e-02
9.223083290948242974e-01
-1.810038903415751577e-01
7.585156187896018309e-01
9.525869526508210505e-01
8.890674659491426546e-01
8.720296481446457859e-01
8.171647172636161693e-01
6.257827696082238766e-01
7.976385727175065998e-01
7.500641583989520189e-01
6.701134619937286763e-01
6.410723629886133645e-02
7.321140068925456879e-01
8.355952922630521806e-01
-5.498073328273095361e-02
-3.848492085880449443e-01
-2.441920371628920894e-01
7.180988637654981410e-01
-1.348671171232448951e-01
9.066139043444294554e-01
6.462656192617390882e-01
7.777945531161514214e-01
7.699714421193075697e-01
7.159453765340773046e-01
7.930934772180436854e-01
-3.267952738620212294e-01
7.169718218071851057e-01
8.985942975164838975e-01
9.312799204839632417e-01
8.425686345579546099e-01
-1.182076784123330532e-01
-3.701960817982501983e-01
-2.956486370407804265e-01
7.707755308067496536e-01
-5.900870329470050968e-03
2.907028794230238217e-02
2.729284951509946752e-02
7.707863025427929005e-01
6.244581468314223255e-02
6.495321823148982876e-01
-2.820734246082898244e-01
-4.960197053504666331e-01
-2.632248066434269562e-01
9.247017927236170776e-01
9.031751950060583622e-01
-4.614752273486844719e-02
-3.701293413055392056e-01
9.966266314915522839e-02
-2.044949909776401231e-01
7.630443307896020988e-01
7.761653413939220147e-01
3.205629101311463502e-02
9.949726873158420970e-02
7.653396101530696161e-01
8.914224292950205797e-01
1.726715257496284905e-02
3.207356826118263476e-02
1.317618895789482089e-02
8.331180945733849263e-01
9.235931756425136419e-01
-2.605164836290740221e-02
9.175853459305299831e-01
8.955810921249947043e-01
8.490001822517483365e-01
-2.683410039691730420e-01
1.833178535926425490e-01
7.295714609710709508e-01
-2.982279205043089632e-01
9.294698427726034995e-02
5.408694982036856003e-02
6.851661999791852642e-01
-2.295423621974598816e-01
-4.107300343050840907e-01
9.054787926524420216e-01
8.111845923937699432e-02
8.385793076890216691e-01
2.258361522556325274e-01
-2.711981623745888248e-01
-5.964509566591641443e-03
9.116608902161918992e-01
9.065591486334322324e-01
-4.251806650034992696e-01
4.655027567711300662e-02
7.968508883416992594e-01
-2.631542055449393458e-01
8.809488390279963665e-01
9.247418620526974831e-01
-3.387819651468155779e-01
8.652872377052248654e-01
-3.779591290744436227e-01
-7.005985407892714734e-02
9.069908071230948776e-01
4.422515598663814829e-01
9.237115812882403798e-01
-2.909371105188135465e-01
9.224715780802689169e-01
3.095107272858577119e-01
8.992285002518739523e-01
8.512777175502722615e-01
9.033457609000562494e-01
-3.743683045904075968e-01
-3.014730232206241367e-01
-2.710467591576649626e-01
6.420917765850704395e-01
9.273814449325411546e-01
-4.096531401983447562e-01
8.998477797689414803e-01
-3.992673678407979709e-01
3.099072853732010024e-03
8.201674597200566685e-01
8.985894293360340290e-01
3.278777465424586035e-01
7.813396748248399026e-01
-2.107518613884870884e-01
7.536632056424394932e-01
7.807888163127083558e-01
7.614318824866647129e-01
9.008480187545875317e-01
9.056010222675533461e-01
-3.743013996806474619e-01
-3.476503012712782170e-01
-3.752922787133685101e-01
-3.398358407581958951e-01
-3.487027594478515624e-01
-3.291817178540433486e-02
1.757369762674661565e-02
9.029986117047175131e-01
3.232377313927006085e-02
9.094675617867992168e-01
7.732904285584385473e-01
-9.737744742214091143e-02
-3.813794248575603785e-01
8.708505674995775658e-01
8.905877875658009257e-01
-3.050509519888369714e-01
-3.693875694730600623e-01
7.539913936097000224e-01
-2.340631087277987299e-01
-2.302580516540992106e-01
-9.957438331694429268e-02
8.827255165638916434e-01
9.260864095881263802e-01
-2.083080766155254726e-01
-1.618973187555819981e-01
7.156892969511172709e-01
-3.812688693001799467e-01
8.871504631948943231e-01
9.083829136472625354e-01
9.043207934548782578e-01
-3.420383293664773783e-01
6.547910149127977864e-01
8.125240057121316806e-01
-6.981583003767866114e-02
9.043846031019023846e-01
7.640280341597976976e-01
7.953886714793372281e-01
-1.384728137873362797e-01
-7.125802362896054010e-02
7.838042664406099647e-01
9.674330490903784718e-02
8.050979656636300663e-02
1.294565998565377352e-01
7.480411716398539523e-01
-1.601698207165132282e-01
-4.274101058226859734e-02
8.001091554911524684e-01
7.231016750837027107e-01
7.962739066560846624e-01
1.724302524732755915e-01
8.077049919020748425e-02
9.032711838664304604e-01
-1.055860462030791536e-02
8.248364098918721243e-01
9.080761808094242049e-01
9.143873859728620657e-01
9.022010409854814839e-01
8.084658759344710566e-01
3.978692945113336543e-02
-1.707981507271764954e-01
7.840798337874159696e-01
9.128576767223282040e-01
1.020777941021359797e-01
8.973790135474645213e-01
8.321374855586641806e-01
1.755371970174722795e-01
9.115531769698775877e-01
9.204354035883122176e-01
1.500287166762368507e-01
-3.178023004972715393e-01
-2.187157242341420949e-01
8.868469959477818243e-01
7.986110277057152373e-01
-3.964367131666945293e-02
6.293702821195508168e-01
1.159274139607567866e-01
1.502227468730364668e-01
8.628256850232274289e-02
-5.057432152011194504e-02
9.004408258239997576e-01
-3.661917922447581741e-01
1.135084716065404564e-01
-3.387758629665475474e-01
1.932705181399848871e-01
3.495845352826541519e-01
-4.116503123609854820e-02
7.974638014292043664e-01
-1.635328778443903841e-01
2.527571868239252839e-01
9.773220664311912942e-02
8.354507558860664318e-01
7.816891089633544176e-01
-2.772541351499253071e-01
-3.906062707040695581e-01
1.743616021569835695e-01
7.715473163147492652e-01
9.223574403427626800e-01
9.348852843062835927e-01
5.290061809257016329e-02
-3.614246961890174581e-01
-3.443329253939256818e-01
8.830516335285529816e-01
7.431273494653197753e-01
-3.055345507668191796e-01
5.829588046920705646e-02
-3.455057910849418379e-01
1.251652269462115163e-01
1.927332474736940249e-01
1.963202517650339957e-02
-3.211374915425187493e-01
-4.193919836787832200e-01
-3.682823487648895777e-01
-4.806017953058883130e-02
9.415595450084984774e-01
7.943914629632055080e-01
-3.668666266666461007e-01
1.390490770470830528e-01
3.222393208879808513e-01
7.968961152796374958e-02
-3.211709818435178332e-01
7.802206458193335914e-01
-2.653983366095862828e-01
6.316389197891403295e-02
8.543727296788122816e-01
-1.481826899279898857e-01
9.132055546492789944e-01
9.268934204882673944e-01
7.763009034551546783e-01
7.679915738731962760e-01
1.708091526036817076e-01
-2.445446296890326221e-01
9.036916717850007608e-01
8.376434786295250401e-01
-4.148605105955845418e-01
1.380748317375856682e-01
