9.202535703358255548e-01
1.105741069519058650e-01
7.417431236674923989e-01
1.790547870537281816e-01
-1.314782550157224394e-01
8.888494860536793052e-01
6.862211269034625971e-01
8.505888520930585672e-01
8.417911407461586837e-01
9.086077138748595017e-01
9.394111653497299042e-01
6.122353771968416236e-01
9.103626632930292839e-01
8.040400588736102971e-01
-4.707123196000394250e-02
-2.113394697185949078e-01
9.079829864607745771e-01
8.913043455358314882e-01
3.871190884639395813e-02
1.105997422782042661e-01
9.104713328865361444e-01
9.115962164395168266e-01
-1.300054677154370286e-01
7.837801249374295454e-01
9.208570110541880460e-01
7.242610327665712777e-01
-3.842711268496437627e-01
3.249046003713065844e-01
-2.375301078953248879e-01
7.506013473397631364e-01
6.214710469207734844e-01
8.357529736657400843e-01
2.650477650486783854e-01
7.964240199693420896e-01
8.762487415527532297e-01
7.975559713856110733e-01
7.738521694806280160e-02
4.440859375523643904e-02
1.502780390173784619e-01
4.328159536575447441e-02
1.599639225936710929e-01
7.646974316437278318e-01
9.334585913122303014e-01
-4.062185615918053050e-01
6.763926540282259037e-01
-2.776694036803175614e-01
9.058515204477451954e-01
4.334129787397218714e-02
9.078647547139017115e-01
7.433515422161923736e-02
4.341074309917358764e-02
6.775327463992578680e-01
8.795945939493075016e-01
7.682355212732689953e-01
6.227513761162410955e-01
6.793108971707582100e-01
-1.158509551002848831e-01
1.206754192198001424e-01
2.736074482575255318e-01
2.028110153742872512e-01
-3.380237469215492396e-01
8.858420591090824248e-01
8.948177000738658515e-01
-1.668440734515058352e-02
-3.776717694417130455e-01
7.297479941740513398e-01
9.106762106150162461e-01
1.908275927855261345e-01
7.608818534242192122e-01
8.911606586404876573e-01
9.235648138021335107e-01
8.821033340630628494e-01
2.036209231859158753e-01
8.683847383699017097e-01
8.835556491561187553e-02
-2.986549632551772637e-01
-2.366072129785864453e-01
1.077118345117715828e-02
7.449544219130467271e-01
9.098379755079283315e-01
-3.175361933513177748e-01
8.995363705144278077e-01
7.925413532196885491e-01
9.064420331342309956e-01
-4.878017281967493290e-01
2.004141593893037088e-01
-1.273854487492330767e-01
9.379835836549441641e-01
6.720979777290481127e-01
9.091951633812550559e-01
8.149369147495355570e-01
8.617089833813347532e-02
5.837091908567728638e-01
8.626618868282521779e-01
-3.242422745974129494e-01
9.106186657159726083e-01
7.687608581986297152e-01
9.148127678191370071e-01
8.753814769810708274e-01
8.243513799639374806e-01
7.549243208570469710e-01
2.314434580192003543e-01
-4.581059453733751785e-01
9.131977753260598352e-01
9.424723497487174084e-01
7.627219514073426687e-01
-1.166329325835507719e-01
8.008052090080627350e-01
-7.051898400029660285e-02
7.016880973111898345e-02
7.875570827540482322e-01
8.060823445448501712e-01
7.640525489582529195e-01
-3.205118146972991133e-01
6.907987133321600304e-01
3.045678329006394278e-02
7.988467112622457122e-01
-3.168691140345374357e-01
-2.590938236601345035e-01
6.097523848234517319e-01
2.540634827390511608e-02
-3.651024424723550710e-01
1.121378339244552269e-01
1.387476864050873060e-01
6.749014850373497021e-01
6.422043174199291160e-01
8.752951474487689065e-01
9.043579797756901018e-01
9.085634622698589569e-01
-8.037959036545763714e-02
-7.423094259784546178e-02
-3.307616946084089293e-01
-3.314504103155506143e-01
1.061890853961195563e-02
8.490306867328847318e-01
9.175111493890432124e-01
7.600301296220242087e-01
8.077831517087689095e-01
8.264311748629528109e-01
-3.511832349768614359e-01
-8.451460030488955333e-02
2.875401895921635975e-01
8.832933422222742914e-01
-5.010869984707424507e-01
7.184681626071429683e-01
8.097446738221639739e-01
9.266448654079483260e-01
-3.794814445172487449e-01
9.203042529320181186e-01
7.760837952015432473e-01
-1.649156534507664473e-01
1.379701556392200559e-02
8.487450306073728301e-01
7.588825113369819242e-01
-2.563304882699226073e-01
6.221610860841861879e-01
9.118969830551018063e-01
7.268289394967253347e-01
-4.764511850290453071e-02
-3.532215917765130220e-02
-3.818608572545340585e-01
7.480294701856901041e-01
6.017916326697554663e-02
-4.034071479325307408e-01
-2.655221955488595853e-01
9.100714413324871854e-01
5.909721271904436191e-02
9.113021428762596576e-01
6.681259369654969360e-01
8.773152796521939134e-01
7.748203408968840078e-01
-3.450856985657256293e-01
1.418672125531780792e-01
-4.636632096634962785e-01
8.449111907451122283e-01
9.073939903118058981e-01
9.146394899817117397e-02
-3.015316389877357173e-01
9.104269877350973372e-01
8.696780918506828995e-01
-2.296609639126550584e-01
4.654952027592904745e-02
8.381460589306721776e-01
1.790087226380981111e-01
7.810631361730053790e-01
-9.267617112952777902e-04
7.527159713192567436e-02
6.468501040674910774e-02
6.394013391314032346e-02
-3.759000987479141354e-01
9.519845836773618286e-01
-2.057321889796978887e-01
8.420457438967284824e-01
-2.108518828480055451e-01
8.761006597798750573e-01
9.131430846467532003e-01
7.856634520872169958e-01
8.779485335189757267e-01
9.150679623428255027e-01
8.110721602823994791e-01
-3.669470146098798291e-01
-3.430006551206644660e-01
-3.279560648053727601e-01
9.417867857347572702e-01
-2.638084150636793024e-01
1.102823775799568196e-01
-2.027995200684404586e-01
-2.789346635734729629e-01
-4.215242739814943906e-01
8.967795838530126518e-02
-3.773586315161604476e-01
9.499792010932822661e-01
-1.858844379726531382e-01
-2.090265356876223890e-01
1.598688815192407797e-01
-2.549868050757175819e-02
7.229333990368914664e-01
6.822586530010049666e-01
-1.896637357128056756e-01
-3.476471198259198925e-01
-1.823558149816925655e-02
-8.293118792069009704e-02
1.448008923178973062e-01
4.398783739651218605e-02
-3.834343770417049657e-01
-3.302007720747920927e-01
9.147264090980639084e-01
-1.198945640400816137e-01
8.681589375010924092e-01
-4.172555210215562749e-01
-4.215673720157477322e-01
8.149069057080745582e-01
-3.911156923708954958e-01
-1.824526729136909456e-02
3.212358461618554373e-02
-3.059036917123391652e-01
-3.267520095701216820e-01
8.737379942172540659e-01
9.195467766839958701e-01
-3.001790005306007036e-01
9.186093136296480388e-01
9.311518321686464983e-01
5.587993774200982200e-01
6.010870141028577113e-02
8.992207661335248625e-01
6.856438697473717092e-02
-2.952156242946935016e-01
-3.505532212340637388e-01
7.534799579974817973e-01
1.492563616108636415e-01
-2.645180755720473731e-01
7.295161186062691927e-01
2.022233231443607282e-01
-5.563519379669732562e-02
4.001118406158164498e-01
9.070998379261226985e-01
2.141708451089248400e-01
-2.260441601527480304e-01
7.362345545944358749e-01
-3.851688050858823598e-01
8.611672933586626000e-01
-1.245376129799920795e-01
7.818548150287975007e-01
9.030637871996893828e-01
-2.240545847384000921e-01
1.242891447535565963e-01
-1.283074154262722755e-02
7.959873086574915657e-01
-2.498621668500493886e-01
9.287492878025445098e-01
6.131703276184599094e-01
4.459260881375878838e-01
9.054059264429688003e-01
-2.269640471761132094e-02
-3.751043522477174319e-01
-1.214092815273532106e-01
8.817666873569014463e-01
-1.252201221508214904e-02
7.952147323286652414e-01
-4.173681729724103284e-02
8.414681387838739424e-01
5.162774098548737062e-03
-1.955870668628875708e-01
-2.601057253850606599e-01
-4.164162390652885737e-01
