9.090525401418129148e-01
2.669290448313406672e-01
-1.383805677216047303e-01
8.355561549149885803e-01
2.040807094267116650e-01
8.081835426122158106e-01
-3.001312930504471121e-01
6.692864102456271835e-01
6.045560843652611482e-02
8.650679545014703375e-01
9.371339548827164467e-01
2.302478493658909331e-01
7.926875444568756146e-01
-1.148321227864591149e-01
8.202162169742767128e-01
8.070943589115070482e-01
-2.793930265396353252e-01
-1.154576524455278030e-01
-3.227424302664192446e-01
9.106425885542929199e-01
9.081051360771512648e-01
-4.122464985367135237e-01
8.584210785383519227e-01
-3.197258977154684989e-01
7.192173683170137721e-01
-2.011690400048730121e-01
-3.654483271186674820e-01
8.179514568816184106e-01
-3.334177867959432495e-01
8.144794668386512448e-01
-3.501906119601397860e-01
-3.449969680357892199e-01
9.281062200936388562e-01
2.405728023995505060e-01
9.010491394572107682e-01
-2.913576640846090582e-01
9.717098496357626236e-02
8.396039984422039026e-01
8.274893278225824433e-01
-3.305189241902710129e-01
9.256341616589790489e-01
7.933129134783755143e-01
2.738557146486382821e-01
-2.834816122510762648e-01
9.219560405289424221e-01
-2.158678288195096384e-01
-4.199034026544870568e-01
1.426445496374620370e-03
-1.582213614210371266e-01
-1.210607558694271058e-01
-3.145789987411979349e-01
5.843046643480048763e-02
6.708384040919396218e-01
1.694409995268437719e-01
-1.966285922084034798e-01
-1.362956207813452170e-01
9.005460961512294915e-01
-3.926343392270794652e-01
-5.636579211889677227e-02
-3.123986204719886861e-01
-8.907020635461851410e-02
-2.069983844553535124e-01
-1.039237197347363945e-02
-3.209516177412057303e-01
9.225532018746532836e-01
8.951636347128536508e-01
7.036362066351203870e-01
8.847332059104778823e-01
-1.648410990373281870e-01
-4.630675409025899469e-01
8.176290075597028029e-01
1.718782861106320226e-01
8.991486281680706183e-01
-2.182500302864403552e-01
7.224786561085846381e-01
8.110706791757447132e-01
8.875538839370258337e-01
8.012298587077285594e-01
7.594739973718845905e-01
6.957830832402716048e-01
-2.697799422534564728e-01
-1.921698424283997952e-01
9.388847072122230575e-01
7.640572674832597500e-01
-5.041013632560213953e-01
4.530592402340313796e-02
7.632506795503837260e-01
-6.185280476807208938e-02
-1.692901032971217412e-01
-2.166511636728170598e-01
-2.827880366333008766e-01
4.927084389883393256e-02
-3.494278836729799997e-01
-2.050390910436207803e-01
7.118736546443719115e-01
7.198325075860688704e-01
9.395401167082746419e-01
-4.085234224119158597e-01
7.475235526743363446e-01
9.027282655440559411e-01
8.324566591064980203e-01
8.106250019220745395e-01
-3.783276578881433760e-01
7.991137489263551164e-01
8.907828932429211477e-01
-3.653428949685667559e-01
7.872091545852045735e-01
-3.052079546180661018e-01
-1.858469404579007611e-01
6.841390945850351901e-01
8.758576191080352791e-01
8.971966393223091973e-01
-1.302199510773534574e-01
7.813672776034111811e-01
7.837219305632958655e-01
9.061878878904703338e-01
-4.139875729630475565e-01
-2.728544298819428615e-01
-6.032977432913223109e-02
7.492369714906961242e-01
9.099952644971111004e-01
-3.087302530355942598e-01
7.380664833979380113e-01
5.653731264306724458e-02
-2.845582652087274012e-01
7.491989291940591711e-01
-2.673151564327276297e-01
7.457025396949155116e-01
-3.617009932022107188e-01
9.257558646411243597e-01
-3.870089386592867609e-01
-3.100595328407051987e-01
9.179779772003983096e-01
8.992244763596246582e-01
5.634057139435071776e-02
7.595892134210998625e-01
9.067278035617978293e-01
8.996280965471594726e-01
-2.591695691413242741e-01
1.772767429583902987e-01
8.964086629770875447e-01
7.851153379988545788e-01
9.126310691842050016e-01
6.752783570854130613e-01
-4.607525365143494978e-01
-1.801215548961648261e-01
7.838562509882330831e-01
3.313800914053382507e-01
9.360586236177163011e-01
1.273350207068253415e-01
-4.296716595231507285e-01
9.157738049106192157e-01
3.297542013309964215e-01
8.165819231869598793e-01
8.944903061366891173e-01
-2.861195534817047581e-01
7.519628473549824221e-01
9.083586854390616194e-01
9.007846339495862997e-01
-2.604927169191588732e-01
-4.880463306251298788e-02
1.686165380703283367e-01
7.932148714907749643e-01
1.025138714738248330e-01
-7.966091546283848857e-02
8.859953538874925094e-01
-4.531722492842744643e-01
-4.081690981115006223e-02
-4.296372082032542394e-01
8.959655651889695260e-01
9.298166139524421947e-01
-3.405835958419754506e-01
7.730578891768870031e-01
-2.808612172787138817e-01
7.904692107130256717e-01
7.477705785955960360e-01
9.362819880799031491e-01
9.191638908781611939e-01
7.560571886177573919e-01
6.843502189463224195e-01
3.655553784252882354e-02
-3.998365902084093926e-01
9.368950362927759290e-01
9.308620147804711475e-01
9.183940413965954175e-01
1.172413278863401187e-01
9.157677633807869144e-01
-3.953378376042953057e-01
8.821526543846641699e-01
-4.173220711846611919e-01
8.308350077612302043e-01
9.111893388305573049e-01
-1.265998910448382364e-01
-1.514629947755406214e-01
8.824219214997014449e-01
-8.516215418059852604e-02
2.086229417555429400e-01
9.070914654367514540e-01
-3.211861597422218106e-01
-2.872272913801774408e-01
6.838982713355304943e-01
8.979312894248406840e-01
7.814477657581820891e-01
-4.854619431193404888e-01
2.314771079179388236e-01
1.108410359903676951e-02
1.695347083053534015e-02
9.086981303017100942e-01
1.393066810832138125e-01
4.600687685916062669e-02
7.728534921696025295e-01
9.426829234130533752e-01
-5.412958779448465846e-02
-1.998921778213112732e-01
7.466702695612914553e-01
8.717594357040836517e-02
7.421933804576720528e-02
7.416057146100725195e-01
-1.082560665838041281e-01
9.288937441618595470e-01
8.156875915182446590e-01
-8.255898653669102583e-03
7.081549402774582891e-01
-2.438081561131689723e-01
7.932332026257662427e-01
9.137048743804407902e-01
8.919334771633519177e-01
9.318480751308444443e-01
-3.397404651042537083e-01
8.073265224023603581e-01
6.562028284564491720e-01
-3.567805805683537113e-01
1.329027125168317225e-01
-3.169205228625513460e-01
1.547605320581407762e-01
7.697868791593226456e-01
3.743632673033779612e-02
-2.996497930502815543e-01
-4.256275886401558739e-01
8.945480138704993145e-01
-3.214408712230681364e-01
6.660434013729701341e-01
5.363337861976335413e-02
8.452538647357651369e-01
-4.051181098554432758e-01
7.936030058489087491e-01
-1.555446104059679535e-03
-3.405288717717020464e-01
-2.115297648916674156e-01
7.580501230083722675e-01
3.481780910978365950e-01
-3.008470198582070126e-02
7.780057512425203603e-01
7.642496671915633977e-01
-4.190441434075407590e-01
9.992435562753095024e-03
-2.860495069595262452e-01
1.126162923862590592e-01
7.526710209453130185e-01
9.434814228606713815e-01
8.964059899149418031e-01
7.845838281281499738e-01
8.472692503017923427e-01
9.151418401316588902e-01
8.874784394740237170e-01
9.082993503562690751e-01
9.237777877788339032e-01
-2.968526311602708301e-01
8.626006132582035579e-02
-3.406327304665974776e-01
9.065696803854632613e-01
1.645838125084343739e-01
8.936946615966324670e-01
1.191553379184826650e-01
3.512622233609797445e-02
7.996431958218718217e-01
7.424615533330392037e-01
7.587856004089033046e-01
-2.745245158159895782e-01
3.149136271542856691e-01
-1.662739586316172580e-01
-3.774097908946811297e-01
-1.733776258160069361e-01
8.701836524313303345e-01
-3.155450103719431021e-01
8.954516324434432795e-01
7.878277646564699754e-01
6.910050884647132019e-01
9.147091504791976524e-01
