-1.387284785725788616e-01
2.599500426536833775e-01
1.280742550068927899e-01
8.143298158229798911e-02
-3.754163371849397191e-01
8.816864059162181633e-01
7.973400502037709670e-01
9.063054280856212008e-01
9.076249963046293390e-01
3.138196853232221722e-02
7.442315083398077791e-01
-3.077369635034506445e-01
-4.067071136743304061e-02
7.578657258561296572e-01
8.876332771021118173e-01
9.003714866699720210e-01
9.885261460807422129e-02
-3.410484373669896430e-01
8.744048477082145832e-01
9.338402134410329625e-01
8.857512466920954841e-01
-2.119046627556532281e-01
9.644734989328289654e-01
-2.198882463079052940e-01
8.961306624514743246e-01
7.665740377881745671e-01
-6.198326407937529425e-02
6.734978134722665599e-01
3.139841389607959110e-01
-3.085455390968079303e-01
8.955574641471426567e-01
9.096029459845164089e-01
7.780684908108520537e-02
-3.641151298226679711e-01
6.757987755507354199e-01
9.251867468595241784e-01
4.445510376846654316e-02
8.175613662096963274e-01
7.792859633511641793e-01
3.066589973113232892e-01
9.609076413000022798e-01
9.171622810574544538e-01
-2.748868897665349142e-01
7.727349098895808233e-01
2.651440414093781534e-02
8.150248998119197230e-01
9.170082186056720541e-01
9.637158865837830435e-02
-3.804235740308218316e-01
-1.566013919877552035e-02
8.354089958105191949e-01
1.371755161803990264e-01
1.617804836083249764e-01
9.114589858168867798e-01
7.764614074426618995e-01
2.329037055603506712e-01
-3.144723204690038632e-01
-2.000338604906736761e-01
9.143117947923407041e-01
2.078899916342097642e-01
9.109840548042013042e-01
-5.092379303743843622e-02
9.541706788339225920e-01
1.222737551100795683e-01
9.216510762095501963e-02
8.457038600436451725e-01
7.796164766339158669e-01
8.345417443972121818e-01
9.961386482477732618e-02
7.980754183662580603e-02
-4.545876531073064775e-03
-9.879734584940944031e-02
2.266408834679132511e-01
8.971035581559985150e-01
-2.954763993058487359e-01
-3.180166071596630673e-01
-2.074512361388480830e-02
7.628221709711051624e-01
6.961932275454560948e-01
9.049108366661907654e-01
9.380878653638560216e-01
1.347608089578345714e-01
7.894807123419350647e-01
-3.611806993164337620e-03
-7.148662236296980665e-02
7.985871151347206931e-01
1.209754135936793873e-01
6.554489919531288900e-01
5.670264535918949356e-03
1.343861358341096324e-01
3.353619988105343563e-01
9.068955345660496548e-01
7.792904481706840469e-01
7.214730703243922294e-01
-3.091620610887320098e-01
6.396052004708376038e-02
-2.077104690198373349e-01
-1.088189857055197607e-01
7.763642741744990472e-01
8.315776452921408435e-01
4.178811238302559961e-02
-3.109210443232668930e-01
-2.212649121728631763e-01
9.091760234011613262e-01
7.993559878250690032e-01
1.472395239010512724e-01
-3.100883309997103932e-01
9.239863601655499137e-01
8.879059558287050180e-02
9.211432291660984761e-01
2.759720785039679325e-01
-2.496171534929986224e-01
-2.102197736884728885e-01
8.831139183475733567e-01
-2.719297195320875549e-01
-3.081575513564996927e-01
2.659321951727472433e-01
9.110140304792246901e-01
7.638159764040124422e-01
7.763604033789960335e-01
7.203468003557870203e-01
-4.765058837926049173e-02
1.436036282066687486e-01
-4.099042519649462313e-01
8.752526052502013210e-01
7.267071483904246065e-01
9.085740391470822352e-01
-8.989760231627727527e-02
-4.984937930815295237e-01
-1.691829646272031140e-01
2.568092129092683362e-01
9.130034017169529337e-01
-3.753886296895861951e-01
-4.604498443737065072e-01
9.015933512122661364e-01
7.933218050833169555e-01
-3.506176643540550031e-01
8.909405945791430970e-01
6.613623077207095857e-01
8.621191027910780624e-01
-2.707843183134738818e-01
7.415989157184132985e-01
1.593089937008943802e-01
8.783662039982150782e-01
1.165627411673503810e-01
7.931851456804928091e-01
4.576250461530206870e-03
7.631784080652092017e-01
8.382829089125884980e-01
8.955011708306394036e-01
-3.941102773339446586e-01
2.357493698760421696e-01
-3.916614022282762231e-01
-3.182373974749197476e-01
-3.651072971373476306e-01
-2.592051741184785429e-01
7.908575433983524583e-01
-7.959846624285549233e-02
9.202683192348529717e-01
-3.947837451592887126e-01
9.037481820204565919e-01
-2.795830214921127821e-01
-1.199776559183700908e-01
9.282415203221279221e-01
-2.767102133760565019e-01
9.139387419318575345e-01
8.872958027688632177e-01
8.913985009168930995e-01
7.944557074687809139e-01
9.272807831570248904e-01
-3.538197656426492754e-01
7.672219025851269303e-02
9.301576868286490773e-01
9.059057399932913812e-01
7.799026759023840460e-01
-3.393457742082612305e-01
7.553402935159216902e-01
8.203435224348297750e-01
8.334765113568172179e-01
9.057776914252131384e-01
1.705446101941386072e-01
-3.352521728494685105e-01
9.025281212157767463e-01
-1.433124388105105340e-01
2.080448267201046308e-01
9.028669749769562269e-01
7.580400757101161124e-01
7.084393869656955278e-01
7.750431743508436888e-01
8.762237893503415087e-01
7.881386109157662023e-01
-6.196956832396557924e-02
-2.975289513214036119e-01
5.117470758216794563e-02
9.066156877501641009e-01
9.027122799364799555e-01
7.461901481339932030e-01
7.798460089023092623e-01
-3.451789546980377210e-01
-7.717707673956777925e-02
7.595006894300544431e-01
-1.856158541140078555e-01
-5.355551721365527096e-02
7.270374300910450449e-01
9.106229717947337265e-01
8.552347830320085054e-01
5.642922253363973351e-01
-6.779290012707626933e-02
-2.695252643934113457e-01
8.942442163260879706e-01
8.920796017297493163e-01
7.813710815367957974e-01
-4.284331627659448971e-02
7.215798978220199222e-01
-6.165981416442332941e-03
6.836495983720783376e-02
7.769105544628127635e-01
9.389023072775299905e-01
2.439416939859141431e-01
-2.871817553834385417e-01
1.869125485774887629e-02
-8.168752419908203305e-03
9.147159579854837741e-01
-1.937838763770659278e-02
8.808502441548039519e-01
7.628099449386961384e-01
8.051079448085982637e-01
8.534211092416661426e-01
9.358365739690298613e-01
8.066297640462822827e-01
-2.418072802231999163e-01
-2.810927209546633110e-01
9.165165657586358261e-01
7.985079874311258319e-01
9.202119847992407120e-01
-3.700249230555511248e-01
-2.968538014563277261e-01
1.341532180095481586e-01
8.973741924148112004e-01
1.309565045390017057e-01
-3.325970597613207014e-01
7.499222329839899670e-01
-3.367033571290748428e-01
-2.605120980280281606e-01
-1.732966115904103488e-01
8.705853082252064112e-01
-2.996290954682575558e-01
3.557848401674280625e-01
8.269080860785908982e-01
2.107502049902650887e-01
9.153293269915846464e-01
-3.392878005599915259e-01
6.411868477545604184e-02
2.204444240176715170e-03
9.063490291934467313e-01
5.691369228774611350e-02
-1.164975453390710014e-01
-2.109880839690684573e-01
6.555059469379345694e-02
2.000198882961852220e-01
-2.824749406165297794e-01
7.121397647305214296e-01
9.057189524674962300e-01
-3.333776605027206075e-01
9.188544936455413925e-01
8.952037715303269305e-01
-3.470959502133535990e-01
9.077609923781360113e-01
9.076039402770268438e-01
6.856921981445620595e-01
7.933079125079135485e-01
-2.363271593931095538e-01
-4.434598841447276452e-01
8.629448189281928583e-01
-3.476744230188091866e-01
7.943374717959948983e-01
7.863002853317579977e-01
-2.254985984687133682e-01
-2.906891741496546722e-01
-2.770964630777438265e-01
8.538822628342507270e-01
7.282736022044825619e-01
4.719440947655719615e-02
7.690748525217819820e-01
6.320112874702664418e-02
-4.040717114536992449e-01
8.976917121146513745e-01
5.289163425105024297e-02
8.794006969505656357e-03
5.571360247040268998e-01
1.270048619574956350e-01
7.980884610627094755e-01
-2.898750339938919729e-01
-4.018756998634627764e-01
-3.589307753518060640e-01
-4.105174197763877819e-01
9.506121544856505068e-01
5.976630566860613447e-02
-1.653354916128322583e-01
9.216769343036992357e-01
