9.313213778866429315e-01
-3.051175620235527242e-01
-2.883005108274945827e-01
-2.778754993243650606e-01
-2.917516366843430076e-01
-3.442810480774517456e-01
9.392279181434542989e-01
8.869420926727689114e-01
8.350672568202289758e-01
-3.321145665056971508e-01
1.194688220016262292e-01
8.060354729709893196e-01
7.341160009123142149e-01
-2.065328680732184674e-01
1.499013481625775523e-01
7.962465212165619199e-01
-1.405506995028376616e-01
8.003198334677252834e-02
-3.632604716185202642e-01
1.484371086662288619e-01
9.247034138369345513e-01
-1.778804274787215700e-03
2.093939451671974206e-01
7.820546161952056652e-01
8.604955082615268758e-01
-3.465700420170697571e-01
3.108837792126421529e-01
-2.277043674089850589e-01
4.546509878906273561e-01
7.961470420535959880e-01
-2.460195678070348224e-01
9.192851223068636557e-01
-3.747259824117719629e-01
8.926369246362516607e-01
-2.690665585080991296e-01
7.827523612599469605e-01
6.938319270303809905e-01
8.061203630751090365e-01
6.282762016981614794e-02
-2.428681609069129888e-01
-3.496070424509752361e-01
8.688089166175878564e-01
-6.651908197111788823e-02
-1.222035910347052390e-01
-3.568957665098722587e-01
8.998365081875225879e-01
4.114863461990410642e-01
9.204177191611678799e-01
8.925662572446524390e-01
3.385983893579793125e-01
8.914904326066428464e-01
9.036802494262611285e-01
-2.299422768262170125e-01
-2.169976412867864746e-01
-2.945653750127657511e-01
8.042640916083161340e-01
4.512766005184936646e-01
9.147337678572446951e-01
-9.142662885824597019e-02
7.647458456756510703e-01
1.747007675397114004e-02
9.045449958462286055e-01
-3.558559239264431073e-01
2.339743742510466684e-01
7.614077809242876249e-01
-3.588291049168860769e-01
-2.791148032223448316e-01
3.410612508757257522e-01
8.060728476842368151e-01
2.041378081035987169e-01
5.718860671851870858e-01
1.642820622388553586e-01
9.041981121772523222e-01
2.455039571227375095e-01
-7.577584291943524619e-02
-2.914905952155776858e-01
9.122152073889089330e-01
1.343174433319480054e-01
-3.082587930746749083e-01
9.423836138093983905e-01
-3.704732253457042324e-02
9.154609667078529300e-01
8.985734709303512258e-01
3.284154099864187715e-01
-2.573887063866281966e-01
9.094780354799626432e-01
7.720437554240754119e-03
6.893809938154801253e-01
8.681341897481797965e-01
9.077611109617571561e-01
-5.015410457057440513e-02
8.089634401160625821e-01
8.388004452256315746e-01
-3.885099021219740600e-01
-3.879090351625105737e-01
-4.180267253812498113e-02
8.996428756966596829e-01
6.837197714907035373e-02
-3.538817294413195702e-01
-4.699139115294649893e-01
-3.972925268688445311e-01
8.691213896370850733e-01
8.099722730072284049e-01
-9.015765378856321899e-02
1.070525400701657914e-01
-2.010382986003860228e-01
-2.605500801075140149e-01
-5.014520326506499703e-01
7.942815344209163131e-01
1.023074155064892382e-01
-2.715792167049675965e-01
7.675749600444682352e-01
-3.183215214056215325e-01
-3.006697984405983792e-01
2.783098350825001857e-02
-4.395738845192906363e-01
-3.410507425472538712e-01
9.315528907625180155e-01
7.854158068777181145e-02
6.412719116181313517e-01
9.315451210295444540e-01
9.225954315559574681e-01
-2.060698126007685926e-01
-3.380647020546350134e-01
7.869956944118078335e-01
1.148119957515305600e-01
9.419956175786320385e-01
8.746036984999117081e-01
7.392698823023783339e-01
9.381092580988634744e-01
9.196451730895486287e-01
8.078240160515158808e-01
-3.382984254237458299e-01
1.419069077366833520e-01
-2.483059586850129563e-01
9.036478384805504138e-01
8.561701191475328265e-01
6.311860761668811048e-02
7.750905309355465844e-01
-3.545537430442406990e-01
-3.411865645003812064e-01
7.719672409424213066e-01
1.984951519530362973e-01
-3.021310314951592413e-01
-3.636789089717262780e-02
-3.683687358354116870e-01
9.195878319763080011e-01
7.817661815810629244e-01
9.210029445020022631e-01
8.711846262200525493e-01
-2.571430013956437222e-01
8.317897704340179166e-01
-1.168507927069566410e-01
7.856452801133271269e-01
9.327248247753603394e-01
1.355708470900026386e-01
9.203163767439810350e-01
-3.302537795146699429e-01
8.098829852088774706e-01
9.175790360135687163e-01
9.044428162887869771e-01
-3.624380248887423273e-01
9.328469895792529387e-01
8.833823796869059164e-01
9.131192611929902503e-01
-4.662492615481187985e-01
8.197143400815188885e-01
9.178586037157464572e-01
9.152182161326002374e-01
8.397460595777473946e-01
7.149648913919449678e-01
9.184502525691446984e-01
8.581993849765002791e-01
8.425226756430826969e-01
-3.971077809503811840e-01
1.361175659746857725e-01
1.593102478991359761e-01
1.099423327894641367e-01
3.538577134879327124e-01
-4.246145143355953278e-01
8.265696029960415414e-01
6.972821057650115950e-01
-3.661786119189289757e-01
-3.324680507542561725e-01
-2.818599830222867642e-01
-1.894900570240398013e-02
9.011640153310823687e-01
7.910814926206153341e-01
7.386846231377230954e-01
-3.930088145418813017e-01
-3.220041455644997441e-01
9.374981677415042958e-01
7.377562301509347220e-01
-1.064832802654512023e-01
7.636343954069215734e-01
8.952411361855795446e-01
-2.867129422627258672e-01
-2.718999030596523370e-01
7.742689595577280093e-01
7.968712878060566496e-01
-1.339550962590988631e-02
2.911999455319946861e-01
-4.977123851874739602e-01
8.311076740209285552e-01
8.994428269391900876e-01
1.351984389999343061e-01
8.740712042039929797e-01
-4.882266489486111749e-01
7.794963624230417665e-01
-2.233532125450473915e-01
9.269356186661631414e-01
6.719983310120510867e-01
-4.490127914922537600e-01
5.946773839415314677e-02
-3.286116921247193151e-02
9.173224562526238746e-01
9.307338784652228192e-01
8.497222255823215775e-01
6.430917043994002213e-01
1.884007774156549325e-02
-3.061183585860979828e-01
8.425917195152475836e-01
9.037393647517397710e-01
7.126307575111580084e-01
7.466721656405654883e-01
1.269414802927245067e-01
-3.064279653496970734e-01
9.568560659395682899e-01
7.623892371445009086e-01
6.966833407774143394e-01
8.749619422388411616e-01
7.163575092115668230e-01
7.235078765138488466e-01
2.054087900665001465e-01
-3.304345580715619124e-01
8.829208824971398473e-01
-2.762307003600598665e-01
5.060840334755507819e-02
9.082865048974397837e-01
-3.434784816064043178e-01
-1.532685174780767379e-01
9.252479565056058730e-01
9.000338230446914833e-01
8.438341374988335142e-01
4.607595915817237070e-02
7.525225944057671867e-01
-3.454792904046333213e-01
9.155733217827267678e-01
1.057559486914513569e-01
-2.751504436386680852e-01
2.000922018773468591e-01
-3.069439224853168779e-01
7.047397475928007804e-01
-2.411433456789309204e-01
-2.837761214632680828e-01
2.031152669168517499e-01
-4.280842443296354327e-01
8.762471469179599071e-01
5.557362613238647775e-02
9.114448170686541006e-01
8.169129813559359299e-01
-2.901520541222882832e-01
7.711041448812642196e-01
-3.238081130020921405e-02
8.009990007816070179e-02
-2.604384942444692985e-01
1.941282524654520392e-01
-3.460854770320820895e-01
2.883099159444802578e-02
9.373545184418459186e-01
-2.601772399168643113e-01
-3.608854484305593080e-01
1.642289304065279731e-01
8.252837054179636977e-01
-3.295898737097213704e-01
-4.523447912686449635e-01
-1.830040222211569423e-01
7.677329688995190304e-01
8.622056466738891034e-01
7.839964349177640512e-01
9.285254458596402527e-01
8.963598056610242448e-01
2.266621292154614997e-01
3.512514547611271243e-01
9.000689990589989531e-01
-2.786217501049559897e-01
