-1.076969428865618000e-01
6.814827962299512265e-01
1.355506088900924055e-01
1.422247218363266105e-02
7.797064514756379960e-01
-1.551916069193376713e-01
-3.361517660329406132e-01
7.256130760584436068e-01
-4.196120790734140793e-01
-4.298752170011262974e-01
-2.034865698873012940e-01
-2.634377889907803527e-01
9.456137278813745439e-01
1.539957897008731313e-01
9.241393349265898394e-01
8.074304368701966661e-01
9.240469622852180986e-01
-8.002024517239185453e-03
-3.541781616902208163e-01
8.260596430144407920e-01
9.005590946615171788e-01
-5.441567151009699121e-03
7.873083948275346744e-01
9.068095028873487395e-01
-4.077792806903933753e-01
7.862408595287651014e-01
9.209716037301839409e-01
-4.051760463750543884e-01
-3.196055426564148871e-01
4.521769000892216644e-02
1.795918472207881367e-01
8.181390610633803018e-01
2.139708114781370962e-01
-3.588439436661789439e-01
9.775517286891283186e-02
8.093312879977236918e-01
-2.155847753306424641e-01
5.990824723514568406e-01
9.007011891207936660e-01
8.990134840621667456e-01
1.840810242398441265e-01
-3.127098793464936355e-01
8.022637517864444900e-01
9.111313746672576874e-01
9.063912268988245646e-01
7.615809754543180210e-01
2.188270896445945746e-02
-1.153302305033157421e-01
-3.904059836080083223e-01
7.419522758043715915e-02
1.285740697756044548e-01
-2.278227465900957427e-03
1.213757736011115695e-01
7.957697751601370273e-01
7.881077946793486610e-01
9.034575118712020458e-01
2.407395439902128842e-01
8.201059777827436337e-01
-3.176790185031697078e-01
-3.737885877955396396e-01
9.030394790457397791e-01
7.780244532547154757e-01
7.509677840022828121e-01
2.108153872556940006e-02
2.868483415547790766e-02
9.067534857419348171e-01
-3.062471110239586847e-01
7.395550057576114611e-01
9.328558230276270402e-01
-1.834752607792650703e-01
7.335468541758768390e-01
-3.833824115173447566e-01
9.061410558623008704e-01
-3.061034087027983408e-01
4.238827230410430191e-02
-2.925893385120700851e-01
-1.506399544404220248e-01
-3.688079024377081683e-01
-4.343101666819569329e-01
9.238185132062961546e-01
8.631922618608766085e-01
7.136777742746317488e-01
7.617362333042088096e-01
9.169082818548935920e-01
7.622446086836648371e-01
-3.567163574661879610e-01
-5.549203925718311503e-02
7.035397813500965380e-01
9.078345011371539153e-01
6.407837555564565024e-01
-2.724360516793098430e-01
8.960110937432849143e-01
8.577401302042682030e-01
7.566220264836975851e-01
4.333492868733081205e-02
8.645667568016482396e-02
1.828486993032793148e-02
-3.685112047109637134e-02
-2.696124747210069672e-01
-2.260379509046335778e-01
1.106864467952277803e-01
-1.722016472492517436e-01
9.265508155083723718e-01
7.925615479151646436e-01
-2.982903877159930328e-01
8.044268310523614574e-01
8.890897171516775055e-01
3.781790648764946777e-02
9.584762486871128973e-01
-3.531323171027521690e-01
6.815422137213271725e-01
-2.790890783265381203e-01
9.046058509835599448e-01
1.235307920873853493e-01
7.971919590330760474e-01
8.780769573990266919e-01
9.052592680348642284e-01
-1.694146106543868990e-01
-4.799815021688668693e-01
7.897419801415306306e-01
7.202461589065699554e-01
-4.468207231484782604e-01
7.498628318464639619e-01
1.352812197169395991e-01
9.162087366597717608e-01
-1.991826355109128088e-01
8.864031765033335564e-01
-3.692731024985222432e-01
9.202485299123731588e-01
-1.318892754396086553e-01
3.624000926582965909e-01
7.157746025863268025e-02
9.199066777776490067e-01
9.084893118096405429e-01
1.917770247778960713e-01
3.897562994585845181e-02
-6.665314924440597644e-02
1.370436371106315276e-01
8.962639799292296816e-01
9.667739820532686434e-02
8.816867614000086784e-01
7.762621739938143639e-01
-3.671337881721844498e-01
1.335046652378726328e-01
9.023990479519633512e-01
2.313260896486946661e-01
9.177338105787110623e-01
9.080646424028639974e-01
9.071601932535859891e-01
-3.054576505822501065e-01
7.336234865639861269e-01
-3.518035429446078055e-01
9.237932951132551418e-01
9.499791537353273752e-01
9.031219759118849222e-01
-1.210742144649234846e-02
8.894882666300389651e-03
-2.758982731581938186e-01
8.048949005134660162e-01
1.487426417582559113e-01
8.916444578174280711e-01
7.978923712611794006e-01
7.051214148618359379e-02
2.024733498300929913e-01
7.540270033683832418e-01
-3.087209466600571717e-01
-2.176360497553063156e-01
7.607207698468583246e-01
8.570615844326829880e-01
-3.315430907848154751e-01
-2.161365720380830635e-01
9.069224386940811788e-01
-3.595741894879408429e-01
2.002434252046693397e-01
-4.291343743684293555e-02
7.991518245575306434e-01
-1.581402118213410257e-01
7.642558424317380528e-01
9.292919716976305589e-01
3.200455122637374528e-01
1.303601659861150508e-02
8.168320061114622277e-01
-2.995262079830713908e-01
8.251403560513993485e-01
9.097517719849713691e-01
1.378191621963573144e-01
-1.269664996469891394e-01
3.893120369741736586e-01
-7.864576472281276098e-02
9.223713505038373395e-01
-2.534779557931740035e-01
8.645659599185959165e-02
8.727250447028664926e-01
8.295860061706394895e-01
7.878858282266035795e-01
-2.686512470403134428e-02
-2.306317340519085102e-01
-2.680431180613745967e-01
8.991320910032545299e-01
-1.365420002642841468e-01
-2.754948263838364886e-01
-2.119906937179721618e-01
8.950593659149190806e-01
8.044875490620393421e-01
9.075402900106861459e-01
9.030024101064060282e-01
7.889608014348241660e-01
2.307554413581816566e-01
1.748732695411299165e-01
8.605854527530620857e-01
-1.973875043517678285e-01
9.178635280679205977e-01
9.079266737874918114e-01
-2.388190886923487188e-01
7.700611285464835643e-01
-1.833501255512238748e-01
1.315874079200747004e-01
9.275478148984281912e-01
8.947763159667858623e-01
1.009275234629741502e-01
7.693722605117133684e-01
5.751809912189344287e-02
8.841391480083156118e-01
2.730954888802751279e-01
-3.404805098156794552e-01
2.383922457493195535e-01
7.311185237687848337e-01
7.534261484367357209e-01
7.205326982317976636e-01
-3.347213167606746254e-01
6.985316377376704633e-02
2.800311180309363324e-01
-2.701820661882599062e-01
-2.421126210302114168e-01
-1.817837199896120137e-01
9.159111898224352455e-01
8.056224559277561648e-01
-3.497998141835033103e-01
7.265096747969833346e-02
2.553097845963291923e-01
-3.989471333846360546e-01
6.196313220486224238e-02
9.438097041348123550e-01
9.385544441969316809e-01
-2.437516900881576964e-01
7.548840513331266378e-01
-3.010885233337929900e-01
9.566601381870637466e-01
9.110578467481338372e-01
9.027497648458657764e-01
-3.215101336279707622e-01
-3.102375164926136630e-01
9.000188170139261645e-01
9.477528455905981364e-02
9.053505557383506597e-01
-2.841911523154793673e-01
1.148565033181181694e-01
7.997503697162799963e-01
8.870579827235628434e-01
9.021060652322959728e-01
9.107250520557667040e-01
9.115243039684722826e-01
9.154606820654728194e-01
-1.872422984070536423e-01
7.754560122397478050e-01
8.940981190089819508e-01
-3.130981658063007878e-01
5.289570634250614217e-02
3.430474715378014072e-01
7.071129495541808030e-01
8.746133473294054328e-01
-2.743783121543288406e-01
7.298072914860100902e-01
-3.057285020596908764e-01
-3.264304488452769992e-01
-2.599416704316613869e-01
-5.545873150994543033e-03
8.491644929408140863e-01
-1.747025100317422808e-01
3.543521192285766230e-01
1.674640762117429460e-01
-2.100133952073894583e-02
-2.877060659936144793e-01
7.455117353468618813e-01
-1.964121309117563552e-01
-3.195660919755592966e-01
-5.115999892445177721e-01
-3.258391239916166304e-01
-1.660436422161392367e-01
9.165830180976889396e-01
