6.268534010019308211e-02
-2.475416441659780697e-01
-2.689895611488966609e-01
6.544301156343496073e-02
7.200190026861016390e-01
-3.871060478008793160e-01
-3.417813888012733448e-01
-2.657018023279967833e-01
-1.950279223542379370e-01
-3.923675202323342326e-01
-3.307253243063071890e-01
-3.282349872848142613e-01
3.160315784492265939e-02
-3.950087971583411406e-01
-2.649677346845773218e-02
8.926704502275544240e-01
2.262588744959905668e-02
9.205898088506974108e-01
7.516575462870935809e-01
1.078862350074913726e-02
-2.543918333319737934e-01
-2.158883455012203245e-01
1.820583913564474965e-01
8.278520990057857132e-01
-1.897428229419372003e-01
7.174354310728594530e-01
-3.095737103011454439e-01
7.191790976340697306e-01
-2.076218340559040088e-01
8.511160412508121942e-01
9.211119170018444713e-01
8.707429897360104976e-01
9.023734481664285045e-01
1.286185150635468510e-01
8.940009503034456184e-01
7.308754880726712200e-01
9.044037428782616406e-01
8.088425197921544907e-01
7.404739726572687752e-01
3.012153934553787327e-01
-3.837331015252620214e-01
2.911815497821243492e-01
7.907140022311001104e-01
-4.149383636056975244e-01
1.426715458307740159e-01
-4.053236483716040617e-01
7.025022484033648373e-01
8.993224408909071821e-01
-3.550975288319292433e-01
8.756002516141854208e-01
4.340890328141015081e-02
9.384307906845244796e-02
-3.315152554043646616e-01
1.275864060529709465e-01
1.492694082749513873e-01
7.800425832986328523e-01
9.109173702665466221e-01
-3.872582069961373330e-01
-1.817519604381419851e-01
8.598304020535760817e-01
7.241439311956784364e-01
9.136365959822023708e-01
9.197209978421587717e-01
8.951270405234552641e-01
7.678867398826589863e-01
-2.255026032659332436e-01
-3.884750398825548845e-01
-3.364356961958459569e-01
9.070036135150205681e-01
9.166375892639045952e-01
-2.850690030174136691e-01
-2.676000387340340958e-02
7.674281097000644758e-01
7.872926487323975708e-01
2.578041290167452093e-01
-3.740177603777020132e-01
-3.018594723608479802e-01
8.754889507195451337e-01
-1.283494949017897901e-01
8.761907191357436453e-01
-3.800316074284922352e-01
9.136762623879070011e-01
-3.617642268742907730e-01
7.386969879870672884e-01
-3.203029860241583537e-01
8.167791264303548848e-01
6.565870167690939230e-01
8.597020629264288116e-01
-3.392026678929298544e-01
8.967078619112962556e-01
1.371891754649677830e-01
-4.353627860115321102e-01
-7.861981880622002927e-03
-2.413102681372862601e-01
-4.717612109373134910e-01
1.015356079235589515e-01
9.050470837710153926e-01
7.426048020858355692e-01
9.106473637109657737e-01
7.366438006332738375e-01
-3.198860734574129339e-01
-4.268652686687423592e-01
-2.763547432430357165e-01
9.014431105909672670e-01
6.942498992024463966e-01
-1.326402049026497720e-01
9.106630358733508457e-01
8.875704217218514103e-01
1.013369295103117886e-02
5.411621378083354000e-02
9.060103806679669081e-01
1.979244960395510344e-01
-3.216722566841728054e-02
-4.247402306709213149e-01
8.266192662671681401e-02
8.958179842482035804e-01
9.102192841333210938e-01
8.206279290417231032e-01
4.576212590301440702e-02
8.427209625415365002e-01
7.214975137721615361e-01
-3.287118882767515737e-01
1.521042294675128970e-01
6.896119919002279275e-01
8.409274135745949952e-01
-1.855604689306881716e-01
-3.270260043079107337e-01
8.039424087526489959e-01
1.532159351071360198e-01
9.169439739333286044e-01
-2.138504425747635440e-01
8.968569091200059296e-01
8.084147998175478245e-01
-1.184458612491713636e-01
7.538816545973547889e-01
-3.659919695854207400e-01
7.985333036053654521e-01
9.159952434944172994e-01
1.281694256759551009e-01
6.751664410659770077e-01
-3.090556446716767880e-01
-1.461578377502961712e-01
8.921579942537100072e-01
8.508166007257507435e-02
8.892830454239198934e-01
9.187462287646253056e-01
-3.054522941345410025e-01
7.789093245460378956e-01
8.622624558531085670e-01
-3.426471784474146021e-01
-2.653567890257024775e-01
7.667885479593918863e-01
8.482554041286750612e-01
-2.116198497301437498e-01
1.629632803541676833e-01
-1.073986739408900742e-01
8.855276053615239729e-01
8.633274065195230274e-02
7.417839500137525244e-01
-2.696215212700311392e-01
8.263059712011199265e-01
4.822024899035086409e-02
8.897265023544432827e-01
8.174914714920857861e-01
-4.778360285179150679e-01
7.478587089172122893e-01
8.963861223311464510e-01
-1.923845919574324326e-01
-3.193975262947829075e-01
6.825070640473027694e-01
-3.007774298270942115e-01
-1.920384364794259502e-01
-3.250430468870980083e-01
8.907389559621445851e-01
8.989318997704632830e-01
8.562495826459954884e-01
8.057688152479750565e-01
8.923277932408395507e-01
9.065598606259663850e-01
-1.600855956489767862e-01
7.732734766510501734e-01
8.042160105767294231e-01
8.925808338277437803e-01
8.073308579517968209e-01
9.041986755754609639e-01
-5.885349111716812673e-03
9.192886755090341477e-01
7.412345049283606269e-01
7.429431723736470428e-01
7.264613046568287880e-01
-2.775998092932605577e-01
-2.092165970837976952e-01
3.553143205231433510e-02
-3.591916662562282259e-01
-3.255290202419859891e-01
-2.838165369621843404e-01
9.606372134316264466e-01
4.449115942308239091e-02
9.190510638584693526e-01
-2.619950121661118736e-01
7.981499635966003980e-01
1.056742098685826969e-01
-5.625808672040005787e-02
7.399811120883048599e-01
9.165649793216872343e-01
6.995011409230520449e-01
7.811433541402738046e-01
-4.091747628683791160e-01
-3.742827790207545746e-01
-1.077595356668779869e-01
-8.541426843758526122e-02
-1.473296801828400393e-01
-3.389626826814704508e-01
-4.266981722428812018e-01
-7.710096205767917599e-02
-1.332438734125652169e-01
9.108114220933292149e-01
7.221280750952605576e-01
-3.518064834390991491e-01
-3.521193094787115063e-01
-4.067924793371642811e-01
1.095906856655626260e-01
8.967658611961271120e-01
7.609592878499390478e-01
-3.001972733688080264e-01
8.130584049798605939e-01
8.403908411857988758e-01
7.224445115509181559e-01
8.871739768201971632e-01
8.427167967629236589e-01
-3.762111696335931899e-03
8.613524058341182066e-01
9.429423202121471892e-01
7.193140754169370377e-01
-7.921838220090277050e-02
7.725612653397869733e-01
-3.989229359049680790e-01
8.162772606878642145e-01
-2.529167459709316668e-02
-4.466686080414470489e-02
-4.283445421154972177e-01
8.690540606726312456e-01
-1.981264430763780143e-02
8.740436057862039920e-01
-3.661049564429297298e-01
7.998051975498848831e-01
8.981664503616956230e-01
-3.252178835096619647e-01
8.849632132874099000e-01
9.180011099849033629e-01
8.110692671145000032e-01
-2.614472259794916043e-01
-3.707116821526128536e-01
-3.037552378114465740e-02
3.342186885501381710e-02
-2.579920768534290088e-01
-3.080844816578431344e-01
9.163664658008894293e-01
1.148953434470504353e-01
-1.368360385641982646e-01
-2.899283921755651527e-01
-5.825754580429706037e-02
9.164670745274305919e-01
-3.405358924668736575e-01
2.265216380782811290e-01
9.092683136978206848e-01
-3.741524613782235553e-01
-3.236385492824069288e-01
-2.982615783343842697e-01
-3.940274051827845625e-01
7.564892597881932579e-01
-3.019573064777613114e-01
-3.014312484908671097e-01
4.773480299576712826e-02
-3.629220008659443941e-01
9.096780770857932907e-01
7.749264361004043478e-01
7.376142798803995149e-01
7.945974754670154239e-01
7.720052443923968166e-01
-1.021866186661261611e-01
-4.008270016568495908e-01
9.066389973507669175e-01
-3.300255761353764750e-01
8.119354262441129677e-01
-6.015752521094874100e-02
7.554820536599267111e-01
-7.834814588025285076e-02
-3.662559684081397871e-01
7.673647892508882462e-01
-3.467493632131888881e-01
8.269130321297507580e-01
2.925159244691380445e-01
8.727239916700706146e-02
8.934017626628442121e-01
