6.449704871452999200e-01
3.951196128353244574e-02
7.473192077457146976e-01
8.976801431031031786e-01
-6.917085305164694109e-02
8.980643980118586667e-01
-8.487540388162538585e-02
-3.550320793685580179e-01
8.568931028295464492e-01
-4.776290070021324552e-01
7.755818668847362929e-01
7.768137201847163942e-01
8.965857058550078529e-01
1.797731189820676867e-03
8.849709068632708453e-01
7.413040945314872676e-01
7.864767471288949263e-01
-3.275269578957691885e-01
-2.661458165308743240e-01
-1.234731159364329117e-01
8.943049866265584402e-01
-3.725370071213884304e-01
9.094286624735968827e-01
-2.913204232509808422e-02
-3.070311586510235946e-01
-2.223513045257463627e-01
7.464239082907349054e-01
-3.832260721110751778e-01
8.032729776660579857e-02
-2.969363750515051081e-01
9.309146892997028910e-01
7.831261451116224848e-01
4.256623282656656904e-01
1.426583850563130085e-01
7.644173122881163795e-01
-3.893219354538735022e-01
-2.905977295625829515e-01
-1.134373174348252133e-03
8.872427253180615869e-01
9.498697192455496374e-01
9.386477801260102449e-01
8.910938106527847014e-01
9.604508414537206162e-01
8.934685816357107457e-01
-4.273692462187664853e-01
-3.552610607956807054e-01
-3.425395558667447271e-01
-3.474629316359414410e-01
8.294997064928762986e-01
-3.720873532398945027e-01
8.831488520275251330e-01
9.082074585032698932e-01
9.029474945281446008e-01
-3.759181616882522614e-01
-3.143512781272445600e-01
1.152559357898420428e-01
2.591269077528069453e-01
-2.909840883759434726e-01
2.113270652410125239e-01
1.217571068009097035e-01
7.297868131163895988e-01
2.380370002609137961e-02
7.722752051583113841e-01
9.443719883202613685e-01
9.477562947447911723e-01
5.932065286587480113e-01
-1.119534708655325894e-01
-2.655282076342134756e-01
-3.124174203592834376e-01
-1.668227974348139575e-01
9.633816569643801619e-01
-3.181514468156511621e-01
-2.460855305706708684e-01
-1.288940638522330651e-01
2.657480853194141845e-01
-3.303810266390561773e-02
6.301219652398278859e-01
-2.061010595962405600e-01
8.763874440136768529e-01
-2.979532413091845466e-01
-1.149251405850571228e-01
7.735477193247701777e-01
9.096295975951421697e-01
-3.815949653837628630e-01
8.947760903637046459e-01
-3.517264222505542270e-01
9.142328942398427749e-01
7.765537084391858080e-01
8.002855900574303849e-01
7.714875422480633738e-01
8.907970612957147871e-01
1.873110025915698251e-01
9.436194708149117094e-01
-5.748670493767253642e-02
7.402843877760294511e-01
-1.186317693631744330e-02
2.950854972563381889e-02
-2.926903539571360513e-01
-2.325408843341815468e-01
7.871723740725635743e-01
9.099291295604361451e-01
9.274114153275977435e-01
3.672875673738942165e-02
-2.370628441342316206e-01
-1.050899718210495104e-01
-3.208528855201399632e-01
8.883483186860899883e-01
9.899176301319864701e-02
-1.269684331285470813e-01
-2.437108095103023009e-01
-1.432911055252885368e-01
8.163803824589339619e-01
7.082624243910790041e-01
4.186562435173043356e-02
-2.857926508709044966e-01
5.445955157360207743e-02
-3.556536515330696591e-01
-3.032614749188408676e-01
8.563241099937969336e-01
9.367717621866809008e-01
1.910988852706471675e-01
3.667837706486612448e-01
7.816755768775925928e-01
-2.249412275747818546e-01
9.214844555685125504e-01
8.709422408577982555e-01
-3.207725921315262019e-01
-5.522330677367821850e-02
1.223642370957787537e-02
6.629929036746684545e-01
8.402663400161448637e-01
-2.820049205561840910e-01
7.367312144712356847e-01
-2.680674893844177675e-01
9.161585562066294486e-01
1.165083073415986853e-01
-3.592459043964916221e-01
9.204785024896156020e-01
8.919707614985258326e-01
-2.925496703563699175e-01
-2.845601028891789896e-01
6.278077307526230832e-02
-3.699142226894301944e-01
-3.946627037552551398e-01
7.732502763138370261e-01
9.001815807778015266e-01
8.465123784740036239e-01
6.477376265180942450e-02
-1.489915967157062066e-02
7.777886939580177517e-01
1.467641626375230102e-01
9.176261222189647793e-01
9.102961603387719203e-01
9.173937427376527287e-01
-4.119279384885069506e-01
-2.849239984147587390e-01
-2.042622545886527419e-01
9.364773355902699103e-01
2.931611338868248678e-02
7.754016380248752727e-01
2.784965005675488214e-01
9.158181745459957890e-01
7.923195042931714671e-03
8.787099725136089390e-01
7.361525534054356168e-01
-6.245890696037065259e-02
9.483925901970766681e-01
1.293153427569090352e-01
9.189833197341878979e-01
-1.608577587051973901e-01
8.821074643704002183e-01
8.402714620190776529e-01
7.730289307622070227e-01
-2.716625157613286601e-01
7.457090944181594960e-02
8.679218666933007365e-01
9.174371821366815727e-01
7.787794445295820323e-01
-1.143572303008548452e-01
-2.110632452414554217e-01
8.812789449426038368e-01
-1.345918744244367915e-01
1.505361524254611172e-01
8.787865660691654979e-01
-4.486402964112554126e-01
5.822004031463638707e-02
-1.084651909683462812e-01
-8.068884668598087784e-02
7.837954216408308250e-01
6.874439168733963434e-01
8.540486369705997394e-01
-2.555489490299066024e-01
7.460838421226007044e-01
9.128593838786704939e-01
7.831488977265470552e-01
7.850550366879806008e-01
-3.090657935920147481e-01
9.281514693036084784e-01
-2.362441908812310254e-01
7.785802069701727168e-01
-3.341612593357242145e-01
1.031637339749835319e-01
-2.877006514081936750e-01
-3.631233683802719825e-01
7.902079094664827830e-01
3.813390773682798912e-02
-3.624361715516672966e-01
7.909810811936214270e-01
2.828145662276086020e-02
6.036412456097659529e-01
7.195606597169869056e-01
-3.961044639982211346e-02
8.292460682970755892e-01
7.532518815103219634e-01
9.018026040099667018e-01
7.214345602059012430e-01
8.848782383765197990e-01
2.753287406925028491e-01
8.541696547192660915e-01
7.895679026634259134e-01
9.005438074805324211e-01
-3.728069363368801126e-01
-2.612659593327318897e-01
6.418617176900108523e-02
-1.535797878006009420e-01
9.430294953167307481e-01
9.221134403215537345e-01
1.583161447309396341e-01
-3.090960096468725049e-01
6.103777929721609929e-01
8.359434081863565957e-01
9.193728879120415254e-01
7.439477219557073528e-01
-3.032119325372962249e-01
-2.725628021564358572e-01
8.119353762883855241e-01
-3.810552543185736218e-01
8.269441476241661260e-01
8.801296929492896659e-02
3.730677319341001857e-02
-3.016935846548461919e-01
-3.354691334424833582e-01
3.014078140092061320e-01
-3.770341819746140799e-01
-3.298409151251315841e-01
-2.312524309805996658e-03
9.146181243299000840e-01
-1.223075628886114569e-02
-3.186423918354325813e-01
-2.747405264316563622e-01
-1.300160323507471016e-01
-3.825539286741520550e-01
-3.132544674121597317e-01
7.142766967952701718e-01
9.021316577037142848e-01
-2.611421052254943587e-01
7.807726388078913837e-01
8.029617490727807283e-01
8.311172686320201786e-01
-2.225019677938488982e-02
8.370004992381075981e-01
6.730979136260095697e-01
7.710361476526281788e-01
8.889984423260680613e-01
9.083944755714362662e-01
-2.721724755837848786e-01
7.132803668841192213e-01
-4.040315831117013978e-01
3.212705358459194693e-01
-2.369038418762222514e-02
8.244118648305570618e-01
7.579557969788744964e-01
-2.994059075670865155e-01
8.939802277882583637e-01
4.261125091688523769e-02
-1.062482296676069277e-01
8.642361075876872634e-02
8.327799154484403221e-01
8.507131942583013862e-01
7.637795916085459158e-01
9.418513091744542542e-01
8.981620322807509771e-01
7.828603930798159194e-01
9.292461924492737557e-01
7.902737199889844355e-01
2.292597107544281504e-02
8.592981457502943954e-01
-1.239373878842824489e-01
3.898131787409473553e-02
9.193507549549176927e-01
9.514100905152280685e-01
7.505273620243420041e-01
9.069493130116641488e-01
-1.793217597909376460e-01
1.915682699842823078e-01
7.809699526720214058e-01
7.961765720670704871e-01
1.943066478078746273e-01
