-3.223310916650555247e-01
-3.026871613966876651e-01
-2.240115579813010405e-01
-3.650774229909756752e-01
1.412846904003217489e-02
-2.284436788276626717e-01
-3.353093154622788230e-01
8.200726952017478588e-01
3.120436535161532077e-01
-6.156373477368354274e-02
7.622137391384761207e-01
7.761873022791794252e-01
9.026143541219501243e-01
7.711359947842096885e-01
1.783268479471271650e-01
-3.620986159658844405e-01
2.781534969317751502e-02
2.838027904865261103e-02
8.690412039654177301e-02
7.515254045724799603e-01
1.007585201884945714e-01
9.079507335691909820e-01
-7.415823428424456187e-02
7.563157377373913581e-01
8.409627894889964983e-02
7.736217288104265677e-01
8.223891917642446314e-01
8.267931964990935523e-01
5.265108016500451293e-03
-2.436087563367851927e-01
7.581385421652335754e-01
8.547478013613698522e-01
-9.209945959607693244e-02
-3.619243494202858402e-01
1.303176771290606439e-01
6.992560448100283432e-01
7.042694035484349246e-01
-1.063847281687485546e-04
-2.913628263195462975e-01
9.105545423952734474e-01
8.459012243494434813e-01
7.546106085597333868e-01
9.014864311239532135e-01
7.549803885456455310e-01
7.528750082380322173e-01
-5.103952297006539851e-01
-3.970279209364174222e-01
7.342648322362330116e-02
7.852211819870194009e-01
8.048367242746805594e-01
1.127644845226045411e-01
-1.898662603942990468e-01
8.783746570721934210e-01
9.075381892028885344e-01
6.783856189488770561e-01
-1.113786446465953178e-01
9.122089456197014501e-01
-3.235312467404148351e-01
8.691177283820628041e-01
9.191035604799898673e-01
-3.230242872341101412e-01
8.965128383762266395e-01
5.159008128043753028e-02
-1.807329789015789112e-01
7.733836708507032531e-01
3.469665081956868624e-01
-7.926690708706668476e-02
8.017132719435693389e-01
7.558088189079492647e-01
2.400099137217899803e-01
-3.090628857772829696e-01
7.666496022063369331e-01
-3.041200375138378709e-01
4.734814307201237055e-02
-3.568256953258133746e-01
7.545907901361741388e-01
-2.904139419611813655e-01
2.565384522096655351e-01
-2.573156354654514422e-01
8.089345659990011539e-01
-3.145552990402337157e-01
7.022639433417602328e-01
7.957013859081136786e-01
9.094605734587378754e-01
9.157401524324948472e-02
9.030261569262261201e-01
9.204837240047816227e-01
-1.114196046155230269e-02
8.948903416965005020e-01
-3.656986213869519164e-01
9.174221193866973767e-01
-7.000926298949780580e-02
8.234428790495420536e-01
-3.428024166753567137e-01
-2.558282659309950025e-01
7.551343621236988879e-01
9.311591322639833912e-01
9.030798035814465718e-01
8.048278001680522209e-01
-2.543286036120806504e-01
3.018845820232784333e-02
9.032790391966804000e-01
1.052769963676833120e-01
7.766693568912381718e-01
9.120847874205970651e-01
8.194828258973482216e-01
7.709865008043480517e-01
-4.596495835127481500e-01
8.178702482575225252e-01
8.998899927435505264e-01
1.145719411065831278e-02
-2.736628279770767502e-01
9.083545742297742809e-01
9.170027168293983788e-01
-2.431698669632918752e-02
8.154964300691331935e-01
7.593469094244268414e-01
9.094507335023190864e-01
7.229388273816575450e-02
-3.024043189675006404e-01
-5.738234926127725594e-02
9.176278536784052697e-01
-3.207613457981745020e-01
-2.996379859262828793e-01
6.066254413425917202e-02
-1.746360641234794286e-01
-1.486504714294381579e-01
7.567034318697116735e-01
-4.021035718965897399e-01
9.268632592051463392e-01
7.537804572210671239e-01
7.747112172590104873e-01
7.139413981870004200e-01
-2.827329593149232601e-01
6.676934246591332833e-01
-3.111064619630183881e-01
9.076800017387882669e-01
-8.850117374773627810e-02
3.622815402441548205e-01
4.437593679700412019e-02
-1.927492726264672107e-01
1.071402767358407490e-02
4.157261042900030346e-02
-8.392073244460743209e-02
4.466388869804459316e-03
7.701054042073465222e-01
7.648694159416407068e-01
8.411274713942049619e-01
9.252403384478196102e-01
-1.384520367246986627e-01
8.174316036132649455e-01
4.101469291904798892e-02
8.762296862358767147e-01
3.318459444874628794e-02
-2.374881393145991948e-01
1.415821880339432348e-01
-3.193531522135649725e-01
9.073619095598468576e-01
-3.130470468673068329e-01
8.942792805442911774e-01
-2.674064617650382392e-01
1.049391473429740207e-01
7.731553100455086369e-01
7.792016499406438923e-01
-2.394132893354607855e-02
8.447941931684375128e-01
9.054108752962676254e-01
-2.172599420286968896e-01
-3.472176290873659754e-01
9.008725656009916039e-01
9.105560299083242937e-01
7.039860923190488506e-01
8.888530127317987306e-01
9.048491280360588807e-01
8.447986916917112898e-01
-2.558614689210202964e-01
9.205912263047446586e-01
-3.018583619021368292e-01
-3.334262079750537899e-01
8.698776156484752109e-01
3.160870834392967565e-02
-4.091926469032258762e-01
3.900893190791064891e-01
-2.677227264239592230e-01
8.789591448662925632e-02
-4.488512119411141449e-02
2.700844178261655459e-01
-4.810317429342934603e-01
-3.719406968492972032e-01
1.320040277660017858e-01
9.380469783554695740e-01
-5.494995321450359127e-02
8.826197419581277570e-02
-4.602116880363141260e-02
-4.232150793237177133e-01
7.357866081255193258e-01
7.523521684123453124e-01
1.558189572476090801e-01
-1.827860312427675438e-01
-2.942048726935225789e-01
-3.511386792739008833e-02
-2.460473318688529143e-01
7.987464486704735078e-01
7.843423867555966433e-01
7.744427427003049980e-01
8.472735096574215974e-02
3.463355580503518771e-01
4.118177918847033825e-02
7.744387524557413416e-01
7.800662024676784378e-01
8.052997619886822500e-01
3.797271686012300418e-02
9.356043592893980021e-01
9.176416055588412224e-01
-1.692605036211415892e-01
8.396138007317878182e-01
-3.068984068239222762e-01
8.614819796898713911e-01
-2.370932203215830869e-01
9.318011075875519689e-01
-3.142694644413099314e-01
9.411066791666355957e-01
-2.690935774467180241e-01
-3.138121569935427568e-01
-2.212803146956487943e-02
9.202074670104788412e-01
8.887787841629771757e-01
3.555612063247549914e-02
-4.652451376390959736e-01
8.939860602966739345e-01
-2.245243177261712353e-01
-8.821707643451529024e-02
7.759385860402723267e-01
1.452215607455649149e-01
9.025236633993830582e-01
9.402148459931325419e-01
8.285319378764154363e-01
-2.779412328681180044e-01
7.408504516476683843e-01
-4.054080598718510786e-01
8.433914904737822571e-01
9.120008482299251096e-01
9.201482174281393478e-01
8.702735347969796642e-01
1.276655387346495862e-01
-1.146073761961488996e-01
-6.244203181757446153e-02
9.198527600031756180e-01
1.466507759552425350e-01
7.849915986352473674e-01
9.704089647497182725e-02
-5.240777245566310277e-02
8.284266987731984111e-01
-3.857673524046675295e-01
-4.689649259351199584e-01
8.136502917012735647e-01
-5.048074428527463686e-01
-3.449055208253467564e-01
-1.895561001025991010e-01
9.094298030512917297e-01
8.885715181532940488e-01
-3.661581730354788178e-01
-3.116378095140017179e-01
8.751184779513290213e-01
7.627244308802265671e-01
3.037672312001905156e-02
7.175711513225992988e-01
-2.945602377476937983e-01
1.388400833527434625e-02
-3.561622741963743066e-01
9.007274132530005417e-01
-2.395895516763225375e-01
-3.615518561352415450e-01
9.104290680125555202e-01
8.590612065612723836e-01
1.084830948266240769e-01
-3.026537594623091021e-01
-3.681751828064007692e-01
8.858260436621301359e-02
1.384174040335662409e-02
7.942872198033322784e-01
8.729124280338032005e-01
7.167927440165658415e-02
6.274574494063740737e-02
9.216813052401489070e-01
1.312858345388240311e-01
7.536197396496734369e-01
-2.702225391307788716e-01
-5.150668158927204088e-01
-3.779738496197684872e-01
3.681901375457792280e-01
9.045950369471122965e-01
8.893630184343688239e-01
