1.842988517677943694e-01
9.252667787437864888e-01
-3.499090572602409632e-01
7.115562509750432418e-02
-2.652280276846183393e-01
8.238214528847411788e-01
5.951989298426781927e-01
9.005193952767829302e-01
9.271478863375419710e-01
-3.104137611456809775e-01
-2.781904800462277061e-01
8.994025856767021709e-01
-1.933126080206851866e-03
7.787391071869480541e-01
8.627293097014514522e-01
6.931830539872496644e-02
9.180500294867000033e-01
6.657999955833023842e-01
6.195071977691392062e-01
-2.399459099345039315e-01
-3.830106823241279379e-01
-1.336450764260302057e-02
7.970774468114451006e-01
4.278896253272296279e-02
-3.325334702951254773e-01
9.265323589909920665e-01
1.495944025661787302e-01
8.766936902623430061e-01
8.025927910935577447e-01
1.917268070833176852e-01
7.583956817512517157e-01
7.595231431036588710e-01
-2.305893782023035743e-02
7.974199033181113005e-01
9.142466485997864378e-01
-2.853854731529426592e-01
9.108209023551769867e-01
1.456775897352499405e-01
7.614593373649092278e-01
-1.847769224937364368e-02
7.197651433979889157e-01
3.765973565445928511e-02
9.072417538046749774e-01
-1.960505509018332648e-01
-2.993523612708514636e-01
-3.053015894792110441e-01
-1.130036095608285274e-01
8.929247281099680356e-01
4.417942068434888570e-01
-3.073275821003630393e-01
8.224047572101907955e-01
8.902029050107453934e-01
-3.369836131225950604e-01
8.748749824076081927e-01
1.654927641766529567e-01
6.770248664471307798e-01
-5.198822709081033500e-01
-3.788757153203751171e-01
-2.879860876953894144e-01
9.138641575497675751e-01
8.291030949769000458e-01
9.269985763882370167e-01
9.426565025138626819e-01
9.318834067768944074e-01
7.990381798937422619e-01
7.322554857337052470e-01
-4.050061440311039096e-01
6.797960298519986067e-01
8.357629881746118095e-01
-3.577439325698094086e-01
-3.617531044127099138e-01
7.483638447258791349e-01
1.290234307272015157e-01
8.449146176915593998e-01
-1.334456216918153137e-01
8.703795885018004164e-01
9.229330668032658114e-01
9.085795360030156642e-01
-3.601990583239234600e-01
9.292683837791770873e-01
4.153883198536473254e-01
1.380351702446982465e-01
8.084444163597284128e-01
8.961198444975611022e-01
8.735226219460412445e-02
7.907994624827254793e-01
-2.416148730528568100e-01
7.131072711683349441e-01
1.833631743752287546e-01
-3.795425225712186768e-01
-2.503409930239767212e-01
3.187121383113517559e-01
-2.911919332892161649e-01
-1.560917723777923150e-01
7.797315707026057918e-01
9.375729602883499103e-01
8.527446729925906022e-01
-2.736113843508183874e-01
-2.995329055848541810e-01
-2.004055064077354953e-01
-3.738582575707261602e-01
7.112673020096045295e-01
8.503423317150679006e-01
-2.765148478413448907e-01
9.258417209810999582e-01
7.465446173514338479e-01
7.254194200541338455e-01
-2.413671087170759511e-01
-4.295153073711195368e-01
8.041619989373752775e-01
3.300921880042580192e-02
-3.385255182510625849e-01
8.250690560789013528e-01
9.464932698205654749e-01
3.077450820407306997e-03
1.608323373057465033e-01
7.880676357055867998e-01
1.430074143396275477e-01
-2.303377035504446668e-01
-2.078710274567321936e-01
9.104980655505542364e-01
-2.198410404271101959e-01
-1.458864021060804483e-02
-2.741740141901856109e-01
1.655098497926339451e-01
9.295070504321935045e-01
8.370683159180499766e-01
-2.205965249804717754e-01
9.054688569794490105e-01
6.306803803800198338e-02
8.010758766478784931e-01
-2.238048245267918457e-01
8.978161806292120906e-01
-2.305667221214875162e-01
9.224707672556795579e-01
1.616309743653862041e-01
9.132974737486138084e-01
7.037113026348310041e-02
-2.605864243913297296e-01
9.155621214144927800e-01
7.934910417809537542e-01
-4.066735342679476117e-01
7.692876188695458861e-01
-2.672944819344909573e-01
9.042461463309852121e-01
1.667418391908485897e-01
-3.877200244761472292e-01
9.083857417088012642e-01
8.202576444868751038e-01
9.084134973123111356e-01
-3.457623934732683146e-01
9.266248808852249885e-01
-1.673581861754683264e-01
4.254379055671751453e-01
-1.377971130102760289e-01
1.694516538035431008e-01
1.308925417338335784e-01
9.180589117411653843e-01
-3.683662581026394545e-01
8.096391214142917292e-01
-9.391961685526729886e-02
-2.839240228936770194e-01
4.887819748278343646e-02
7.347898409787043672e-01
2.382735756584231090e-02
-1.521374469207076308e-01
8.977081075929521647e-01
9.026198267766135652e-01
8.991326571663667000e-01
-1.360377018051343034e-01
7.015873475525589154e-01
1.328219407707750543e-01
6.885324703972491023e-02
4.443657645182891303e-02
8.881495201859512800e-01
8.926415089218554533e-01
-2.334266180771416010e-01
-3.341192388140952207e-01
8.799529655755795599e-01
1.366881263463293472e-01
9.196110856922055099e-01
7.416124309530193193e-01
1.013900536775121097e-02
9.088465748159135771e-01
-2.036057475619126589e-01
8.986282495588306940e-01
9.322847437288923622e-01
9.298221040972887153e-02
8.438069489452182381e-01
7.203306802661032515e-01
8.498889676830476692e-01
5.379482905318314079e-02
2.271848015265111320e-02
8.028137163628822348e-01
-1.938182100834743571e-01
7.624671279420667247e-01
2.233549440723867074e-01
8.156135812496223547e-01
7.666184543683240982e-02
-3.710286335105276723e-01
8.572362347073066990e-01
6.759703297984695491e-02
9.006098643966505835e-01
-2.799167501657155999e-01
8.804428661790281163e-01
9.274552977585570623e-01
7.836316208001375960e-01
9.329767022470547566e-01
-3.293720074620350435e-01
8.565921507063149754e-02
-1.256890220167647676e-01
1.034266934815852579e-01
7.567218241168528481e-01
-1.676093570182350667e-01
-2.211810588566810176e-01
8.866502018170151489e-01
-2.198150042066345788e-01
-2.354120261547341941e-01
-9.038269513594378302e-02
8.528424714922328009e-01
3.440486673510823601e-01
9.032143358638500263e-01
-4.001994615962643498e-01
-3.364841068822592152e-01
7.824335132903919021e-01
-1.797534176421878016e-01
2.959166756164646195e-01
-2.909780541437932688e-02
-2.192921611767067736e-01
-2.177664263929672828e-01
-2.941878090568711412e-01
-2.688617639763483114e-01
1.265929804227997058e-01
9.263395082373310219e-01
-1.688261333561580368e-01
1.341891797219462446e-01
6.013939198556777360e-02
5.415709784375040414e-02
8.978689551665677282e-01
9.191646403689118783e-01
-4.023791516795063306e-01
8.486824719477512602e-01
7.087320273316848329e-01
7.425219908485821696e-01
1.220287527705576636e-01
7.290686952727388759e-01
9.125660326466588090e-01
-2.979980236310316721e-01
9.486591073327435009e-01
8.768476426549731695e-01
7.403876105078638359e-01
9.327987584938448595e-01
9.103901570507962893e-01
9.149569194290633201e-01
8.026327017126673180e-01
-7.386084812560446411e-02
9.456828970002173484e-01
8.675871690695223792e-01
7.334969569551387236e-01
8.009914144907503974e-01
3.481202662315026064e-01
7.721968782997056246e-01
-4.982308094554002698e-02
1.784906307041324303e-01
-3.684625172947817440e-01
2.013580437039233506e-01
1.055259099412624857e-01
-1.820702162573216154e-01
7.563328447519451769e-01
7.526690309510022381e-01
-2.968708930403492485e-01
7.307359918940825594e-01
7.587318659077619820e-01
8.885868145699765686e-01
7.041108121214346982e-02
6.895381794182003921e-02
9.248156438434456117e-01
9.004468924255433215e-01
-4.976803748421576579e-03
8.746599576714133573e-01
-4.579309689303834308e-02
9.118821818890904263e-01
7.847352052180747162e-01
2.416621585692141916e-01
6.761972524568530263e-01
-3.440989534537322037e-01
-3.963740469924625920e-01
-2.479643779463248099e-01
-3.043716315788242976e-01
