-3.263540465574665816e-02
9.269792683543006673e-01
6.628210795107991604e-02
-3.884283519611396174e-01
8.794219482940656141e-01
-4.092112367857024258e-01
-3.903446294898144098e-02
4.138852077510797867e-01
1.741482599111849883e-01
7.736776845001613889e-01
1.792278855706933849e-01
8.887827503182931244e-01
9.029857710438734530e-01
-3.390856889979044220e-01
-1.705854816523642153e-02
1.455832750876611681e-01
4.894464969486757300e-02
-2.565098092734131585e-01
8.294213639720565689e-01
6.112867234377081238e-02
8.805157709474634720e-01
7.946658990348798302e-01
8.822992073082182030e-01
-2.074028196310702676e-01
8.141388132847996451e-01
7.501837996124863794e-01
9.103097816867582459e-01
-3.371468290602162576e-01
7.730463613955856905e-01
6.470729226730909112e-01
-3.053996136241089454e-01
-3.629115239639403856e-01
-3.156682196818650921e-01
1.004375134419745047e-01
7.670623179929307867e-01
1.424091436736794059e-01
-3.613877243256844451e-01
-3.460839923882156333e-01
2.557981316650623227e-03
9.512366229497319914e-01
8.107309047174859895e-01
-3.078976817960089596e-01
-2.681241980158655114e-01
-1.298300457160676269e-01
-3.322038899082038754e-01
8.002569765854814499e-01
-8.239500799907838180e-02
1.130935166227262090e-02
9.278409943051471598e-02
7.437157263102298632e-01
-3.831089181456961978e-01
9.086889706244480891e-01
8.457899930003055511e-01
9.327441177391184723e-01
7.963292761047175983e-01
6.766849911655180572e-01
7.910594714566103747e-01
9.685770550364344866e-02
7.406901989680172438e-01
-3.115401401680915616e-01
-7.995499845825583540e-02
2.570854558258195768e-02
8.135073474682087413e-01
7.561111003192384494e-01
7.620998982400013499e-01
-4.090582489815762779e-01
-3.219436331660205375e-01
-3.708622585992380483e-01
-8.949236777594578307e-03
7.484696473806157213e-01
1.018846753088006735e-01
-3.061067885087886409e-01
8.974183532229982330e-01
8.800569702291969332e-01
8.191503705127399504e-02
7.953291760894674045e-01
-3.896559456670162236e-02
2.761550871327339562e-01
-3.164127652531771862e-01
-2.001119754962374098e-01
-3.851467516933235191e-01
8.989299865378168608e-01
8.922700642540759564e-01
9.000112071985508777e-01
1.842765265930034757e-01
9.056110297504770257e-01
7.479798678277866930e-01
-4.071849288275144474e-01
8.166470143048011332e-01
7.779108581245507414e-01
9.327245065165521432e-01
7.435366610445336422e-01
7.818080969870696562e-01
2.889662559185687818e-02
6.996775531006786675e-02
1.301662929750803666e-01
-2.613211820399856666e-01
1.002725811734009598e-01
2.013974849299768888e-01
-1.233529056544978575e-01
2.416002493111353844e-01
9.037201924454526525e-01
-3.214966079339272031e-01
8.835698749442054689e-01
1.824207088152926259e-01
8.416572238203330336e-01
1.707319717523801683e-01
8.833914506944373635e-01
-3.563066757802925144e-01
8.865072505716479201e-01
8.874199860910747528e-01
-2.812388017494077408e-01
-3.455727369275162220e-01
8.929033917322523051e-01
9.242253127006386793e-01
9.019726082169077230e-01
9.088261006411935128e-01
-9.646188890348095235e-02
-5.105788889111309015e-01
7.771379744537648682e-01
-3.328896358555261115e-02
8.840229833727968334e-01
2.351222914906707928e-01
9.094768713285060757e-01
-3.965586831551130009e-01
8.273791274644409777e-02
8.194413686808192931e-01
6.856587286162053874e-02
9.139759197229058163e-01
8.240305857265277645e-01
1.593910371237247658e-01
8.951707420597917464e-01
-2.078925159229594311e-02
9.403867022178236112e-01
2.140588455659634196e-02
-3.272835800094899827e-01
-4.154686097531091749e-01
8.993452009010013404e-01
7.970949178724170414e-01
7.975912618254690223e-01
8.745427965339702681e-01
-4.327869230459893690e-01
9.027043679040247515e-01
9.139712018390078185e-01
-4.871587204204290145e-01
7.697403677092612417e-01
1.115533114169616480e-01
7.590602626128196695e-01
8.845036487774234901e-01
2.910947358612281724e-02
8.633684223252811041e-01
-3.219253169410389859e-01
-4.895627988966567978e-02
9.183831107717366216e-01
-4.075860286073862970e-01
9.348136087256371241e-01
8.795915585171708573e-01
-4.566045674577273172e-01
7.690944632427429983e-01
8.941471980716376722e-01
9.285992282745669790e-01
6.000108211689954285e-02
-4.033866711797882143e-01
7.515285061881770146e-01
-3.290261554748157846e-01
6.187788602898193213e-01
9.069940171681091234e-01
9.258239955609283145e-01
9.460591554220193489e-01
7.867003755862869152e-01
8.133811432556422583e-01
8.318676058613986291e-01
7.379086264909809345e-02
-2.703789118292351246e-01
7.281909627654828965e-01
-2.233187346276463425e-03
8.853765192027395203e-01
8.924010259481434115e-01
1.889071514927121997e-01
7.949253875070017017e-01
-3.264738829932308239e-01
7.425780225552423008e-01
9.110409069187341835e-01
4.601929302558964152e-01
-2.710529095575862635e-01
6.823684974833710282e-02
8.950819857496837839e-01
-1.048456258859235823e-02
-1.080541753572311359e-01
9.133484342934075073e-01
9.795860723800561831e-02
8.067630341389459003e-01
-8.431700468443392021e-03
8.877344021665146689e-01
-3.355425343882926237e-01
-2.341567823904645296e-01
-2.568346818749937532e-01
-2.506727096315659181e-02
-2.005270158917698831e-01
-4.167222254682800830e-01
9.361765848248226884e-01
-1.512781599586758285e-01
9.143238627370607885e-01
4.347656316526314624e-02
7.633767402532849466e-01
9.194501909723866717e-01
9.212984080045154289e-02
8.331049080910502003e-02
9.002114218703940463e-01
7.820744115770332794e-01
9.394522603215895717e-01
9.213438045736853654e-01
-2.033236315977898778e-01
8.966377016868960492e-01
-2.924238424529380653e-01
8.945176520520060626e-01
9.058726948030810799e-01
8.728325105994398925e-01
9.158402938977233676e-01
3.349330674706591654e-02
-2.750264200695867189e-01
7.862163054377075966e-01
9.220459654864284760e-01
-1.898052619158250853e-01
-3.039343296898165403e-01
-1.296491635070625981e-01
7.645130357487633227e-03
7.316998791019418968e-02
-2.089308699362142918e-01
4.023738130636775323e-02
6.313702706242014795e-01
9.228519461758099007e-01
9.064090377740696702e-01
8.690474412614771493e-01
-3.499131599216697697e-01
2.559092267061590098e-01
9.345454871479872416e-01
7.336417371564740719e-01
2.776560593046887432e-02
7.095042083772384878e-02
-3.176158927721868253e-01
8.929539598055147298e-01
-3.368266675295249479e-01
-2.716059872328923652e-01
6.751806881143140870e-01
8.112916700453044472e-01
-3.430177802531458320e-01
7.711138640074004513e-01
-2.957682809211621411e-01
8.662640012899530673e-01
-2.757867046104978126e-01
6.860748312421964812e-01
8.805773304358466280e-01
7.885476073459057877e-01
-3.155569258869390104e-01
-2.579564902991195174e-03
-1.221219293287039986e-01
-7.306867914839226819e-02
7.969687399641847136e-01
7.255476194865420059e-01
4.404101661790811306e-01
7.765644982931974027e-01
9.114779443282468030e-01
-2.731374999612948273e-02
-3.593614656939749241e-01
-2.650648409543092665e-01
8.896260209010148357e-01
8.738845223940602258e-01
6.894734996403657501e-01
-3.464190957457367048e-01
-7.680292476873752661e-02
-2.806254607994292383e-01
9.427890942876045177e-02
-1.487401982929898447e-01
8.063893955774488198e-01
1.316745013701217382e-01
8.612528551145758327e-01
7.718817562295705592e-01
-1.719705592856798915e-01
-2.209954319571188763e-01
-4.936488645283800270e-01
-2.421908456635720741e-01
-1.959278341391256228e-01
1.136398335926442904e-01
3.587706751167422936e-02
7.011154594747803781e-02
-2.256734666034895531e-01
8.773831535267677673e-01
-4.130004304998920461e-01
7.825768460856566966e-01
-1.265361886781175560e-01
7.520126058411800152e-01
8.788411905195063767e-01
1.656082352608474056e-02
8.360837442736703817e-01
8.651384278785001491e-01
9.193483347776862935e-01
4.344591346702474099e-03
9.305951456376917452e-01
2.173302565610540082e-01
