7.103391990353108421e-02
8.888566001979115727e-01
2.735666290506219012e-01
8.518234484701177056e-01
2.709947730689264422e-01
7.485758303952063653e-01
8.098181102337789206e-01
-3.340416135051043067e-01
8.982099852933849160e-01
8.332164873832902385e-01
-2.641879259516832779e-01
9.208000905418062265e-02
9.481885515226542438e-01
8.032777313777491601e-01
-1.867862537269327494e-01
7.661973680544997833e-01
-1.623911976528355505e-02
8.457338230679726232e-01
9.265917115891147970e-01
-2.902566100940838778e-01
6.559890629355024094e-01
8.574863262042498047e-01
-2.774197499330277039e-01
-3.775966110804085951e-01
1.733728095498937027e-01
2.526016857350198846e-02
4.752624188905392177e-01
-3.502542986275550274e-01
-1.225425653926140307e-01
5.084976562712557879e-02
1.501478821514902820e-02
8.900054003417475768e-01
9.202388946299252526e-01
7.556709563387823403e-01
7.284115704518813184e-01
-3.004048832802508895e-01
9.212946060614787269e-01
-2.154085219865253531e-01
-2.346700090447003673e-01
-1.891704860131281363e-01
8.175478737998339573e-01
8.010107788031897158e-01
8.775719132976126380e-01
9.013172303527779983e-01
-3.340558704487823216e-01
-4.185476091333179549e-01
-3.074537862998825699e-01
1.038521217696354582e-01
3.118760981747074057e-01
-1.212945930597620348e-01
7.894932069841367195e-01
9.027028362069731138e-01
7.796034250776945340e-01
-2.434040335752144235e-01
-3.789052638278596341e-02
8.288147981496469807e-01
-5.153621534246712044e-02
-2.917414936082276533e-01
-2.239393109152562067e-01
1.097494418900590435e-01
1.447177419857408331e-01
8.768292990232702255e-01
8.923329384327268743e-01
8.122248549627744119e-01
7.713653526017429929e-01
9.105125889456070487e-01
8.124045587564767690e-01
-2.918842089792874073e-01
-4.292907282410222680e-01
-4.158468940386906287e-01
8.038266938956694085e-01
3.675383742740079840e-01
9.028622349617400067e-01
7.945690546899406570e-01
-3.306895908773205273e-01
-3.299736325401502191e-01
1.217473752937028170e-02
8.245407606132794109e-01
-4.139184794856464733e-01
-2.811255114138125899e-01
7.783505015709732966e-01
-1.613725408821558571e-01
9.393907763847920978e-02
9.197721350463783363e-01
7.244679425483444568e-01
-1.448055719283308229e-01
-1.923352598329042262e-03
8.952569146007319789e-01
1.330160252607309468e-01
-2.697780872472205216e-01
9.088704960572860925e-01
9.034114839981735035e-01
1.234569190406223024e-02
1.272311396721120813e-01
8.087131544748488166e-01
8.262735864747603465e-01
-7.033363750748897192e-02
6.802861822485226639e-01
-1.229894040638199182e-01
9.025118504920213169e-01
7.835148146226760257e-01
7.514288190953064550e-01
9.303754524297170869e-01
9.228263915599317357e-01
9.015523208973938996e-01
7.958163997711685811e-01
8.944700548609336721e-01
-2.912183351901873052e-01
9.354515710432564912e-01
1.895350124060608821e-02
-2.903873947915954212e-01
9.155482659917242305e-01
8.039370404628983779e-01
-2.671415651101156641e-01
1.321818230722572596e-02
7.128565895193761381e-01
-2.381489289547314980e-01
8.016199142664509614e-01
-3.369067558160546705e-01
-4.507960745814957870e-01
6.755379661605695474e-02
7.814871824460469796e-01
8.693624422312190569e-01
-1.381178443437944547e-01
7.078101628628498121e-01
7.963605082973139737e-01
-3.789761993106430249e-01
7.763236354944916817e-01
2.121361873034335183e-02
1.751906778036575046e-02
9.018757044768079822e-01
9.441922947004788291e-01
2.023059479778972491e-01
9.132175343189621319e-01
9.534896163342901354e-02
9.174447593737444784e-01
-3.010937939107009020e-01
8.081191195389557658e-01
8.691043129616051743e-01
8.829361369764029410e-01
-4.399725246863915307e-01
-3.989318489016163150e-01
8.422091651899931142e-01
8.042343955493176377e-01
1.160547797429820754e-02
2.024628041053767868e-02
-4.050514962631924232e-01
-2.858821600574454891e-01
-3.668888740378740132e-01
7.706851528371841953e-01
9.439222293745971326e-01
-2.051329521207688189e-01
2.429760974776485061e-01
1.212195467483659084e-01
3.736003985759063784e-01
9.067059965975017288e-01
7.415388260306835511e-01
-2.525652222234962552e-01
9.359529332889129360e-01
9.005319972206415891e-02
8.562879513034530321e-01
7.656230805119353944e-01
9.005480887728556372e-01
7.581095625841697272e-01
8.903670190314548760e-01
8.921483595361785479e-01
7.934159734401181607e-01
8.338684301875012861e-02
9.017611113999091099e-01
9.027916283954975363e-01
-2.172783992099242556e-01
8.928627370868912339e-01
8.841220009168063720e-01
-2.553114686312927817e-01
9.163376662331028655e-01
-3.651863307446533424e-01
3.374551724896749511e-02
7.778761932450509731e-01
9.208813747137716277e-01
-3.039397853957689910e-01
7.592515036791575023e-01
8.776766420636225030e-01
7.606800688563282176e-01
9.489396931021732984e-01
-3.160523184965599031e-01
-3.180421767506144137e-01
-1.688655269510235257e-01
9.124752463715735118e-01
3.041865798695082557e-01
-1.745527857675008010e-01
1.306418547618500015e-01
3.671988800074042769e-02
8.643329102361936300e-01
2.451713144236742359e-01
-2.995787966808660663e-01
6.037524131565349256e-02
8.955212270254930829e-01
7.836530323172218315e-01
9.247705371326029322e-01
-2.493572932932187625e-01
-3.354549315208372184e-01
4.968466494803266964e-02
9.159983403489129206e-01
-2.914354481624601978e-01
8.958330227117780042e-01
9.214040164187529136e-01
8.315901738906995577e-01
-2.488965088207336362e-01
-4.082579348019220178e-01
-2.429000926429327190e-01
-2.996125838825848264e-01
8.307179553377627146e-01
-3.287780871697826290e-01
8.266097882929973606e-01
9.098591997053939728e-01
6.964382165034391226e-02
6.942591090218322436e-02
-3.852027424220588192e-01
-3.474917145811747821e-01
8.050216811170824993e-01
6.129954300757886054e-01
8.973777248360590431e-01
-2.757361474731819806e-01
8.237935964715521475e-01
8.505354597401444394e-01
1.589747652901610520e-01
7.608007173967082371e-02
6.808826681617311527e-01
8.111015378072963244e-01
9.230728751257321063e-01
1.890762588300696490e-01
-3.607393819606270480e-01
7.432175698535439246e-01
-1.745778304969520245e-01
7.947567670233064430e-01
9.055542034588526246e-01
9.075169784714794963e-01
-2.529263085219892182e-01
-4.039500951263517159e-01
1.577244067538196293e-01
8.544544866652359350e-01
-2.782391736294614892e-01
-6.010742176887212684e-02
-2.973109981959210640e-02
4.369950552895496831e-01
-2.753472490822969632e-01
2.515408424576748292e-01
7.784750245402941582e-01
-2.989292304803457534e-01
7.257476075317019770e-01
1.970229189202108988e-01
8.815967095585340862e-01
2.501435462076016525e-01
9.153103392857949716e-01
-3.411643996891859931e-01
-3.032695738481994696e-01
-2.795672807441361152e-01
-1.836531828245437925e-01
7.909554312430682188e-01
-1.904722564115191030e-01
-3.772628328733635961e-01
7.659990789114575760e-01
2.219317848032013873e-01
2.114350382510490900e-02
-4.281358155235466256e-01
-3.090482955723579672e-01
1.199955453750960743e-01
7.876910782504549235e-01
-2.202342387394030584e-02
9.169373266936182709e-01
8.316471113569144924e-01
8.697683371580500200e-01
7.594153690206474350e-01
4.126403108295743638e-01
8.769211117869544214e-01
1.230991385993965848e-01
-1.499363938622922943e-01
1.395077269883819304e-01
-3.362069999277927379e-01
5.093611178596982314e-03
-2.882727315113103872e-01
3.853024521880650533e-02
8.023011959368521184e-01
2.935593145168898799e-01
9.057978323333193416e-01
-1.753753548885369495e-01
-3.410689219708143982e-01
4.232229765757647422e-02
-2.433684248717555842e-01
6.537113056935034416e-01
-2.454719668123426235e-01
8.982606594053776927e-01
2.022496179528557037e-01
-3.858994100394535498e-01
-3.451072656787093629e-01
8.648897801492476667e-01
-3.027363627317369299e-01
8.805489555041329242e-02
8.873504510102468990e-01
6.868439920966143974e-01
