7.638438002447391906e-01
9.522578216448774890e-01
-3.199713956075490029e-01
9.049513292527251451e-01
-3.456557670092315071e-01
8.623585844865633288e-01
8.165852814200674770e-01
-2.582400246581774694e-01
-3.629711791142247734e-01
7.865840296497007555e-01
8.883037812119936039e-01
2.049708181840087240e-01
-4.825177281400828688e-01
-2.230999398032104675e-02
7.868807540765577757e-01
8.897991294094842463e-01
-1.377841080261629214e-01
1.132083540360212248e-01
3.027362551190833015e-02
7.918376890546486857e-01
8.968095980933877831e-01
1.454659502578665164e-01
8.301372794718531178e-01
9.177470664407313405e-01
-2.790084628044868786e-01
8.970046295118507818e-01
-1.737965027063023971e-01
9.336721742872805541e-01
-3.044754707411905792e-01
1.457780671102568426e-01
8.230288172503344990e-01
9.580521674547760602e-01
8.883713701782868233e-01
-3.769925808108803289e-01
-1.088114714198576971e-01
2.321129766223501978e-01
-3.927523565216720636e-01
-2.114260033569670960e-01
9.118809841779291769e-01
7.712170988522226711e-01
8.724527692345347418e-01
5.047998469902897911e-02
-9.848090917440037451e-02
-2.970032541018656214e-01
-4.181580244459929818e-01
-2.746902094312109743e-01
-2.534054460764118000e-01
-3.703308111207653242e-01
8.880342763528120686e-01
-4.322968072068245071e-01
3.466049084030203287e-01
9.199038864927354675e-01
-3.396317644393105351e-01
-3.233340909945690567e-01
-3.380867384801226894e-02
-2.625012557154525472e-02
7.326060009576075283e-01
2.067766012358674410e-01
-4.001899128933348315e-01
-2.528462425335791242e-01
-2.894699742694370470e-01
9.051500238110321561e-01
2.021673407127736188e-01
-3.492309074637892086e-03
-2.136010367828388989e-01
2.149044838981426786e-01
9.429004378124122843e-01
8.046562189351528227e-01
9.043048973112081113e-01
-4.356566608035281063e-02
6.010497602009440277e-02
-3.048132028564343732e-01
4.911037456813423935e-02
2.237469730337926788e-01
8.975778304415741315e-01
-3.780177014364015098e-01
-2.323668018456188644e-01
8.762115296937468267e-01
6.561779175421927901e-01
-2.924299814098103023e-01
7.772188353254914084e-01
7.534847916637562593e-01
1.047089138813358106e-01
-3.464112414983432364e-01
-3.471852111651204664e-01
-5.143306151319505803e-02
2.848577810330036875e-01
8.706061835563912998e-01
7.244491116510343165e-01
8.217356583250249313e-01
-3.193203671618966566e-01
8.943449300057315643e-01
3.739261036859461984e-02
-1.830899581420751820e-01
-5.180041559780339255e-02
3.404099683551594646e-01
-4.981589400639596099e-01
8.785399399477639149e-01
9.073562172304270312e-01
-3.723516762924269918e-01
7.692932068615778718e-01
-3.809053951523629356e-01
9.208961160091008180e-01
-4.804245117094737560e-01
7.973446602462103128e-01
6.923946892924842667e-01
3.768513876382567074e-01
-4.601451391288369774e-01
-4.038404790434724778e-01
9.215409204629770867e-01
-3.099003039754262834e-01
3.497764343979099799e-02
7.589832732815151584e-01
8.855066411665176718e-01
9.174552397703500395e-01
-3.591194375864082966e-01
-2.059586787847301481e-01
4.626593980000585915e-02
9.157781120734708180e-01
5.109255641187711999e-02
3.001051766207227800e-01
-2.899178463823712942e-02
-3.878571731851989668e-01
1.062752609580300406e-01
9.269156116740540075e-01
8.988192139934702007e-01
1.238258174379286425e-01
7.899429672664011193e-01
-2.752826403655757592e-01
9.013461954214563310e-01
1.611335999099206828e-01
1.123364911693369994e-01
9.420420947131785683e-02
1.163621482568870380e-02
-1.650552096908850519e-01
7.194786469754717306e-02
9.478854564716049369e-01
-5.071347878008908294e-01
-3.070498106414945583e-01
-2.465869238180176670e-01
8.929309079665590509e-01
1.111222409325612615e-01
8.243619193099852582e-01
8.361173295133267347e-01
1.807677092175017930e-01
7.993928286918433601e-01
9.396033826925934695e-01
9.022070666594421695e-01
9.018567771210265205e-01
7.068551729519982896e-01
8.141375541091074031e-03
3.287331834286315591e-01
8.049470846880568686e-01
8.970909941407421151e-01
9.133734171904530630e-01
-4.818111414983873297e-01
9.052067699796131350e-01
-2.507702160101950573e-01
-4.274401960266787093e-01
-3.783762087609157665e-01
8.962421964744293756e-02
8.307146735048619446e-01
-3.497004598821140675e-01
9.439258475945975224e-01
8.307199009289174818e-03
9.262387208864432120e-01
8.178485746901669184e-01
9.581720079646856014e-01
-2.918019887858343542e-01
1.492760024509532935e-01
-3.968313640526756614e-01
7.656773238903036294e-01
1.234113714463013906e-01
7.088408472062022181e-01
9.095048287875231452e-01
9.103118413566962941e-01
6.800755159789558801e-01
6.495629392040752625e-02
-2.565287893304625810e-01
7.466979690593266161e-01
9.470387320378567120e-01
-2.026408012549426041e-01
-1.376392808462289230e-01
9.126741617189328970e-01
1.925181664119658409e-01
1.614404970784906745e-01
8.899329664387579664e-01
-3.238525890073302715e-01
7.985957959924483429e-01
-4.677351117431455263e-02
9.290245485093403532e-01
5.259391320351623766e-02
-4.309533289950190915e-01
7.068799962241508750e-01
-3.267846357565024062e-01
9.339083854760572567e-01
-5.293298490974360226e-03
8.426041604381149241e-01
-2.159871988089815398e-01
-1.820785254436405043e-01
8.280615661094072877e-01
-4.455420441898208517e-01
5.382839829458945236e-01
9.090304253044255711e-01
-7.845501621494119227e-02
8.144093157122015425e-01
1.918241854857128947e-01
7.969089982359224278e-01
-1.367918646331297006e-01
-1.942933152019236109e-01
8.071564634109871239e-01
9.280718841020555443e-01
8.150599480842226630e-01
6.968710836182903101e-01
7.351640107478774055e-01
9.083131957112452470e-01
-1.332617881872617815e-01
8.939765564518034058e-01
4.606512203698506780e-02
-2.987886042118623742e-01
8.277574555408674373e-01
8.965504222531688328e-01
8.193284161237749386e-01
8.966520451543795733e-01
4.399255995812590969e-01
2.344989452030950272e-02
-4.704964402803480383e-01
3.534354461406636894e-01
-3.127666217650183489e-01
-4.387654484133424182e-01
-3.203974090658664453e-01
8.143702369523004858e-01
8.029983826396189794e-01
9.100410640309772869e-01
-2.274112520815018967e-01
-1.839261361978645204e-01
7.628335688118285107e-01
-4.101735484284841360e-01
-3.811965128738731279e-01
9.302074602713450435e-01
4.474757935382128737e-03
8.690711136415416593e-01
-3.036801317241105691e-02
9.122074114256601973e-01
7.429361639315356092e-01
7.197595016939009049e-01
9.122855472710968971e-01
7.024235354590423475e-01
8.508395526604407566e-01
-3.209854278181240028e-01
9.185082048206971717e-01
1.103846647110396234e-01
-2.811387772260209306e-01
-3.920215652681272034e-01
7.481782398102267972e-01
-4.575210666915857094e-01
7.610166823767490207e-01
6.797005557139489396e-01
8.971710084746536973e-01
1.102926386371111678e-01
8.211225373088574253e-01
8.323536806411906408e-01
8.005212899153729689e-01
7.847044447589032190e-01
9.039182786134665193e-01
-1.550655687257307958e-01
8.808289236643320752e-01
-3.451836921813347669e-02
-2.272032290663366372e-01
9.124958428386078513e-01
8.669685999908325336e-01
-3.318328201672888778e-01
5.669835327239144962e-02
7.362291151485192975e-01
-2.718018780724000827e-01
9.285804317428126842e-01
8.459611928101469225e-01
3.813497438630988889e-02
9.483320062319332555e-01
9.106906314873182140e-01
7.699217060016007030e-01
6.983438885389854633e-02
9.248716025993620748e-01
2.026896380493856120e-01
9.350993642727480903e-01
8.817538285373990314e-01
9.405195829201234980e-01
