8.595489431641925027e-01
9.520640183727016037e-01
9.523252915211593006e-01
8.939290282127858589e-01
9.614274349079925397e-01
8.103042327949814272e-01
9.360232729567522503e-01
7.596401805501784565e-01
8.305198279454408805e-01
9.566400276364022126e-01
8.143606018384424994e-01
9.445219513411111656e-01
8.291549060515248648e-01
9.034055520481436563e-01
9.411848696824142158e-01
7.689800070460531822e-01
9.783753281988439854e-01
9.148030482598812352e-01
9.326679184367041575e-01
9.875054082801006938e-01
9.804557478123044900e-01
9.628068769687638806e-01
9.657679627362780739e-01
9.349323409507775962e-01
7.521533976522081222e-01
9.066824642673387835e-01
9.644000896597115791e-01
9.522075364330564451e-01
5.817119687407041884e-01
9.568460839274199881e-01
9.488639765334794252e-01
9.732786043088854644e-01
9.565504860898846884e-01
9.065398907569164333e-01
9.105678156757264219e-01
8.927618037091646919e-01
9.682812721456046656e-01
9.159708367198187151e-01
9.627365589119900591e-01
9.834220687948500572e-01
8.635125240446774875e-01
8.616764524276965265e-01
8.564167942576345061e-01
9.140020748717767596e-01
8.930452256089743690e-01
8.531870776483068131e-01
8.717414398475649140e-01
8.080570869292273972e-01
9.524741085735198842e-01
9.297616277818011588e-01
9.370130679343724456e-01
9.355680335151057569e-01
9.694896932042242899e-01
9.711082217233985014e-01
8.739325537149057466e-01
9.691850041501666180e-01
8.623636966588654751e-01
9.335056461204502831e-01
9.797649329886335412e-01
9.329912975035945522e-01
9.616524819964298310e-01
9.504278385365341197e-01
8.141475241484006364e-01
9.526544580572520182e-01
9.354917633575789981e-01
8.465567446247661554e-01
9.576089994020289264e-01
9.121592334734489604e-01
5.928034201564013062e-01
8.959933810405211752e-01
9.350613049743818905e-01
9.090673311863028960e-01
9.138700521342824068e-01
9.667000651634409802e-01
9.677638330176216996e-01
9.046890530396780594e-01
9.645332518724186732e-01
9.380339636328767217e-01
9.258853677049023734e-01
9.665904605764741309e-01
9.538289370721084737e-01
9.204577193932921286e-01
9.532667151139095907e-01
9.264720301860775997e-01
9.802196868869422763e-01
9.607056477299789066e-01
9.699583550919858022e-01
9.255211623750894123e-01
9.636338465037834755e-01
9.597891613876967654e-01
9.286086598354195143e-01
8.311571419165177943e-01
9.256741823797369761e-01
9.575902114938754650e-01
9.684417038533907895e-01
9.456622791094120295e-01
9.660183456806876734e-01
9.198975892369243290e-01
9.585804142597649236e-01
9.764114951121067865e-01
9.601664209501863390e-01
9.078107372607502334e-01
9.396283909657680011e-01
9.412914221407386872e-01
7.974401121490439781e-01
9.038317621537304003e-01
9.291907210648713278e-01
9.669554556570452153e-01
5.740831895086631054e-01
9.062874221763368432e-01
9.363065802548253824e-01
9.506909668639047517e-01
9.203583217986046616e-01
9.845265728830736585e-01
9.494980297443330608e-01
9.483255032301736165e-01
7.623207926262367540e-01
9.158597835156266909e-01
8.392528723358888554e-01
9.619050155903705601e-01
8.702275691499170573e-01
9.619560605790380414e-01
9.096067969916000751e-01
8.740707332357469106e-01
8.768706629167755118e-01
8.875098892893602542e-01
8.256739201987765009e-01
9.085470067237484404e-01
8.925417597348823673e-01
7.454915081402448962e-01
9.451794670580073721e-01
9.439394329897401459e-01
7.885820363038724690e-01
9.432735446641400401e-01
9.532629535253998032e-01
9.196782656835047476e-01
9.370135634859571017e-01
9.444124716866613145e-01
9.280113610800908575e-01
8.497524455081908457e-01
9.118637520673820163e-01
9.529860193032138049e-01
9.018295220522822842e-01
9.490473727765200707e-01
8.772239563638413173e-01
9.663722676455730465e-01
9.656288925440357218e-01
9.439352887785896762e-01
9.524704551095635185e-01
9.170655261157318883e-01
9.716868549810580014e-01
9.710490290598330354e-01
8.415429199068433785e-01
7.174363574763904516e-01
9.574504997914570215e-01
9.456477296638606811e-01
9.490858305218019542e-01
8.296286052886968632e-01
8.595543633953466323e-01
9.525602539255300094e-01
9.174905514811129148e-01
9.267149426687899538e-01
8.883873518311991013e-01
8.496270205111200458e-01
9.121613353078701358e-01
9.413197317620316529e-01
9.412773778920444645e-01
9.226763836176257172e-01
9.718499113752845364e-01
7.808244937162530652e-01
9.192033942399997493e-01
9.201903646376421442e-01
9.640857574409787967e-01
9.126063567143030131e-01
9.100643539554390538e-01
8.882115999412106833e-01
8.741082503519167490e-01
8.563096279021547019e-01
9.375770867626422866e-01
9.707608950989129459e-01
8.422971415681961282e-01
6.774880769952311699e-01
9.571001057784249699e-01
8.955710114804953381e-01
8.771820461752181108e-01
9.747366785710043224e-01
9.269308276381831302e-01
9.393319194226217306e-01
8.900369781045949225e-01
9.174793381195237574e-01
8.380658421462866547e-01
9.394156252885053071e-01
9.840193737314677502e-01
8.475688387033153415e-01
8.366146695980560821e-01
9.656074990823388937e-01
9.496848409395903801e-01
8.349436751577403726e-01
9.630609382686812214e-01
8.588053750876496473e-01
9.300984792250246436e-01
9.422693646840937243e-01
9.321625567263289724e-01
8.711528920344249194e-01
8.945342929637429830e-01
8.135635221079873247e-01
8.456797609362418644e-01
8.348274999185607559e-01
9.272258596554894261e-01
9.378657835370609597e-01
9.702624558881356442e-01
8.792226166791665687e-01
9.763463694942517979e-01
7.461229951981785957e-01
8.914116789612376301e-01
8.549393486680257892e-01
9.070786636103709277e-01
9.694305914867709095e-01
9.767464910348075957e-01
9.249017496344402733e-01
9.522847814138746259e-01
9.690809094917000044e-01
7.432662349243421840e-01
9.318555363196600050e-01
8.738135546401393228e-01
9.356423966303727413e-01
9.305175789996378288e-01
9.597432100661644760e-01
9.790118400369750562e-01
9.747062075516482738e-01
9.345828821527455421e-01
9.383460498224791557e-01
6.650340235624070395e-01
6.537493208055076277e-01
9.436895767725503870e-01
8.916232002250810140e-01
9.390488715009226439e-01
9.641450906805204557e-01
9.575981805953939219e-01
8.951176767055841754e-01
8.702578398156366468e-01
9.719645923361095452e-01
9.733782883616448611e-01
9.053379827593068807e-01
9.609221716646025868e-01
9.297025525388695755e-01
9.141999256468429369e-01
9.742549784651326483e-01
8.475285554910636510e-01
9.407217672953739340e-01
8.877892283019219732e-01
9.230097848121530113e-01
8.919496102224261369e-01
9.120691605891131370e-01
8.658250198166846934e-01
8.877483673059405334e-01
9.604654872583960890e-01
9.418795789939997665e-01
9.749795045083864409e-01
9.600914425368594074e-01
8.216108232241716713e-01
8.365450493745044680e-01
9.791989248404775470e-01
9.551801001739173014e-01
9.863594994547902894e-01
8.419608782634377953e-01
9.662683458260635794e-01
8.730707218731723618e-01
9.270844031671203744e-01
9.421904276090244945e-01
9.609264325878907886e-01
9.552084876507671574e-01
9.623924055709649483e-01
9.298221484945424775e-01
9.750693302284365593e-01
9.309336418457456741e-01
9.585410203704235466e-01
9.817277784240512339e-01
9.521902384620237747e-01
8.949621247464878415e-01
9.271607332839666427e-01
7.839949014989289200e-01
9.092015282317150726e-01
9.492074153094338662e-01
9.387577267119896485e-01
9.660472572851712680e-01
9.244872662639651573e-01
9.385938832490586803e-01
9.394200170200872613e-01
9.509641437232616568e-01
9.445933387911407131e-01
9.361040392743598115e-01
9.213115651683214669e-01
8.968193195842650844e-01
9.306599400947812573e-01
9.461315518304396210e-01
9.643796804312765314e-01
9.035995495914592723e-01
7.622901271018631686e-01
9.306320045923085482e-01
