7.241952269346269011e-01
7.316427500718283294e-01
9.425162085947929036e-01
8.703897699604830063e-01
9.556579114976905265e-01
7.552251655745093606e-01
9.386996088513497316e-01
9.489291612949160015e-01
9.310215210298318222e-01
6.748758141371460351e-01
9.305695197840029298e-01
7.768212085880557005e-01
9.601842937312264903e-01
7.808984916475629756e-01
9.538866571634443403e-01
6.341707120262721764e-01
6.941509736563639121e-01
8.890206431031408840e-01
8.242393648490056179e-01
6.392906379075147250e-01
7.702505339743099810e-01
8.533905746535584980e-01
9.503151171044403878e-01
7.273259857244208648e-01
7.964851167234530127e-01
9.288793625345137528e-01
8.279982678122317363e-01
9.173195182208351284e-01
7.344180041530378178e-01
7.061623259506975003e-01
9.565358535630009706e-01
7.940261142138800299e-01
7.463380385571896092e-01
7.780688864063576293e-01
9.769730411440487039e-01
9.042776720948112468e-01
9.429134267815996173e-01
7.513556975202808630e-01
7.330560668445182948e-01
9.539255476365378073e-01
8.127607476633759154e-01
7.302094985909460823e-01
8.140615492876233095e-01
7.832667676710114435e-01
7.162170183598262074e-01
8.243888255752247485e-01
7.516006142784452670e-01
6.560417296376779284e-01
9.060022750863873098e-01
8.090074988064867023e-01
7.332402203624998061e-01
7.465539995665015915e-01
8.101253441075337847e-01
5.980354992057459462e-01
9.677376015282466160e-01
8.919993675122616095e-01
9.641674815933038989e-01
9.281208253268475872e-01
7.012968173637419422e-01
9.550227698125701714e-01
7.901046346852715896e-01
8.785185112541912256e-01
7.508961407486294259e-01
9.450248078944969432e-01
9.168740902128167392e-01
7.513513496537582714e-01
9.339901253297604455e-01
9.245213740203579444e-01
9.046064285369967983e-01
6.324282252974017249e-01
7.593746516246635547e-01
8.143628320336036008e-01
8.510657587573614569e-01
8.973578759900999735e-01
9.133949008979831419e-01
8.892619053849259991e-01
8.644774052151619204e-01
5.631958855062515479e-01
8.578368693599249806e-01
8.680389641982482196e-01
8.347750713695512026e-01
7.600693871696612147e-01
7.759466850941956206e-01
8.296985868252206853e-01
8.613243548493001445e-01
9.501218577569706669e-01
8.048553792261504691e-01
9.164629851384914483e-01
8.903202673270773637e-01
8.054439916278571809e-01
7.388129546889867783e-01
9.071644981228963456e-01
7.967538544155766678e-01
9.979799920314509354e-01
7.922761616169659016e-01
7.346121439863435576e-01
8.662717626056688491e-01
6.188467198267211256e-01
6.767005162693608966e-01
9.648700304606270262e-01
7.449423612407066742e-01
9.648816243043742968e-01
9.738302283944724191e-01
6.957130274260953096e-01
8.794707527408740511e-01
9.441730606661916658e-01
9.633668508410231368e-01
9.372797560546531903e-01
6.870663856928410640e-01
9.579360525922266945e-01
7.141159045259440896e-01
7.469052284346240356e-01
9.488207227586853421e-01
9.590330323147744362e-01
9.526616346038734306e-01
6.052739689827077996e-01
9.567931457321998678e-01
7.107873969118003732e-01
8.270134076397561707e-01
7.111646273736591528e-01
9.408607311389852734e-01
9.245352376157500718e-01
9.641892967978251683e-01
9.115024822474824262e-01
7.069948087478459264e-01
8.221748604087510959e-01
9.475396687797735806e-01
7.498068098485801691e-01
7.673123936246162291e-01
7.492721421059844733e-01
7.572909534187552971e-01
7.690387639333421399e-01
8.480852381929302464e-01
6.351435625378450966e-01
7.790366586185875075e-01
7.004135014705579199e-01
7.544834159435831467e-01
9.618685998796625558e-01
7.326784164582972325e-01
9.513531671907707876e-01
8.201784179171007771e-01
7.522544339839684069e-01
9.325633532919488378e-01
7.217369057993342496e-01
9.184011446131497003e-01
7.350789551067533623e-01
9.280391574969821811e-01
8.591490579815763695e-01
9.117162621006716927e-01
7.635387732517316950e-01
7.480379958960656772e-01
7.541734117160758810e-01
9.141364144305910155e-01
6.537108812743349651e-01
9.364513217392529398e-01
6.790352168130847632e-01
6.636956686632642377e-01
7.227291285174217705e-01
8.040406193325170259e-01
7.078835187580405641e-01
8.464010777129592489e-01
9.509805691843044029e-01
7.652084444784125195e-01
9.513604521921237289e-01
7.276014648685259489e-01
9.884926287319062421e-01
9.750135177413408183e-01
6.876591040146471379e-01
8.206030632767068456e-01
7.673052052469113704e-01
9.447163406667475893e-01
7.976574432840959350e-01
8.113131475516176527e-01
7.619277589457977840e-01
7.331375731931198958e-01
9.271119059500571025e-01
8.553551922925062279e-01
9.400746703678715122e-01
7.584273747144061328e-01
7.240948877632329417e-01
7.935945281606966439e-01
6.367464087341829782e-01
9.451462663717111745e-01
7.072442671766342448e-01
7.374481781844537398e-01
9.514453604762931338e-01
9.533037286465185778e-01
7.401105405444091678e-01
8.810941379283996344e-01
9.411527323308125359e-01
7.168044672423834474e-01
9.662372696258061389e-01
7.266335659825343685e-01
8.373628410266866773e-01
7.126481847320225160e-01
7.570230845927062857e-01
7.685430914492029641e-01
8.930670092438353080e-01
9.333366533586031633e-01
8.124715898798706704e-01
8.041743410108885826e-01
7.665013337796311443e-01
9.608380029309087078e-01
6.647897116503260762e-01
9.428850533897583652e-01
8.489764554988883383e-01
9.504476934943308919e-01
7.627433644157983750e-01
7.637740607260967707e-01
7.201536072924518139e-01
8.362994139531250148e-01
9.597852103253114997e-01
7.390226360455458554e-01
7.698119009007042823e-01
7.483999243919123856e-01
9.547110256180427745e-01
9.322309669854894620e-01
6.555347658263019905e-01
8.554675822331621049e-01
7.723872969900031915e-01
9.377247260197314471e-01
8.365558288341221616e-01
9.690700888014489589e-01
7.907618129797879813e-01
7.858913569064915894e-01
9.406222237200487779e-01
6.896432179237941273e-01
9.202222018847088236e-01
7.599499337572372948e-01
7.829847281387629643e-01
7.384778721225246922e-01
9.471070695095016312e-01
9.654726127208482778e-01
6.953204935811985177e-01
9.519967694485005349e-01
6.621620442381015437e-01
9.370736497666181108e-01
9.510659972383952443e-01
9.002117374918495729e-01
7.065538997953415556e-01
8.389316361305438896e-01
9.560399372519001737e-01
7.254997674721048728e-01
6.530007643007957885e-01
9.424260802139484694e-01
9.698161347390352738e-01
9.429322556435697500e-01
8.932219076656481294e-01
9.523295168986835035e-01
8.819324986780490150e-01
7.792741323187108993e-01
9.444653758987030523e-01
9.158111433941212853e-01
9.454169027907219913e-01
7.105739343948644926e-01
7.644585480768286700e-01
9.129324698350473888e-01
7.261614529762894232e-01
7.048528725030044351e-01
8.629698887648525885e-01
9.008678496340984942e-01
7.921566605830288044e-01
8.085788179798893971e-01
9.174785802088882836e-01
7.731340766128785846e-01
9.098791202752419816e-01
7.800149819958362984e-01
7.949283681480812103e-01
7.634083357488576915e-01
7.781056091828936205e-01
7.505995846304100994e-01
9.557933248879046939e-01
7.443651105382916855e-01
9.427515086204554251e-01
7.373830812270460999e-01
9.393800590445049448e-01
7.445907410356548128e-01
9.233499319744675748e-01
7.686530346170520334e-01
7.847005572072522916e-01
9.544401553306018915e-01
7.541623469284348680e-01
9.640966794175436227e-01
9.384492294501616261e-01
7.543136292973385837e-01
8.421967487379851125e-01
7.618526050321683396e-01
9.531086973546872843e-01
7.463395004802103605e-01
9.567423115634682285e-01
6.892567201069246252e-01
8.008782599142940661e-01
9.423085767613577080e-01
8.165409414031471469e-01
7.857986530109122292e-01
7.956953125238221958e-01
7.824145094756722596e-01
7.379977585636334769e-01
7.481464025057283918e-01
