-1.810492489942581440e-01
-5.750729979958981719e-01
1.688489823063455963e-01
-1.957951139288557352e-01
9.002267315090657362e-01
3.635214318359598074e-01
5.582354518432941504e-01
8.524092539174639160e-01
7.547825728518127164e-01
-6.945395387805320016e-03
1.591008388844000754e-01
6.234129617578784699e-02
4.396787751784358989e-02
-2.345855030942441410e-01
-1.551590072258452746e-01
1.490405581006919167e-01
-3.512403890993734956e-01
-3.461322343431205706e-01
4.645785010857128583e-01
-4.116440330070189613e-01
1.604040726558365049e-01
7.731669971881577341e-01
-3.179137548033075245e-01
-3.933810890220024170e-01
2.317900428271092439e-01
7.473137849501185759e-01
2.090255431271568765e-01
2.933380441052346743e-03
-5.813814959656304904e-01
-9.673773384226307115e-02
7.955850156662596095e-01
8.333771474888846953e-01
-3.903806482488565432e-01
7.684719803778627956e-01
7.442196164777503675e-01
6.924878553741389275e-01
1.273664709731937850e-01
-1.722704233602490032e-03
2.530829802709265719e-01
-1.887931087238371997e-01
1.308282768576912170e-01
-1.901040917741828873e-01
2.443597480971977653e-01
-2.662843615431129130e-01
1.552726232162255360e-01
8.171288229436757256e-01
2.087836763188424816e-01
-3.059499455999948880e-01
8.034621703441844343e-01
-5.065834679340348590e-01
8.715780959367238623e-01
8.728211883289662687e-01
7.792039149992187053e-01
9.047438799687027577e-01
-2.764331235016401211e-01
7.011988127877085697e-01
8.791873422644915781e-01
-4.442798102930516357e-01
-3.092208228338701459e-01
1.616254653921675999e-01
7.875612831821394710e-01
8.418523824644688069e-01
-3.577357583678871800e-01
-9.199986450649844105e-02
-2.672074985276376990e-01
7.154394179670695575e-01
-1.805097714945358769e-02
-4.533730473480922507e-01
-2.837633223513316011e-02
7.373139602829233974e-01
-4.122471067459114735e-01
-1.853126807815501931e-01
1.136725430059360442e-01
-2.855048278070770884e-01
9.134689807667109029e-01
3.619704479955064558e-02
1.377226687980869502e-01
-6.022364844218102142e-01
8.122004820086177190e-01
-1.842349391701986194e-01
-5.393005377720354598e-01
7.707165109002745984e-01
-3.882545400599036745e-01
7.820670315188404942e-01
9.459226074695927799e-01
2.575725614680238751e-01
7.202541100004442587e-01
-2.576644537624410702e-01
8.914418493477767047e-01
-1.498796405140592480e-01
-5.949714874597561431e-01
6.349750711270245596e-01
-5.032358543631385572e-01
1.718579022179262672e-01
8.222668440373985810e-01
-3.682696570568989580e-01
-1.038427092353858272e-01
2.585684580117959541e-01
-1.913771456818535444e-01
-4.554127966839944808e-01
9.031678350109169084e-01
-2.412780858799794259e-01
5.381363809106520790e-01
-4.725862697925118372e-01
-1.185268870548685793e-01
8.411900910931850994e-01
1.851304293349824159e-01
7.943633497807679467e-01
8.816484542449454231e-01
-4.956387802125133968e-02
-1.932110567931219491e-01
8.161967510775933188e-02
-2.779156019675614320e-01
2.304138750329685348e-01
-4.059737313181578378e-01
-1.755258253521945616e-03
1.683699071215571663e-01
4.795407396310756853e-01
-2.281637227662267620e-01
-3.735255699073250502e-01
-4.996922069995537452e-01
-2.163958507914274521e-01
8.959378158237674139e-01
-3.655189387784282262e-01
8.991786481951724586e-01
3.242485728186734750e-01
1.277935909980364437e-01
1.582185320824600339e-01
1.453304455221088587e-01
2.581274544413801886e-01
-3.047941951210775824e-01
8.980098120239948800e-01
1.510077871332461408e-01
-5.242430588230900801e-01
-1.762058541585430349e-01
1.428508664945921103e-01
-3.112882942828213428e-01
8.677918748590860432e-01
7.852359745842576455e-01
-2.390188429514857049e-01
1.116895891064337704e-01
6.014832748057674650e-02
4.465373389794033421e-01
-4.508003841623906549e-01
7.089149480207986853e-01
-2.877795917709565776e-01
1.518402508829675979e-01
-6.378652635189219211e-02
-1.872432799441412776e-01
8.774229766934394936e-01
1.012787077334110775e-01
7.249549650925046773e-02
8.925946535070358179e-01
7.202426997709610035e-01
8.830345027184890450e-01
-3.885798994725628286e-02
8.982752912123752598e-01
7.836448860142528616e-01
-4.645232541076004251e-01
-2.544973109333732442e-01
8.449961776132617342e-01
8.647605285015702581e-01
1.836519060155172856e-01
3.001978685162918770e-01
-4.129551326666215383e-01
-2.705572523319553779e-01
7.712209637435314402e-01
6.236615331258342776e-01
-1.787901088385005499e-01
-5.599632955143556412e-01
7.195922404889190105e-01
-1.718734308298052738e-01
-1.466875906961321585e-01
2.915528734770672648e-02
1.923822780280563249e-01
1.257877584892930223e-01
8.536052378069156621e-01
7.461028955348103509e-02
-3.452997555541443275e-01
-9.118432210272764404e-02
3.656340464414542524e-02
7.836578286930429016e-01
8.971950746335093374e-01
2.997590964828523163e-01
9.114306133582601444e-01
2.974475210402092173e-01
-2.573960196795625488e-01
-3.856477292903450205e-01
8.028404300442187891e-01
5.041595742719201523e-03
-1.760323541662182634e-01
-9.306433014079093513e-02
1.113833422379608279e-01
-4.362390861306102430e-01
8.689558256532481373e-01
8.206108149325722634e-01
3.121711881090021290e-01
8.898628162568259503e-01
-3.652178437550578360e-01
8.739245627286598150e-01
-4.138837687009803146e-01
8.947280085188173970e-01
8.230713162211632516e-01
-1.328376866484453633e-01
8.718937829437911624e-01
-4.377311657193621031e-01
-9.083966524586428726e-03
-2.718669546826760763e-01
7.661785041255033679e-01
-1.603620954899112050e-01
8.656278607439937822e-01
-8.565584210865020975e-02
-3.891912981807786887e-01
-1.615050270825942880e-01
9.220847660966744463e-01
-1.570212389536596032e-01
-4.038875034798397601e-01
1.956645639942886372e-01
2.049201089291607936e-02
8.831356386913109535e-01
6.934143625191384608e-01
-4.979063314848962696e-01
7.833898967164549809e-01
2.128136150371353619e-01
-3.392366645174275108e-01
6.988023015712702124e-02
8.232676955030964194e-01
-3.807157593514791105e-01
7.748676636838008891e-02
8.750459801564940410e-01
9.127386757831268405e-01
7.167400715026027713e-01
8.553389219991949233e-01
1.067596108575699643e-01
2.667876877021366777e-01
8.868142655091945104e-01
8.792850386193824530e-01
4.549805968632961162e-02
-2.509308225069124820e-02
-3.663357298378203120e-03
8.964065233724779480e-01
8.684254195841725199e-01
9.145789323958080086e-01
2.810666440111670994e-01
-4.187845623780147575e-01
5.560557030212180951e-01
2.393012999723951040e-01
-4.570278030957511950e-01
-4.791574604983935282e-01
-4.058075216266462948e-01
3.347304226683670558e-01
8.143706783717377107e-01
-1.527882492942043147e-01
-4.511561767199205875e-01
-2.390825381439139474e-01
-8.147707937622920837e-02
-3.585311662976510272e-01
8.578817471209820855e-01
-3.006034497851094445e-01
3.027494172499117786e-03
6.732120567311355996e-01
-3.361383766142243545e-01
