8.555416011644631502e-02
8.619428842464720297e-01
7.219222430984753025e-01
-3.941557630320667305e-01
9.154679518072480482e-01
5.916822206288436803e-01
9.623225373033739150e-01
1.632188491726191681e-01
8.150087290600245282e-01
7.179689000239151131e-01
-4.957990090293605823e-01
-3.864168731165538717e-01
6.659642410197751106e-02
5.949342267371461324e-01
7.936620152700288866e-01
8.957150064726342453e-01
1.488508013316299505e-01
5.648355156708154690e-01
6.203240286051037167e-01
8.017263463493037312e-01
7.197938801881336168e-01
8.785185996674788056e-01
-2.202855866533000306e-01
8.519236782290642296e-01
9.196520632428964448e-02
9.266300524041093389e-01
4.656352020339333819e-01
6.807516540944082983e-01
-3.516075664026580005e-01
7.444564254643166734e-01
-1.998915182469273577e-01
9.262167428133818436e-01
-8.669843260344027580e-03
9.768402135425637844e-01
-2.414531087048679692e-01
7.923421457532966450e-01
6.810035672689633834e-01
1.258237035227540990e-01
9.374505666978221186e-01
1.229047717819051200e-01
-9.030273215277839077e-03
-1.165625656192646603e-01
7.570614978869125711e-01
8.158226199372360377e-01
7.850966871547424564e-01
8.659849015830518582e-01
7.698758838336585697e-01
1.336998093896531181e-01
7.935222367090188911e-01
-2.092190141569524597e-01
9.278822928100478595e-01
-3.520152952867418583e-01
-3.509196208986997689e-01
5.626094890108055413e-01
-2.360484325866898103e-01
-9.433352500518751849e-02
8.978280100261244456e-01
7.215252347446798886e-02
7.268365003920679301e-01
7.751136888887139031e-01
-2.377455434885320518e-01
9.699624738525605139e-01
9.648104286993253176e-01
-1.828081552174617430e-01
9.712285390155639409e-01
9.826806290657630338e-01
6.474161094112587111e-01
9.626363420369613566e-01
7.888843496648663134e-01
9.303295212365962907e-01
8.885250311831958125e-01
-1.106582765905029797e-01
-1.836871191957320792e-01
8.851407789333554099e-01
9.387825308018173942e-01
1.437520632932799414e-01
5.752236369512959691e-01
9.269333024572803392e-01
-3.506803172844347172e-01
7.901503817642530070e-01
-2.239595474317193635e-01
9.373451507517627235e-01
-2.294897322233693249e-01
6.321072150630075992e-01
-2.702235506634840245e-01
7.344477818583112771e-01
-3.260255269871898953e-01
8.008797985662057251e-01
1.040545470887995205e-01
7.167022597452096799e-02
-2.265106006040180364e-01
-2.821446721427323112e-01
8.429615529680027919e-01
9.258907631741729316e-02
9.200309513289306462e-01
7.878446829508592986e-01
9.281628643563532011e-01
-3.034087837725533143e-01
-3.184378147054607311e-01
7.168663680341854638e-01
-3.382384586281595440e-01
8.742019107137835032e-01
-3.250470235123590346e-01
-2.535376649509619718e-01
4.992892448680458228e-01
-3.653361176542500588e-01
6.971050374322189658e-01
9.099192672891831535e-01
-3.551252488957807874e-01
2.015597226458507585e-01
-4.184423818354149338e-02
2.209186848807561665e-01
-2.763084507406218804e-01
8.756840387402068382e-01
4.229635674209603624e-01
9.153975750887544116e-01
7.863329106790279965e-01
6.478136521777182466e-01
9.383867561407549518e-01
9.481701725841235051e-01
-1.523658215709161046e-01
6.576802181812557713e-01
6.254991105636897863e-01
-2.191576957488911709e-03
7.924517716671519718e-03
9.336941875608801844e-01
8.515631553108290452e-01
-3.311369332635620832e-01
3.184042430083613984e-01
7.613821066814072669e-01
8.911960500908830962e-01
9.788169210969916989e-01
7.705270294958668220e-01
9.540779543199062740e-01
8.193048697647458134e-01
9.060855032648342799e-01
9.286298480400407840e-01
7.132927698640352254e-01
5.815805967117708697e-01
2.994801010518457485e-01
3.593431600821964805e-02
8.738745775714815700e-01
9.527305335301017308e-01
7.974468860991688057e-01
6.241483769757520950e-01
8.462854190369419882e-01
9.475715745479564855e-01
6.546416301398627624e-01
4.070242986412763164e-01
1.183411369185110723e-01
-2.954343264491473553e-01
-4.455556442876325018e-01
7.072753695292892662e-01
8.514058317872460480e-01
-1.480440684853688849e-01
5.937538901324490581e-01
6.863678028691763133e-01
6.047818250956404906e-01
3.572283213543733238e-01
5.699259258047031373e-01
-2.438919443580543356e-01
-3.119556039057920227e-01
-9.419236935783684150e-03
7.534095861803031813e-01
3.474226775351012542e-01
-3.867735610097788879e-01
-2.799116652518776061e-01
-2.529882644895837807e-01
6.575807952961774117e-01
7.872284763856913781e-01
4.883362325091389899e-01
1.269570199077550976e-01
1.892408142171276841e-01
-3.236208961293057795e-01
9.600064397284140405e-01
9.280398865845349565e-01
9.161738141584243600e-01
-5.503279813615014060e-02
-1.498100534218144708e-01
9.330733107154751682e-01
-2.739046620206962990e-01
7.289296944551082458e-01
9.575033726171922055e-01
-3.092279984730752496e-01
-3.834402516240794090e-01
2.301887760665043137e-01
8.945485996170589038e-01
9.080882121579290089e-01
9.504971142410807428e-01
8.855006059479038072e-01
7.754573644745608174e-01
3.411830392158928249e-01
6.977238553260449727e-01
-3.267733764078943892e-01
4.206334187768876465e-01
9.749824696611461006e-01
-3.291982945497037849e-01
6.913243620048148408e-01
7.115306250310379221e-01
-3.300365407168405207e-01
8.611818938939346246e-01
3.381160000018267053e-02
6.989064583273145725e-01
7.312528943949943017e-01
2.910895868297218303e-02
7.208357381807131703e-02
9.633773351469194779e-01
8.278736217452629109e-01
-3.569490931562314118e-01
1.091730593424698748e-01
4.257455542304483531e-02
4.083739884103474438e-01
-4.306736967880459011e-01
9.746846216387786699e-01
5.889607295363692430e-01
-3.254243461850622188e-01
1.501441893036598585e-01
8.975108124585624569e-01
6.384726698351850249e-01
3.289274986769445963e-01
6.243601367987122730e-01
-3.175546240244151441e-01
8.556074307931818002e-01
6.528356187191799442e-01
-5.170650316559730619e-01
5.814916792134794399e-01
1.896847530431130524e-01
4.009820178896085219e-01
-2.547908917748896163e-01
9.004535923064829195e-01
5.098268665591114412e-02
6.237485579059527385e-01
7.236937072799043413e-01
-1.462302426928179799e-01
-8.117428754813735270e-02
8.995601054060542445e-01
1.521164358007078277e-01
1.648431680216826123e-01
-3.137826486834018880e-01
-1.413517902026744100e-01
-2.393210564622572645e-01
1.723143050020038147e-01
2.508121036080820931e-03
2.048878489602625752e-01
-6.197732728563528498e-02
9.932780201395401409e-01
4.038120567761051549e-01
9.439025584015326986e-01
-3.026995464635968691e-01
3.476674218090994861e-01
