7.626846833078688714e-01
8.101568160453991307e-01
8.123480808727303604e-01
6.928645546088552098e-01
7.256581076053432167e-01
8.055180786907401025e-01
7.976966586674012483e-01
8.108512875996942704e-01
-3.849203674083878646e-01
6.725570039560000435e-01
-6.212073582927736259e-01
8.080804749346450766e-01
1.587336432661080043e-01
8.197619952250283504e-01
-4.747107932005814046e-01
9.779778391839724083e-01
-2.661733523634255971e-01
7.926904396395201280e-01
7.293994983617295702e-01
8.322920158450566319e-01
-3.564369335116546744e-01
8.612433758348451152e-01
8.332156684147860037e-01
7.330304942243319744e-01
9.044650458184547714e-01
-3.968719555078249472e-01
-3.614776985254096742e-01
8.342274625762298168e-01
7.836195988934679946e-01
-5.713026438881145808e-01
7.177592415727399588e-01
7.193842238469780881e-01
6.828752412454857090e-01
8.004811107831313333e-01
-4.506909403304255601e-01
8.290220625847128932e-01
-4.316148873373563122e-01
7.880821597460376804e-01
7.852518221260795794e-01
8.684681462334191693e-01
8.162659334792110588e-01
-6.187435239610581394e-01
-4.778261108124288725e-01
6.750337367497735164e-01
7.589618793711839784e-01
-6.652620540042164521e-01
8.267796219309225814e-01
9.214076052938662276e-01
8.440724000443681208e-01
-6.434470098912555835e-01
6.186840351105469260e-01
7.100548225415326264e-01
8.286177800780099023e-01
8.146462238096924269e-01
8.047693586649895536e-01
-3.490235796292770476e-01
-4.005674026149624867e-01
-2.809704944953683725e-01
-4.778552263032576075e-01
7.423592960726923540e-01
7.583016629368282135e-01
8.785841537056274797e-01
-6.344502669476501655e-01
-1.985450025944408836e-01
9.034003626759796735e-01
-4.586528216649913281e-01
-6.525407811196310970e-01
7.372539591016551430e-01
-3.968194872189333422e-01
7.499632219250365051e-01
-1.749224804921128695e-01
8.157232131971008382e-01
-6.236996074163594223e-02
-3.110953747975692130e-01
3.148008743287089573e-02
8.831892634853373281e-01
8.533062364518184673e-01
8.936965903984213089e-01
7.694613919708132022e-01
-4.871155180709040300e-01
8.602174381047069662e-01
9.579083126436878093e-01
5.800470115542795124e-01
-1.572716102798476512e-01
7.384228990679844173e-01
6.989397565118753430e-01
-3.366556308305766465e-01
-1.434724455109417929e-01
-3.831173458651527253e-01
-5.493091367125245705e-01
5.800211992126943494e-01
-5.753658004071211529e-01
7.614179613752436460e-01
4.046765877842167791e-03
-3.228152147800488758e-01
-4.764301005204375494e-01
8.734561419478368283e-01
8.320863275061891606e-01
-2.866714876534289247e-01
-5.992718156890486370e-01
6.272968282558748498e-01
2.251109032732306336e-01
7.921113548415785743e-01
6.541561518796381591e-01
-3.598365851508771307e-01
-3.033185574639167548e-02
9.020667546219247601e-01
6.216014375536325076e-01
-4.355441933240299934e-01
-3.616040139962377609e-01
2.760239741091892740e-01
-3.246823505829729561e-01
8.177993772171092690e-01
-3.590290633391586272e-01
-5.464324508473443753e-01
7.908909504725456507e-01
8.941761220995283477e-01
6.580074592231731634e-01
8.027795677466824653e-01
-4.827763532838185156e-01
7.065842950159422209e-01
-5.827054762127983345e-01
-2.982615910695031736e-01
3.990501624775786293e-01
7.894493208003000584e-01
5.456792845895220428e-03
-3.492638782556313215e-01
-5.386306835848417851e-01
-2.683053376491390529e-01
6.854814694240149997e-01
9.544704620631341285e-01
3.794846152977268128e-01
7.170045104312041673e-01
-5.199262984591143111e-01
7.553517409250440906e-01
7.055708496885206849e-01
-2.820197267506327488e-01
-3.551427106634327258e-01
8.535199900909993254e-01
7.806871339071203009e-01
7.032031007610037854e-01
-2.062207047885790678e-01
-4.279450404349939285e-01
-2.039827429230016143e-01
-3.635364028466192554e-01
7.075297045843628174e-01
7.638541361244178818e-01
-3.344086583554659597e-01
8.021461154690997519e-01
3.829308928944998858e-01
6.910302315401661843e-01
-5.828799217967631785e-01
6.204912089973353417e-01
7.171764169673797706e-01
8.168720019786847031e-01
6.085503535878498127e-01
-3.515397256837125561e-01
-3.747541331350634497e-01
-4.391104514999070729e-01
6.837697447291507524e-01
8.035610065873168839e-01
-4.061962758735374601e-01
7.994463799862764342e-01
-3.106554796413385500e-01
7.082414515754626994e-01
-3.036709619257540460e-01
-1.715987790643888344e-01
2.750837428322272515e-02
7.639903581691194212e-01
-6.251488101690434451e-01
-2.753458806152505045e-01
8.609746530738136006e-01
-3.936224091262003899e-01
1.912999155113588867e-01
6.957652936887038786e-01
8.847141430384786176e-01
-6.028451155969842823e-01
-2.099778185999886249e-01
7.854922199281364481e-01
-3.669869906137903648e-01
-4.197790905314208176e-01
7.903033819035547580e-01
7.292476564476380041e-01
7.156104178330227050e-01
8.233251167978982155e-01
7.328396703985666782e-01
8.931972313450441403e-01
8.700371398252169097e-01
-4.892654226938258910e-01
-6.383501697651813300e-01
-4.349971200497175783e-01
-2.356984182078764312e-01
-3.728403523396627284e-01
7.936904813952057047e-01
6.934922118511703815e-01
-3.319529217142905830e-01
-3.975112919813824641e-01
7.897395473816443134e-01
8.922666451762295559e-01
8.588200283044511441e-01
-3.550672692354355231e-01
7.780418746338120251e-01
-3.782552447712565491e-01
-1.742038482205157113e-01
7.759436572393842990e-01
8.005132309628643084e-01
-3.399342601010043596e-01
-2.522219398858582262e-01
-3.765638607202475008e-01
2.050343290597225754e-01
3.203849759273100783e-01
7.801352208221650208e-01
8.480124188483113556e-01
8.898669482212274717e-01
-2.086195592936321841e-01
6.243745412742394141e-01
8.234483099800903316e-01
8.377890353446855176e-01
6.749563073885695985e-01
-5.808735020482633793e-01
-2.640459106287793567e-01
7.370042510039516159e-01
-5.424538931538187558e-01
-3.072875710719429748e-02
-4.652109576915909317e-01
-1.291834501463444695e-01
6.425568543901918339e-01
-4.694392941249444506e-01
8.168613040443066797e-01
6.627947676573641145e-01
-4.117563431239980032e-01
-4.976221244566364499e-01
2.492034818752045799e-01
-4.422271598697965489e-01
7.255432405175683552e-01
-3.822195705376190689e-01
7.246150121199246286e-01
7.266352930472461669e-01
7.157815138298391222e-01
6.922302829914845912e-01
7.680911194936173025e-01
-4.392602440265919173e-01
7.505644143133844981e-01
8.494966567933869284e-01
9.515156011331966646e-01
-6.831034179803108231e-01
-3.874865369618453181e-01
8.710950420498873026e-01
-4.235119241821004854e-01
-6.494263652612091153e-01
-4.574967491876473780e-01
6.891101531423220461e-01
-5.633709765032209882e-01
6.893456145512407707e-01
-3.702343992860817057e-01
-3.688891531525515521e-01
1.781578446432975360e-01
6.567773951089648232e-01
7.597017946818334089e-01
8.063922760027530945e-01
-3.035091304619269570e-01
7.205415225121245548e-01
-3.853356399643284580e-01
9.307150477331642691e-01
-3.884411074157932409e-01
-4.600930966550623724e-01
7.070985200256012515e-01
-4.074722209504899051e-01
8.740783751672173141e-01
8.831974349688205272e-01
5.347448652571739069e-01
9.180505111637845550e-01
8.014754112382751483e-01
-5.426435178407726934e-01
-3.860632493543709742e-01
