8.800360384273122616e-01
-1.589451805885765123e-01
9.046188155875913850e-01
-2.148652038935207620e-01
9.968317917339574175e-01
8.879282112426857276e-01
8.867494309030898858e-01
9.627458817628286036e-01
-1.177085161331636320e-01
-1.251279948954773236e-01
9.140904922602275384e-01
8.766042140678493855e-01
9.235305514124501070e-01
8.412996800275680531e-01
8.880503818955198803e-01
-1.507306579234585220e-01
8.996101969028058587e-01
9.201601499339620016e-01
3.440069436179318818e-03
8.830637977726594201e-01
-1.727850717532686542e-01
8.699008616350724088e-01
9.574955587206630536e-01
-9.690949230775776357e-02
-1.806587214899394445e-01
8.892006869768068755e-01
-2.460787804368284593e-01
9.699171799265849936e-01
-3.420769223603141729e-01
-8.146934290239039866e-02
-2.303551180623993055e-02
9.249851070865704461e-01
8.527185038731974753e-01
9.096688829839583157e-01
9.192829123208466902e-01
9.224751346164152821e-01
9.250439926271830648e-02
8.615456245539072633e-01
9.371107834426261052e-01
-1.568239620872108331e-02
-2.911606088650972590e-02
-1.853728771931224262e-01
8.469870905714848019e-01
8.675978324645131634e-01
9.022537594026702745e-01
1.235932393596894802e-01
8.151307770593720914e-01
9.000971740244875230e-01
4.815516701650715548e-03
-1.766630511331531150e-01
8.686818964616972449e-01
8.651218982976627281e-01
4.672092948833336812e-02
8.847248850905534701e-01
-2.535992011702120075e-01
8.516074790588832322e-01
8.350164003108009325e-01
-1.574242504164642953e-01
9.505380741893431074e-01
8.793937413446836215e-01
4.384048573324056397e-03
-1.801670587925090217e-01
-3.835091178480436180e-02
-2.334071734440544832e-01
-2.511825897319210910e-01
7.924150677686259137e-02
2.387490032857397804e-02
-8.293846798697197820e-02
8.729822860115611372e-01
7.555115124306150953e-01
-2.105196307920603749e-01
-1.794319192860049927e-01
8.940044686975161525e-01
8.913113821315961083e-01
1.309926510711802716e-01
8.481710514216932451e-01
8.980920491318792331e-01
-1.927298027044895001e-02
-1.145429094011954640e-01
8.424012838840946316e-01
8.705577969778646175e-01
5.333336899148684307e-02
-2.253621874521435642e-01
-1.436769001718347094e-01
8.472488606533674638e-01
8.890134735070963634e-01
8.600128166331008073e-01
7.895644386839397733e-01
8.841566743953489516e-01
9.044840223782358857e-01
8.836192201376233957e-01
9.119793418501206395e-01
8.748181733525997039e-01
7.912110706968472629e-01
9.152744383988249410e-01
9.095300201551022035e-01
8.492454980255151886e-01
8.422729824876943328e-01
8.845169780836141804e-01
-9.605482911006218982e-02
-1.015773583034029343e-01
-3.754810882695873153e-01
9.119504191873358812e-01
-1.075358032011166504e-01
8.658415045532266152e-01
-8.608570697617445866e-02
9.301774012481608400e-01
6.895691210664005588e-01
8.699125559561069476e-01
-1.010412668543167330e-01
9.398612976448129652e-01
8.505506029588509875e-01
8.298004501396361032e-01
-1.360746949181995957e-01
-2.101466727591011774e-01
-8.791043425805880607e-02
9.598369295731086215e-01
9.040519526707713194e-01
8.892001740936182896e-01
9.385580857173967395e-01
8.611524748296417453e-01
9.657651534634315027e-01
8.367953588842131918e-01
6.822106752445600275e-01
9.016374237216674414e-01
9.066988553083072944e-01
8.855488390785081210e-01
9.258651064697249744e-01
9.009219114967597086e-01
8.901051732621189094e-01
-9.885702864210818563e-02
-6.917738071825048352e-02
8.831090741890135210e-01
8.559657163575478123e-01
-3.424327029595641836e-01
8.979745761020916373e-01
8.773677202989085266e-01
8.913370570384608893e-01
8.975965959804872440e-01
-7.251283357330352841e-02
9.387328267644551305e-01
8.676094640067939512e-01
7.385556375975971255e-02
9.230188183454425266e-01
8.840916825910383192e-01
-2.302382325956539577e-01
-1.788174120031781056e-02
8.867139661901324299e-01
9.069181690718353117e-01
9.027144699483522494e-01
-1.814775179573719643e-01
9.097483827748331642e-01
7.588579482746888871e-01
9.137852216031326913e-01
9.015987652694186227e-01
9.259433751607659691e-01
-3.983548242720240384e-02
8.048708466858562893e-01
8.457315915055643174e-01
-1.369783799894642162e-01
-9.873507822014625235e-02
1.159806996437309501e-01
8.520000976716440855e-01
-1.621487943393942754e-02
1.551681559170647873e-01
8.339181037942866581e-01
-2.843094251606220757e-01
8.582749234770353786e-01
-2.883368343946538515e-01
8.574616583333097841e-01
9.107883974317962927e-01
9.150730424859438994e-01
9.276459025011047910e-01
-2.043534461137147817e-01
-3.606676382272230863e-03
-1.287525503734298082e-01
8.560007762444818979e-01
8.357925378589262655e-01
8.915825702271770181e-01
8.622563039893259562e-01
9.210520652882604464e-01
-1.295523858189885358e-01
9.177359404565282874e-01
9.121137300834269990e-01
9.138053876250866736e-01
9.200758581643030398e-01
-1.838437405318696372e-01
8.037811938738412820e-01
8.465695286735621661e-01
9.604646396901881378e-01
8.444827851535824381e-01
8.192825866857655903e-01
9.005653243723940049e-01
-1.525601266384259136e-02
-2.370482914735559665e-01
8.946340259636964554e-01
8.669575522401833378e-01
8.819583109402232557e-01
9.127580879955757842e-01
6.405026421692397443e-03
9.004925477350059770e-01
-1.747289892334497885e-01
9.170786810987363591e-01
-1.218474463969904803e-01
8.763138430563641723e-01
8.964309953333329251e-01
-7.595551295190927643e-02
-7.898128325114142645e-02
-3.149187749895629440e-03
2.665131695975724024e-02
-6.871035663751949574e-02
8.755933010680878592e-01
9.237163053197567919e-01
8.159435897710323737e-02
-1.987763969865612435e-01
-1.840327471161383455e-02
9.606993725948824725e-01
8.520476077497347589e-01
8.400252141595243582e-01
-1.622062610421191042e-01
-2.289773482448183017e-01
8.692642539240604815e-01
8.704663533757793781e-01
-1.404419969936804014e-01
9.615401715367022373e-01
8.123046401429122598e-01
8.711708298009769313e-01
3.179785733818965565e-02
9.050554150082316118e-01
9.102860371109000592e-01
9.042626176110557523e-01
8.887184153816988230e-01
-2.245844634770437220e-02
-6.206093269995174855e-02
-6.517781022820497150e-02
-1.062882791512526903e-01
5.145260225813814980e-02
8.808893789079978998e-01
-1.107817043184278205e-01
7.511113152270836313e-01
9.348670383137115403e-01
-5.019794995585931396e-02
-1.282170042566902479e-01
9.235838219455693165e-01
9.529422610442883634e-01
8.630669246659429250e-01
-2.994126512890496472e-02
9.479454027700664476e-01
-1.290294083844744644e-01
8.074629670500070855e-01
8.932429901151935914e-01
-6.356873184171600577e-02
9.078334196179674853e-01
-2.993049261493424540e-02
-2.937190626378941016e-03
-1.811551316296266256e-01
8.982420054616275795e-01
8.746935649445304328e-01
8.899090688800492810e-01
-2.246410179174791466e-01
9.010982149006625530e-01
9.019232445326151870e-01
8.763220144198082817e-01
-8.221657573013585463e-02
-8.358108690593099577e-03
1.121089465661513629e-02
-2.691445335466349786e-01
7.958112755196482535e-01
4.102150313119054537e-02
9.110054539954186570e-01
-1.366062352070891439e-01
9.039728179366184335e-01
-9.040896591986707920e-02
8.107135346264903175e-01
8.742687114937149895e-01
9.035458718300649616e-01
8.540891953538299886e-01
-1.070297851200595618e-01
7.314317229192845993e-04
8.846959442693616005e-01
8.753304205639163005e-01
8.381971284402985889e-01
-1.668580751081855940e-01
-1.054894568082034856e-01
1.004527588621040995e-01
8.928083337090984006e-01
8.460070520812080774e-01
8.749061661538819479e-01
-1.932300816459153747e-01
8.991518528333479754e-01
8.767273295139614842e-01
9.146890491652217570e-01
-2.265435479385396744e-01
9.138480177508225832e-01
9.007135356883828603e-01
9.107875816167919636e-01
-2.178913315290037511e-02
8.647195210290434808e-01
-1.710383656805064545e-01
8.996705727949445563e-01
