2.083729606655085331e-01
-3.048668265741133476e-01
2.619399952492973416e-01
-2.019481219732351118e-02
-3.646111318264576573e-01
-3.460374477102511337e-01
3.251964199420663837e-01
-4.584573344792889915e-01
1.511085002267991972e-01
-3.746032656503295311e-01
-2.010756222014454808e-01
-3.430245345390409151e-01
-3.476980720566960059e-01
2.569091209116908803e-01
2.180016688202355279e-01
-2.971113202323723002e-01
1.573041811346951313e-01
-4.540092726958170344e-01
-2.949871354074972696e-01
2.713654117759809470e-01
-1.623523231368691755e-01
8.855737658193751916e-02
-3.692538638582640309e-01
1.126272710906809915e-01
-3.604118711543247144e-01
-7.174081272980883939e-02
-2.152320677259028370e-01
-1.955750599440690685e-01
-6.845591013470730957e-02
1.493260020326616366e-01
2.124250981653963144e-01
-2.465932471057307729e-01
-1.948980333159741618e-01
-1.190165749486912228e-01
1.941570624802969602e-01
1.736034490004809416e-01
6.970043056807262438e-02
-3.386569675093953902e-01
1.685549248151271551e-01
-1.423387884397774583e-01
-2.895672453590482087e-01
-4.110054143476969402e-01
-4.255139438009678532e-01
7.856537136487196094e-02
1.407723738837372285e-01
-2.980203009057086905e-01
3.980929755679643578e-02
-1.807553410706938257e-01
-1.477753685402030670e-01
-3.920064290478507685e-01
-3.100809643551200590e-01
1.575643479420341109e-01
9.124728672681471642e-03
-2.174389058778418427e-01
-1.173814458722501619e-01
5.349387741632076754e-01
-4.160257044127724790e-01
9.545458492013092489e-02
-7.078102595191454460e-04
-2.698750381041243873e-01
8.472436105482920865e-03
1.468490598045237849e-01
1.596068801805810011e-01
-1.418450087636494994e-01
4.883986200823261514e-01
1.489805776865952835e-01
-3.974775874946686605e-01
-3.238169785014816671e-01
2.047280866549175959e-01
-3.828321037042317632e-01
5.552899964444180103e-01
1.669208774079923921e-02
-1.309421858907462155e-01
-3.804422475599682496e-01
-5.284006944745063550e-02
-3.979618313588192957e-01
2.444279290301052190e-02
-8.583024645884022863e-02
-1.684121648323586296e-01
1.311742912473297558e-02
8.817934907429793301e-02
-3.494681512860554062e-01
-1.244668418809936339e-01
9.437745620247285638e-02
1.553848693478380727e-01
-6.230843196433316633e-02
-3.741943652743359161e-01
-3.523616486497532785e-01
-4.296037314947502850e-01
-4.180174118909895098e-01
9.016146421431604774e-02
-3.624520185595536126e-01
-3.079364822061250728e-01
-3.128952192795796394e-01
-6.422348643645379995e-02
6.176215532511127732e-02
-9.489944458631131841e-02
-3.353249107860923894e-01
4.674181070136483873e-01
2.408148277493959155e-01
4.325517317436124859e-02
-3.269565169005088645e-01
-5.312682707401732152e-02
-2.454080987734420516e-01
-3.774924146902909339e-01
-9.317868846566305929e-02
2.731504369459760162e-01
-2.696187296814556711e-01
-4.059413903669853441e-01
-4.867725460840034990e-01
-3.340602143501967825e-01
-3.510086454643318588e-01
-6.194804996708828254e-02
-1.181821642148134233e-01
3.076926206842366118e-02
-3.041707475666339811e-01
1.650185369234200283e-01
7.945139655761374042e-02
-2.360041324977833199e-01
-2.757634485665401147e-01
-3.179912574937915903e-01
-3.144887762197336456e-01
-7.620227859511963242e-02
-4.883507081189985000e-01
-1.084957727950616180e-01
-8.938880833802148596e-02
-2.999355588269800310e-01
-3.138578212133348311e-01
-9.634221644564520959e-02
-5.269743384970136668e-02
2.727229447884046976e-01
2.289916787041227086e-01
2.226762741788064215e-01
2.609491590550211404e-02
-4.450107997820301753e-01
1.738575814266781205e-01
8.042122821098607321e-02
1.970555132754000793e-01
-1.386637875462362890e-01
-3.961070497715545868e-01
-1.147515188523624552e-01
3.297538506048663942e-02
-3.117534250472995261e-01
-2.303894316055519753e-01
-3.233508191647313512e-01
1.749430177660061259e-01
2.336825279647388176e-01
1.819874851436059371e-01
-3.376739593631936653e-01
2.277216841101058487e-01
-2.730472237165830762e-01
-4.170157637821518826e-01
1.447661145979438901e-01
2.206299783697739658e-01
1.986588628851354288e-01
-3.795558097120367846e-01
-3.124718423527823030e-01
-4.216417976277239688e-01
-2.866320058224868239e-01
-2.724763081694868139e-01
-3.822652992095681435e-01
-1.212571663078331197e-01
7.297754732026651148e-02
-3.002544245334363704e-01
-1.549546040331695740e-01
-1.859136135892943131e-01
-3.587177066423338223e-01
2.225547133865407035e-01
-5.023592497433794213e-01
2.098065445584901267e-01
-1.937995169569524112e-01
-4.151361412677601614e-01
-2.222390929148704564e-01
-3.618368392209952433e-01
-3.914705865701542109e-01
-5.970186369868653309e-02
3.368126561992177415e-01
-4.241048837406393712e-01
2.425575790483455729e-03
2.560657019152591252e-01
2.611574626536354304e-01
1.308015754675989906e-01
4.639540553461064809e-02
-3.149843959349328537e-02
2.582722803179240412e-01
-5.166812161064044950e-01
5.459757954901311300e-02
-3.377933639725106407e-01
-1.213427847011829402e-01
-4.312912639907663936e-01
1.190499316688832659e-01
-4.532823505057291258e-01
-3.729901545686572367e-02
-4.637824649147254674e-01
2.371098517615417844e-03
1.644312335610291498e-01
-3.215264571512164160e-01
-4.590228744675144412e-01
5.245118997432011293e-02
2.632091393628926412e-01
1.710127561585952916e-01
2.120384089011696782e-01
-3.186926344027055658e-01
3.113439106640000786e-01
2.119566597756635251e-01
-3.445396611410115328e-01
-9.889214097936505077e-02
-1.412187585102099296e-01
-1.240129577160213603e-01
-3.789885111437837906e-04
2.359380472809183837e-01
2.113830055407738828e-01
-1.069137753955248238e-01
2.395298247590894603e-01
1.217354386658566490e-01
-1.794589685412606717e-01
1.246575401962901342e-01
-4.483555811152613590e-01
2.619656005631670337e-01
-9.287025624017963832e-02
-4.431464049242777592e-01
-6.745102700403154961e-02
-2.416431383588061033e-01
-2.973686546286889998e-01
-3.103266324498560880e-01
-1.613064970219032501e-01
2.346043302979874678e-01
7.113509218088301389e-02
2.176475565630014986e-01
-3.921855117622379816e-01
-3.552041155061019806e-01
1.042952619771212314e-01
-4.264214485219302020e-01
-7.775040419089024324e-02
2.386225716014185871e-01
-3.709044007583760516e-01
-4.571959876470424455e-01
1.003089975502597098e-01
-2.443900141225851252e-01
-3.641439522294334097e-01
4.568794064958631163e-01
-3.856440404953042078e-01
-3.098896239735278724e-01
8.644003403462494073e-02
-1.961698241339277504e-01
-1.583933725603441922e-01
-3.054038191100944544e-01
-5.899007487089799606e-02
-4.535288812156942906e-01
2.552296191803204994e-02
-3.321404688500838587e-01
3.584892147283555430e-01
-8.749527833549881894e-03
-3.728912541215945176e-01
-2.137127931997255259e-01
-3.324869804964329933e-01
-3.071444418164481216e-01
-4.106800997907014139e-01
-4.335637808993733633e-01
2.878211146137162335e-01
1.868304510955269004e-01
6.325499912182512563e-02
3.194870858665006530e-01
-2.081674596165347391e-01
1.723743531045293098e-01
-3.898170601920923906e-01
-4.102050690173124070e-01
1.918266467890501481e-01
-4.288078346503911287e-01
-2.180364016647449166e-01
-3.920509839186913648e-01
-2.845649143671633019e-01
2.324654608871660338e-03
-7.246162353196294870e-02
1.746959065191724947e-01
-3.957289978573552136e-01
-3.099058079661524134e-01
-4.022836017951358367e-01
-3.669638152076979409e-01
-2.718569016961334683e-01
-8.648483437180380651e-04
-1.480943786676042762e-01
-1.731905446598891452e-01
1.109344773501987486e-01
-4.104148245183052990e-01
