-5.399398066668492646e-01
2.664545484660608976e-02
1.074040958633755566e-01
-4.413246164149570716e-01
3.108524451095156516e-01
-3.496002409180364312e-01
-1.107591530930684270e-01
-2.942505359858015868e-01
-3.655953679176173754e-01
3.759582389368687494e-02
-3.638799981820389773e-01
7.708679599405510174e-02
-4.053968368950965767e-02
3.987589353508284584e-01
-5.352044677210144458e-02
-3.299794170775612878e-01
2.533157599845890506e-01
-1.732125408571989766e-03
-8.264850557207215065e-02
-4.509285153245427558e-01
-5.042619819313043372e-01
-3.954739667308711515e-01
-2.042046939073970460e-02
-2.990588500541920824e-01
-2.477124674266477644e-01
1.892217662135086687e-01
3.426879697218910836e-01
-4.091615762331238804e-01
-1.040711276418721243e-01
3.085338341926964212e-01
1.403950219838357161e-01
1.618017272968647058e-04
2.280576056692318054e-01
-5.031502105300156291e-01
-4.416500207946513212e-01
-3.698972649452825223e-01
-3.034361762987376476e-01
-3.601504806687906290e-01
-4.659596352803082597e-01
7.720169662522648191e-02
-4.437580634483249686e-01
-3.095091810063029247e-01
-4.238111578599653151e-01
1.214794032894401382e-01
-4.038152123935259130e-01
-2.165401687915441409e-01
1.731334505466898543e-01
-3.356006507835848640e-01
-5.802722458681998097e-01
-4.257035165168253088e-01
-3.918591843258424356e-01
-4.526344061342354452e-01
1.109104437597157600e-01
-5.351964698817528177e-02
-1.439963812902649298e-01
1.351931308246663022e-01
-4.924504610161636320e-01
3.043736780048454382e-01
1.233448387461923146e-01
-2.878373311931687328e-01
-4.827783495266829705e-03
6.446481677406697142e-02
-3.766915144967654117e-01
-7.158764757201283024e-02
8.351275278371277089e-02
-3.374116268327066459e-01
-3.770089349681429169e-01
-3.992348639711724712e-01
-4.880880304965145577e-01
-2.549816644737510907e-01
-9.079874680747829219e-02
-3.569026045843737838e-01
1.812849570516036901e-01
9.165383003489901981e-03
2.662499272104950632e-01
5.516684048879834379e-02
-3.165648476350064328e-02
-2.287894513773409688e-01
-1.921031979694912961e-01
4.332430760389320568e-02
-3.825266861572866883e-01
-1.980323278505504159e-01
-1.831931972541337716e-01
-5.105169660225858941e-01
-3.989637805187281616e-01
-1.687111983090572309e-01
-3.825530718208082770e-01
4.391177229197428811e-01
-4.254679234177038971e-01
-2.219087010739363430e-01
-3.783409939521572563e-01
-4.118499068545242725e-01
-5.121253492464221679e-01
-3.213048601806302584e-01
-4.026015252453922777e-01
1.672878012915658130e-01
6.519334901200200816e-02
-7.743925567600783155e-02
9.874241337489203518e-02
4.277742099522519742e-02
-4.214498044117848119e-01
1.336531890003329892e-03
-1.501716844828615838e-01
-2.496050149223206782e-01
-5.209062043821731658e-01
-4.461276326176628060e-01
-4.364773473737738052e-01
-4.558273432078498999e-01
9.809748635364762270e-02
-4.228472968875049975e-01
-4.784939370593421781e-01
-3.848029456068884357e-01
-3.359915257723215531e-01
-1.426089717955505709e-01
-4.042637105423904642e-02
-4.702631824092982638e-01
-4.633572951227392656e-01
-3.994648318253292696e-01
1.862756083867142809e-01
-4.917423478354845390e-01
-4.220761057319099008e-01
-4.790542105797894745e-01
5.321264834810272848e-02
1.816359949801489015e-01
-3.621852783205173898e-01
1.849840035892229839e-01
-2.093033891192814522e-01
-1.905278970231899516e-01
-9.739636264120285492e-02
-5.269566890113710489e-01
-1.971060153630334599e-01
-3.023785027584692808e-01
-2.832643900724013397e-01
-3.249915862638064201e-01
-5.859000857066755386e-02
-4.409941210338254591e-01
-3.733374659432294740e-01
-3.121001498780553440e-01
-2.102721631999502627e-01
-4.470232041118569200e-01
6.009463976000757324e-01
2.567336240661294636e-02
-6.906470300878632396e-02
-4.913171356248260957e-01
1.176628688547615847e-01
-1.415602798168492105e-01
3.287999701855681689e-02
-4.268959696780342816e-01
4.220638706422981390e-03
-4.109872908732642993e-01
-3.996113223065768660e-01
-1.428561649252426680e-01
-3.509182812448077837e-01
-4.549338981325951742e-02
9.758886966334560931e-02
1.455878652566469089e-01
-4.197011181518181533e-01
-1.585458450598830060e-01
1.721123847537652241e-01
2.889661015947581624e-01
5.048652350707932834e-02
-5.209245934707010806e-01
1.058910195951051625e-01
-4.222246804630784278e-01
-3.229770993133032064e-01
-2.267387426579288712e-01
-2.993138908821067479e-01
-4.093549055987936169e-01
4.241442480821976946e-01
-3.543947706019900390e-01
3.046332949484427677e-01
-4.679123022820612654e-01
5.782748957577984322e-02
-4.572305023930307577e-01
2.102825017229299764e-01
-4.920825858897220906e-01
-2.619941795515124405e-01
1.562782879794451796e-01
-3.568931133250897170e-01
-7.944232263238903968e-02
-4.630612637556072997e-01
2.591345639146642177e-01
-3.929475300970786122e-01
-2.604047152538493948e-01
6.007421359443076980e-02
-4.012156357241807858e-01
2.405004954182142773e-01
2.701308331386794714e-01
-2.622691483020030412e-01
-3.324107783424798956e-01
2.721762695608261062e-02
3.165520876132627559e-01
-4.110874699906417740e-01
1.429009113569525424e-01
-4.007923092642069474e-01
1.175152759811543546e-01
2.059387142421353900e-01
8.949724022104149634e-02
1.018712808994839125e-01
-6.740540859771035342e-02
3.112119531191200744e-02
-4.098083212476965054e-01
-4.703242289014165634e-01
-4.367422471036890852e-01
1.472258207406213770e-01
-3.440604955902845097e-01
-5.681322372289197842e-02
-3.786210031589461456e-01
3.089434475220670384e-01
-1.819740201214527231e-02
-5.113674767700514545e-01
-3.638638050204303087e-01
-3.035923453383668202e-01
-1.565928256745542368e-01
-3.570095703468003645e-01
-1.066536746360047250e-01
-6.561131537359880805e-02
-5.946501348606380438e-02
-3.938643963868354581e-01
-4.137849612292019419e-01
-3.040347907968695140e-01
2.446993401227695875e-01
-2.766466613550498943e-01
-5.558297259430384774e-01
6.893910274092761303e-02
-4.123088630024138723e-01
2.473072075097680067e-01
-1.094274864771798833e-01
-1.981387619495484365e-01
3.375023178314181527e-01
-5.148642538666450136e-02
-4.309748007752575716e-01
-3.697390292026325187e-01
-4.466268750184622105e-01
1.559257356019078111e-01
1.820632131291661793e-01
-4.115246267575314310e-01
1.279301767386880617e-01
2.082983414688265589e-01
2.393634332269462539e-01
-4.323305283357357087e-01
-2.399713536120491944e-02
1.871137798789976880e-01
-3.136479412549674772e-01
-1.087401398495870808e-01
8.580305182499345373e-03
-4.496868600231664348e-01
-3.781614891789493171e-01
-1.205923793648500802e-01
9.083478542302392267e-02
-2.576772535545236442e-01
-2.356257091742786081e-01
-4.151779211170209538e-01
2.323474340008496036e-02
-4.089057249362134105e-01
-2.202001972714583977e-01
-4.458970519115804665e-01
1.837799122964732246e-01
1.147334158935958970e-01
2.508676906587560818e-01
-3.475174645690158881e-01
-3.853966916293545542e-02
-4.270674206487515279e-01
-3.615150051647440799e-03
-2.802509102931362572e-01
-2.061595903654635520e-01
2.644191712628333191e-01
-4.029364451728498220e-02
-1.037917371153146071e-02
1.025111224549649508e-01
-4.703134231113768049e-01
1.944218123379960056e-02
-3.176955032981842453e-01
-3.146860808659578401e-01
-5.714615261416464143e-02
-2.854989912971014343e-01
6.497365582522607319e-02
-5.197477232712500311e-02
-1.161983279782543427e-01
-4.913799452214798885e-02
-4.643368154331243280e-01
2.231687264642117918e-01
-3.992124842199353263e-01
-4.041579176100366655e-01
-4.223296458582729285e-01
-5.252152958849881648e-01
-4.217181652473183107e-01
-3.268072983118872066e-01
7.779996830414333264e-02
-2.211990880998472575e-01
1.505605558078353390e-01
-5.559165064437576742e-02
7.099879182594781568e-02
2.624756751756153195e-01
-8.643807999746203063e-02
1.700154097946882104e-01
-3.601139537286569547e-01
-3.919725306966348466e-01
