8.925039480525844837e-01
8.773228975778516459e-01
8.401771717328976319e-01
8.545051786347481748e-01
9.367862049906634514e-01
-1.506264052849020096e-01
-1.672454242650902867e-01
-1.709316252595879382e-01
-1.870233988551710247e-01
9.196613932760725474e-01
-2.520386349134593473e-01
-2.253408144905687527e-01
9.334973383538265335e-01
9.019508135856963982e-01
8.794727915237171567e-01
-1.894992928987521696e-01
9.253572773978311350e-01
9.245751552497971648e-01
8.588625954262145701e-01
-2.179859977527267845e-01
8.947806990235556146e-01
-1.919491163659020061e-01
9.083345927449214541e-01
-9.404097076121402388e-02
-3.699722168534409494e-01
-2.070945277668189144e-01
-3.679108805136874216e-02
9.252374496050280728e-01
6.697399348664181962e-02
9.826065544520807826e-01
9.192864406296704649e-01
8.759639845730951002e-01
-5.067634387606978312e-04
-1.962990413653560862e-01
-6.495173159127445861e-02
-1.217030538700800135e-02
8.904910929298617273e-01
8.525522529131065452e-01
9.538322370924599003e-01
-1.279264559118353239e-01
-3.501081585070042745e-01
8.898676448798032990e-01
-5.407352068619669661e-03
-1.776898109713688501e-02
9.442844580149458711e-01
-1.015392642735338802e-01
-1.415446162213775116e-02
8.684778288748251640e-01
8.305295645737851284e-01
2.665453490236747991e-02
-3.795635721181515876e-02
8.381419807580907655e-01
9.397363217226868404e-01
-7.659082435597003302e-02
8.459128453190651875e-01
9.226826264465836092e-01
9.191830798643980671e-01
9.137387528826005356e-01
9.061338634656663782e-01
3.845213849614850798e-02
8.975774198293338113e-01
-9.528590108972075090e-02
5.980555580520879877e-02
-1.158542757577744331e-01
-2.776306429645785112e-01
8.502099775227947021e-01
7.984184668753495639e-01
8.680381547979763024e-01
9.029679516261459593e-01
8.842690413607964262e-01
-1.600744351962174183e-01
8.936776943143489582e-01
8.637471279232161736e-01
9.125483742486850680e-01
9.024852135011677268e-01
-2.018607102497513850e-01
8.697375142856795804e-01
8.897778702683530883e-01
-1.758511505100486261e-01
9.037397484199224396e-01
9.401474841893980861e-01
-2.770065512856347278e-01
8.129482345395333542e-01
8.638703348255627468e-01
9.391104706417631176e-01
8.165894359124982183e-01
8.822294403653968553e-01
9.089938216815881544e-01
-1.208232681114643908e-02
9.046432520981552150e-01
-8.955769467240005943e-02
1.119170549637657497e-04
8.366748070899334699e-01
8.535978873786956855e-01
-7.141324114844165016e-02
-1.183679282435774610e-01
9.100338598173481897e-01
-2.339501950239996353e-01
8.449036437307768654e-01
9.428383520174141719e-01
-1.981456039573157857e-01
9.211540891728895453e-01
8.616286104998017725e-01
7.522136648819187643e-01
8.994340436933373484e-01
-1.118686523710897968e-01
8.913490836405528750e-01
5.204107258840635908e-02
-6.473044266353703002e-02
9.351732827820636862e-01
-1.019584751542055023e-01
8.749382912155230230e-01
9.105812249233138367e-01
8.918983429581842648e-01
8.988076678160858979e-01
9.110967392915567675e-01
9.159128583406621615e-01
-1.585805432565769446e-01
9.203395653364845330e-01
-1.229577888063487501e-01
8.995873522711970161e-01
-2.558011905592821322e-01
8.994434843236361887e-01
8.786594247167830440e-01
8.539824422089157263e-01
-1.217445218462459566e-02
8.659546907856684461e-01
8.907237348514266406e-01
9.115631517301717723e-01
-1.445451528132424279e-01
-2.332510507107020403e-01
9.416017521350172892e-01
-2.120938855718923211e-01
-2.014851615760884229e-01
8.685292925571617140e-01
9.281725003224012838e-01
8.949161662622084901e-01
9.374997773695205039e-01
8.617502745322368485e-01
9.070889196314360081e-01
-1.601082887644503239e-03
8.408112036506087961e-01
9.303903056518827430e-01
-2.271661177661814524e-01
-2.944766291405318537e-01
-7.351158182292158449e-02
9.564669673531062122e-01
-3.179093938939269726e-01
8.854609187270143789e-01
8.369791609441811220e-01
8.905201748224352842e-01
1.491740116186534848e-01
9.267711561418331412e-01
-7.672882906159889105e-03
9.516798690997883003e-01
9.203201714358144603e-01
-3.613239574890481087e-01
1.045104696556748147e-01
-9.939150672894445093e-02
8.437582766101950904e-01
8.135170124748675180e-02
-1.209826666091409347e-01
-2.611546589354657444e-01
-1.045118990881681309e-02
8.514813659721378603e-01
-3.714848024370609458e-02
6.781711016389969926e-02
8.117422064070776155e-01
8.975530017612264322e-01
8.963067713083271437e-01
-1.353749539594689966e-01
-2.316676784557731295e-01
8.294949223099186142e-01
8.912055053317853304e-01
8.707033727422065494e-01
-5.164238367758623716e-02
-1.569748327538914578e-01
-6.611482861382050880e-02
-6.351550792994217765e-02
-2.183648375859960078e-01
8.532804735268103569e-01
9.317794706950751626e-01
-1.757312013519057303e-01
8.986789325139108442e-01
-2.936375460696071804e-01
-1.235088046193932587e-01
9.415006044472127300e-01
-1.289912522445629817e-01
9.583288617670594478e-01
-1.307309416247616762e-01
9.159927180722273743e-01
9.157191739006640407e-01
-2.342132131049052546e-01
-1.879796530038197189e-01
9.540190911459107692e-01
-2.101446432334452830e-03
-1.439665796508428630e-01
-2.169301641149078141e-02
-6.222896447567195788e-02
9.264109972828538098e-01
-3.300658617649165905e-01
-3.745275462443889980e-01
-8.685235762476364862e-02
-1.186204688253463257e-01
8.654719048279843063e-01
-6.060590716363406516e-02
8.434140176604394412e-01
9.058220336929506677e-01
-7.527977197231232320e-02
-2.793537840144418305e-01
9.275383980517317717e-01
8.710818083176893323e-01
9.125308100616118523e-01
9.189433067958661105e-01
9.432239809676159492e-01
-9.912873595427748596e-02
-1.128777939410461340e-01
-1.732234071831428301e-01
9.411745184672285491e-01
-8.686480897415030378e-02
8.465310972534528799e-01
8.820072206647737723e-01
8.425089563110975677e-01
-7.507571903652136835e-02
-6.063278480751516097e-02
8.964528143268680749e-01
8.091512911665683649e-01
-3.574026143222400198e-02
-1.417290775853028706e-01
2.948551711055831526e-02
-6.688070622059311132e-03
-2.222479318361327005e-01
8.755894972921967057e-01
-1.974909013455860077e-02
-2.645844627308786834e-02
9.219203645027318483e-01
-1.782154993596142545e-01
1.586334771759581319e-01
8.509748469930109582e-01
-2.442734356898185466e-01
2.117944625456773255e-02
9.197491040216991820e-01
-1.449726995681601127e-01
-3.859218259573388154e-03
8.601790780493492328e-01
8.836103159011408081e-01
-4.212547697659807522e-02
-5.772585152519861540e-02
9.170858481134930296e-01
8.359308666808477062e-01
9.324878139706855862e-01
-1.255163822563351572e-01
8.880637739543832954e-01
-5.372371226642141950e-02
9.460413616628271516e-01
8.679062489888473841e-01
9.318724958137027947e-01
9.606321553057246554e-01
8.823469351437348562e-01
8.610072895142196758e-01
1.532485227134256778e-01
8.759754662255053725e-01
8.944184302727928859e-01
-3.468666872459352790e-01
-2.591486317088524949e-01
9.134822529954497172e-01
8.322162719288981325e-01
-8.052121277504320496e-03
8.381974391524147361e-01
8.982259968287048535e-01
-1.928265254274076912e-01
1.119741760602100816e-01
9.236689231543990797e-01
-2.052585033696373018e-01
-3.050624045891772718e-01
8.255642503483684447e-01
-1.957439967626069532e-01
8.832849030910130406e-01
8.861956346149466590e-01
7.245218797136974143e-01
9.360732199723925673e-01
8.830620680742028439e-01
-2.672160941614636909e-01
9.191211100478428042e-01
8.718000770531743049e-01
8.957609828132613305e-01
-8.594713958504178464e-02
8.728684777854156529e-01
-3.348773222173360153e-01
-1.265221349462437583e-01
8.597714326378690375e-01
