-1.644926020986919590e-01
2.155239930521118119e-01
6.861343071690045869e-02
-8.102523849705542403e-02
3.868657705634889754e-02
2.199538771076086641e-01
-4.428702260285340420e-01
1.219886035265739244e-01
-4.558799221674376262e-02
-8.671487179863807127e-02
-3.135127073648121265e-01
-4.412856384966973855e-01
-4.205039898439462132e-01
1.417167174320105028e-01
-4.876459909223657685e-01
-1.329935472983771461e-01
4.114408326960886791e-02
2.519262369926452139e-01
-4.738797889706126143e-01
-3.133470815017013189e-01
-3.516105687070098518e-01
-3.752701347707432800e-01
1.795146674703998191e-01
-3.924171869284840963e-01
7.126575008709985781e-02
1.809768269392422191e-01
4.297371851471160631e-01
-1.020585395818802282e-02
-2.989606834983069006e-01
1.769932831757164426e-01
-3.159723912537037993e-01
-2.459140273792792541e-04
-2.234052890706153538e-01
4.526456802994467676e-03
-3.368898841132194066e-01
1.533803700537758885e-01
-2.700041417451384818e-01
-1.669341669202664968e-01
1.269932724304465854e-01
2.500148847100581717e-01
-2.285565526113692014e-01
-3.725820341438954020e-01
-4.354591248269160109e-01
-4.250622216294061562e-01
4.159332513674113829e-01
-5.183148439927076634e-01
-1.464722267509892262e-01
-3.141581459881896410e-01
3.843624320164766572e-02
-3.832113901462362304e-01
-4.253882745822317180e-01
1.931762472772859951e-01
-4.529228831187400162e-01
-5.094663956339277044e-01
8.167260199054526826e-02
7.037364494176562291e-02
-3.963431514472620099e-01
4.508725703885266833e-01
-1.265941592839770202e-01
-4.880786225035538828e-01
-1.581602839234223234e-01
-3.981694292210836983e-02
7.823793422769463601e-02
-3.059946422819721512e-01
1.564338439097728017e-01
1.183785824861793567e-01
2.661579899835238017e-01
1.941895365594573375e-01
-1.639724756059783572e-01
1.402785894739983219e-01
3.324025909036025794e-01
1.495839293484313992e-01
5.730673901229902528e-02
-4.627378769344193676e-01
-4.972013227566143279e-01
-3.267515706650494373e-02
-1.034792990297133675e-01
2.748014313576997436e-01
2.094048692598737826e-02
-4.542675270562115397e-01
-3.840244494565274169e-01
-5.167266239570159625e-01
1.570342289150629400e-01
-3.734538991351257220e-01
-3.340388181805261647e-01
-4.103692035030218066e-01
-3.787578021565922715e-01
-1.437943287592760577e-01
2.359354003192782878e-01
-4.652536203432268702e-01
-3.153026166165948663e-01
4.341563463749931739e-01
-4.292329966743897995e-01
5.756068872502725919e-02
-2.863035475804466268e-01
-3.808627118844533643e-01
-4.465971596658522419e-02
6.724029798285631465e-02
-1.142281137902888960e-01
-4.158089859641466157e-01
-4.430923724389123075e-01
-3.487619907852357315e-01
-1.005213466602119105e-01
-3.884214477437872848e-01
-3.205401756007146274e-01
-4.733372913016459238e-01
-4.907243031823209645e-01
1.497504740839391002e-01
2.281437514328403526e-01
-7.552291844611697114e-02
4.146431806089239114e-01
-4.363128047998290349e-01
-1.446040586112948279e-01
-3.945525688334926007e-01
5.521521956105027856e-02
3.132531446383683971e-01
-4.733771177140047581e-01
-3.554064837255866555e-02
9.834886878728812953e-04
4.314154558157468761e-03
-3.284184219324470799e-01
-2.011875766452664305e-01
-8.871420744296930339e-02
-2.938785593842502819e-01
3.242255735463822064e-01
-4.686762854549149371e-02
-4.132947875352538936e-01
-4.894684765376094981e-01
1.377078181972615223e-01
3.701177850697946053e-02
-3.605504706206121290e-01
-3.762508270348532413e-01
-4.737149307700608269e-01
-1.815627612735667418e-01
2.254306289697845245e-01
1.065409028697551358e-01
-4.260731220395213015e-01
-2.971738604085674140e-01
-3.735088729156302856e-01
-2.291437803096053605e-01
-3.912071806767552506e-01
-4.739000265440406756e-01
-4.502670059863815299e-01
-3.915722407383608883e-01
1.489131073226256929e-01
-2.891434714987358573e-02
-4.028401121793392936e-01
1.421577931171680853e-01
-4.332369114254980835e-01
-3.119371290595686630e-01
-2.876648014653140351e-01
-1.983555216008441313e-01
-4.581417256246932967e-01
1.450216094540150713e-01
-4.617990415247255065e-01
-1.556205185778996580e-01
-4.642274590054701333e-01
-1.033939871300862401e-01
-4.402871344465304482e-01
1.870636581536591070e-01
-4.527948132124235414e-01
-3.641601922774037048e-01
-4.292875618390863957e-01
-4.017057324822691511e-01
-2.907442213593518510e-01
1.927905008735323611e-01
4.271113299355824289e-01
-4.109019767490983965e-01
-4.126893479070821436e-02
8.694478943534279802e-02
-3.151415947182210631e-01
3.833372114148883569e-01
-4.548034685688551182e-01
5.015320823423399799e-02
-4.095285293065226706e-01
-4.119690134134033066e-01
1.181663794875711382e-01
1.498169036976923496e-01
1.541544582253514817e-01
-7.954674111995047037e-02
-3.514314710203759184e-01
-3.782784104375364054e-01
9.821105283209630166e-02
2.403963706774399633e-01
-3.579376145676632093e-01
2.022826827203956235e-01
8.326127240624689452e-02
-3.997223810889317941e-02
2.423389773846596762e-01
-4.171640976900852227e-01
-1.556528466581693082e-01
-4.572364016148039445e-01
-4.114224569472471060e-01
1.055533882462977024e-01
1.662598833041807611e-01
-4.821448199808239243e-01
-1.895780345161585806e-02
2.788961729636123543e-01
2.218029765888796245e-01
1.405309073380769658e-01
-4.582753771981105118e-01
-2.150942682407879503e-01
-3.916304485191908769e-01
-1.764554682833638921e-01
-1.967953176390679071e-01
-4.421903535557453191e-01
5.734067518268583241e-02
-4.614158564030940157e-01
1.115628557829083656e-01
4.377653491213488735e-02
5.774183479492140530e-02
-4.501613936771907687e-01
-1.692892001940513869e-01
-1.302810157675568237e-01
1.207031473045854369e-01
-3.583862426739491125e-02
-1.355090285699186159e-01
-1.603545828649169946e-01
-4.892336180754480734e-01
2.943018033285140778e-01
1.169182603191293163e-01
-4.068632996433468318e-01
-3.110649753882511193e-01
-4.207093910968870976e-01
8.546579312690946728e-02
-2.790011289332593458e-01
-3.574641188863536545e-01
2.921930934198992413e-01
5.433249500005728205e-02
-3.741931632898624904e-02
1.440283750200005430e-01
-3.205392494933708147e-01
6.590909396695628086e-02
5.332735778725511411e-02
-3.894984575539101601e-01
-4.093885550941140927e-01
-3.993372062130297606e-01
3.096263797133197437e-02
1.802052379797255688e-01
8.258092770679700823e-02
2.481438822882819639e-01
1.977659633371619818e-01
1.030980979062318253e-01
-4.228415158504403859e-01
-1.750547089452365174e-02
-9.886777912584113204e-02
-4.861200682471703560e-01
1.952668998333410844e-01
-4.739914415792241820e-01
1.909920463702074328e-02
-4.004492433033950138e-02
-3.320761743400970634e-01
1.458609514334587298e-01
-4.333589499480536289e-01
-1.200226895931498228e-01
-9.700465965545693181e-02
-1.039377170486076168e-01
-3.751154929599905263e-01
-3.971370676996623383e-01
-1.705586655224943793e-01
-3.551015956275226371e-01
-3.933125442323570087e-01
1.777577883150087412e-01
-5.841344809553659229e-02
-3.412071380443622570e-01
-7.321780757713551580e-03
-4.177840559946082166e-01
8.631839394982268598e-02
-4.008517917271253173e-01
3.349126965795349437e-02
-1.541875807692113381e-02
-2.803046104638803326e-01
-2.851132628626041124e-02
-4.554899769128805120e-01
-2.875087287451970341e-03
-3.583152962427302302e-01
-2.798761638553661779e-01
-2.081827277052852865e-01
-3.729318591134945238e-01
-3.558444753901833513e-02
-3.602857893652032240e-01
3.479657918416253493e-01
9.083801614526657020e-02
