4.220773146243209095e-03
7.196919091738092078e-01
7.638441842352642341e-01
3.248941434810511675e-01
1.062037576044084636e-01
3.530175051566441513e-01
3.369447272330260423e-01
1.698298848146376216e-01
2.748689055341432264e-01
7.974511352027024991e-01
2.711036023090111491e-01
2.861149922653494215e-01
3.056167176747657255e-01
7.106954020729274735e-01
8.840147455697662249e-01
-5.792297179606773483e-01
7.052948415848117047e-01
2.899805299662055330e-02
3.689831241604670797e-01
7.791474956606525559e-01
6.456551705853945666e-01
1.360046341178434148e-01
7.664608796361194187e-01
-5.153616091423609546e-01
-3.753137688668798932e-01
8.883986550201778964e-01
2.754703516249067397e-01
-4.422909574397712595e-01
9.518680549190077222e-01
6.468251321042326474e-01
1.201357038411131339e-01
8.584963884252042599e-01
2.946373772045363104e-01
8.680272284095621460e-01
2.279131296116658212e-01
-1.016739045218615634e-01
-4.816316316975001177e-01
6.073939411266429111e-01
9.197868054318059094e-01
1.331101168771085530e-01
6.960083353708522713e-01
-5.580754188708386687e-01
3.217640063512114956e-01
7.219798382864440756e-01
7.082045264928286121e-01
5.712976822785615916e-01
4.277615348759250535e-02
8.009417442756476824e-01
9.570566249576646367e-01
8.734814937180697125e-01
8.908019741187624962e-01
2.326603913071304819e-01
6.351717643853582729e-01
5.922170555619379329e-01
7.013978805784009118e-01
8.702429134816813683e-01
9.000057091192903425e-02
7.002713043256889591e-01
-3.125343113266690342e-01
6.739193832455000477e-01
3.082256038514700203e-01
9.013269010540729820e-01
2.757310386769836752e-01
7.361587435505237975e-01
7.213968330139330920e-01
2.559503474276322299e-01
8.454047931955619433e-01
8.553296005075128328e-01
2.483847512279655778e-01
1.668122114060501260e-01
5.543804478537996960e-01
6.554683258082212305e-01
2.183847524564145604e-01
3.557397526204494898e-01
3.335978969658204285e-01
2.281899194513768159e-01
8.324165949421864497e-01
-9.257565944423917781e-02
3.611977770897321083e-01
8.749851503711850720e-01
2.943682959478993166e-01
9.350240016706701240e-01
9.469185973964293623e-01
-3.794138223402110377e-01
6.436706775188731910e-01
-3.557745423247485328e-01
6.025582630869487089e-01
2.765176680321923541e-01
3.627987870164073314e-02
-4.654147285479323104e-01
-4.265681709845469682e-01
-2.948580141390863552e-01
3.470689686631411863e-01
9.055231479925840432e-01
7.461239391278151611e-01
3.982604519741611560e-01
7.137180236835743985e-01
-3.226106481486751276e-01
7.708825726780166310e-01
8.992810399769111118e-01
-2.074166380057854975e-01
9.254186807681697990e-01
8.754223922514772216e-01
6.775739838046885843e-01
9.215497606385010254e-01
-4.108380937582354342e-01
9.767646408219101684e-01
7.798009229149999166e-01
6.796926228875159737e-01
9.117925029223279410e-01
2.971906667428004245e-01
7.503116520806827339e-01
-3.828103993824784612e-01
6.132881247170274275e-01
-1.509244712039564673e-01
7.741523440258160083e-01
7.532402054571807337e-01
1.977785462368011338e-01
6.765721155324847524e-01
-5.732939680014652317e-02
6.842920643314465146e-01
1.113550578946770897e-01
3.433642193659139363e-01
-3.823803957664263509e-01
9.115530415105170814e-01
-4.154654646144638752e-01
8.311618397471214337e-01
4.066162412403522830e-01
-2.304973971985272430e-01
1.312957573658694588e-01
-1.249458215634194069e-01
9.079610377538800403e-01
-5.100737288188350593e-01
4.460786565830069383e-01
-2.769966261856353640e-01
8.354022009486432587e-01
6.672735233651081455e-01
-3.013591937673432697e-01
8.630217931951063015e-01
9.494453588302622649e-01
8.766229149155237987e-01
9.485185889918437141e-01
7.453341672607052271e-01
7.109377440160129513e-01
2.691087730793343402e-01
8.285088114681007365e-01
-5.654317835772828538e-01
-4.132931093036050219e-01
3.236186895200439395e-02
2.698845244754820571e-01
7.382778501564815077e-01
8.947096817202858376e-02
1.763038522442155753e-01
4.792295789739272616e-01
2.299481856098860855e-01
8.522173506167982637e-01
8.579026828710403230e-01
5.033419227850898237e-01
6.710848801590927337e-01
8.804332766914289010e-01
6.100237180131130588e-01
-2.969205238026116911e-01
9.525087076785437867e-01
6.208545198066730553e-01
2.993141788041280837e-01
6.620932550861764465e-01
2.697680392507766367e-01
6.986745968838549148e-01
9.194958209075145827e-01
4.119708647508523169e-01
8.996487809825639559e-01
5.416848887030636384e-01
1.511645843556827518e-01
7.433400367232971817e-01
6.430878948940644824e-01
9.230767238204194980e-01
2.206668843352227738e-01
8.790969155354333431e-01
6.787168842247028877e-01
1.953710644240096161e-01
7.574294908156897765e-01
7.918161043770790553e-01
-2.859358373607606141e-01
9.138977136884884889e-01
7.293173114679424307e-01
9.744374905921948660e-01
2.137599883723983463e-01
9.262855435626393685e-01
1.335813969865621842e-01
1.510667282648046339e-01
9.301218126544474885e-01
3.585260622360875171e-01
6.479391243225470776e-01
-4.208340031760535727e-01
7.612980417937649236e-01
5.438991405101802901e-01
8.202351261461451326e-01
2.735791952825042950e-01
6.800040471073469650e-01
7.324849630203421613e-01
4.742063814495794949e-01
7.201584382898753578e-01
6.297597157781440469e-01
-5.135130580606172002e-01
-5.631509660193335653e-01
6.403389932017177211e-01
7.188398469162500248e-01
-4.916660455884309111e-01
2.587047807824212620e-01
2.797951537334299188e-02
1.403837170883174834e-01
3.643633541539484932e-01
2.583772270620297573e-01
8.461025397443621143e-01
5.559204336281533543e-01
5.421512841484288359e-01
-5.858432556060901852e-01
-4.102287319717003999e-01
7.362746847269334705e-01
8.862640203379237303e-01
5.939576180870403954e-01
9.409623658960368786e-01
3.335985365699541960e-01
3.434099371866490280e-01
2.280909742402090767e-01
6.671822978186912056e-01
9.316748981088192050e-01
8.284693291158926609e-01
7.118936401682253445e-02
2.344885069034068070e-01
7.698339798432437542e-01
5.624449496237567958e-01
-3.342385891438741652e-01
5.773158601035264237e-01
2.916543683363023720e-01
7.496647454719518322e-01
6.968836605873780510e-01
3.399430501137092886e-01
-3.923235719001770816e-01
9.287449718188706127e-01
6.601540055266698070e-01
3.102112159182850992e-01
1.114543181937520944e-01
2.051650344192919029e-01
1.097478812689020172e-01
7.578304390347230246e-01
