2.312591282294529371e-01
7.306614963710859889e-02
-4.399949814204382470e-01
-7.970449386082224807e-02
-3.670884586597175092e-01
1.320783557100978778e-01
4.333896011846622986e-01
2.632334450040735296e-02
1.224214639738843841e-01
-1.490642082342272245e-01
1.309201933830538567e-01
4.326247326166507978e-01
-3.709950961211559983e-01
9.024979099393906634e-02
-7.590992839232955924e-02
-3.233556703115248454e-01
3.991457328250781478e-01
-4.617131882357042305e-01
-5.664414954911478617e-02
-9.859287500131459769e-02
5.817859639228587509e-01
5.260860006482134810e-02
9.036441867643792147e-02
-3.726231130061621322e-01
-4.890258682512452770e-01
4.750566076598351090e-02
2.032945610198577391e-01
1.964905041036836275e-01
-4.379302052682771534e-02
2.380767169772749492e-01
4.524686109678587864e-01
4.133556249423055440e-01
3.329605797162495939e-01
2.696405105458311580e-01
2.160894388210703454e-01
1.485066453189359537e-01
-6.603330840875419605e-02
2.631801634666826040e-01
5.883464207066531337e-02
2.389028108718615206e-01
1.524733289563279803e-01
-5.193349458922456863e-02
-3.383957317704786583e-01
2.749029774392113823e-01
2.850563726576925694e-01
6.968719106857498846e-02
2.336136729077374075e-01
-3.253459856777830006e-01
2.179288560912566175e-01
3.546295483703311713e-01
-4.061154635652755029e-01
3.652013273969604290e-01
-3.744723993273348372e-01
2.598853774604947264e-01
1.582108318375303191e-01
-3.331209867098436361e-01
-3.507442948134164018e-01
3.042493300509718779e-01
3.679429401071153682e-01
5.612689893844129141e-02
3.487364832296256933e-01
3.195538099526603615e-01
2.745242900848587353e-01
1.764867701480286877e-01
-3.202339093339955922e-01
8.724759491113276422e-02
2.278848244413233526e-01
2.878192480582291157e-01
5.089505753423226864e-01
-2.111418668439119517e-01
4.914585496668649189e-01
2.278027217685411054e-01
4.108093295190022587e-02
1.790874806550974904e-02
-3.312263751075511520e-01
-1.961725315488926091e-01
-3.949921520291602706e-01
-3.067748733821246132e-01
-2.471200179667714103e-01
-2.793427088522022483e-01
3.813696736213165739e-01
3.598860477742478747e-01
-1.866040334498953179e-01
2.100022222753286094e-01
1.337769168410519738e-01
3.024699378158895446e-01
-4.052674623081995442e-01
-3.313976483877399959e-01
-2.033073553497998232e-01
-4.306046555328045811e-01
1.297906270918351701e-01
-2.377147440730449923e-01
-2.607920766140133795e-01
4.608792804851437330e-02
5.249696391083109592e-01
-4.594088430924153643e-01
-1.302935508911850226e-01
1.970785112252835813e-01
2.157523013113326615e-01
2.585856555443475369e-01
3.192538267881465663e-01
2.619700848658629289e-01
-2.992284301786322653e-01
2.389031445699770217e-01
9.106065172126037721e-02
7.344700511342158733e-02
-3.742435751678720446e-01
-2.928446007266677364e-01
-2.181316622920448645e-01
-2.118958177835822132e-01
4.066791853049825378e-01
1.732701515943454174e-01
-1.510123851337097367e-01
1.078796493383866600e-01
3.485906607173201444e-01
-4.249524911839630548e-01
3.137804791106432178e-01
-3.255240785914222945e-01
2.899873446071684069e-01
2.914925731842992196e-01
3.044614786457496836e-01
-3.250599935541214625e-01
-2.030501406091380912e-01
3.156251255045022797e-01
-2.300088795659521457e-01
1.714930314543941514e-01
-2.161176586565651259e-01
2.899044871637117549e-01
-7.274160709689433957e-02
1.310536697383614113e-01
1.116374244425420159e-01
-8.199361091816272096e-03
-4.781174709772907372e-01
1.102221438500541606e-01
-3.623077484333240283e-01
3.901239216355933959e-01
3.624783333662635609e-01
1.468349199699599539e-01
-1.786733976232400822e-01
3.554387272254692087e-01
-3.390759302927491281e-01
-3.727204367862883005e-01
2.681046547430608329e-01
3.327032919428192792e-01
5.674853908501562572e-01
-3.095576608251898731e-01
-1.872430678762830869e-01
-2.922722609350226763e-01
4.401760772782803421e-01
9.825463219480090604e-02
-1.858100571022158476e-01
1.586450942884653492e-01
2.183884984872593304e-01
3.125230572277207242e-01
2.645364751432374151e-01
2.832163768398838766e-01
2.766038426259592731e-01
3.232441016737205297e-01
2.051312963766330766e-01
1.686575388173564005e-02
3.887797239769733015e-01
-1.258697074650006950e-02
1.488462474255904944e-01
-3.832349345261102935e-01
2.132365747351878116e-01
-2.205582022020007305e-01
2.925443616871725716e-01
-1.731512903259936897e-01
-3.424712472408921182e-01
-3.026649606647190405e-01
1.396695866154658294e-01
4.449648371244968592e-02
-3.537083206480588771e-02
2.373853132451978210e-01
1.004687305886129561e-03
1.299976444195148351e-01
1.033615316559558517e-01
-4.621902220980566578e-01
-2.604933239380251564e-01
2.395752079141180158e-01
5.986566240231858127e-02
1.867245531396291569e-01
6.130649835692009858e-02
-3.359215189346664854e-01
1.739284604037569515e-01
3.866773571607386994e-01
1.731969409741742627e-01
3.120114612202438686e-01
4.836713461944517345e-01
1.847829399132414063e-01
3.997355527250442409e-01
-3.271657737952810563e-01
-2.460499350729333096e-02
3.551594915522177653e-01
-2.589370690504139150e-01
-2.514358278272113001e-01
3.298305118599955676e-01
1.808668615444843364e-01
5.151564777119977956e-01
1.451926085987557437e-02
-1.276560962268407096e-01
-1.380205928324932940e-01
-3.193129791458192424e-01
3.438155453832827946e-01
4.313698579116665988e-01
-3.537507146419651693e-01
1.275832421318011944e-01
-1.935149709550978425e-01
-1.472129838224074949e-01
2.051614207876543139e-01
2.355280279626243145e-01
-4.187221918177402857e-01
-2.931362222942385243e-01
6.786905416818662939e-02
2.268499577372038445e-01
3.794599880470965747e-01
-3.673327582906021349e-01
-1.115148958332488477e-01
1.977202263606975541e-01
-1.351564621527140408e-01
1.909414017061183966e-01
-1.457392824311141144e-01
-2.962511350682608957e-01
2.930062387787399913e-01
-1.711552879277990491e-01
3.068532576302210324e-01
5.432125683667719113e-02
2.921639253449260232e-01
1.344196681015573380e-01
3.048680500319047582e-01
-1.947877589486171346e-01
8.422509137767600351e-02
3.722633563263972878e-01
2.258559492365196930e-01
2.381936203372689020e-01
-2.773693416808901135e-01
4.812556287313977110e-01
-3.039429359075827008e-01
-9.731595104166737564e-02
1.878328380996590052e-01
2.045620748508663600e-01
-2.829607468139559989e-01
5.868731579011406130e-02
1.811694830564024306e-01
-1.787902003853817645e-01
4.365108903867686019e-01
-6.913181882772099357e-03
3.248904586797107252e-01
3.213013274570252209e-01
1.505550055420237787e-01
3.688845162991798432e-01
2.566400600095272155e-01
-2.381477475205740213e-01
-7.063515709369774798e-02
3.479829539798017235e-01
2.656805943075175036e-01
4.505652501699486390e-01
-5.526494601583361449e-02
-3.394489417664013908e-01
-1.804317991413195987e-01
-3.966329609249826804e-01
-2.769578045777181807e-01
1.671819427155700200e-01
3.403935505914594817e-01
3.112694264080448914e-01
1.076691819768690606e-01
-1.574007498173924866e-02
1.167352638740388471e-01
-2.393303427046026555e-01
-3.176159634503501472e-01
2.396111712889504031e-01
5.828674159677909028e-01
-4.896688425531017796e-01
3.267754083610244775e-01
4.045382483193102896e-01
1.348241603244517139e-01
6.813872256201379540e-02
4.813951461811957072e-02
-1.678957643361890170e-02
-1.870084394253778148e-01
-2.536037158345854081e-01
-3.225371119266352560e-01
-1.887071301877709106e-01
3.773000295358507339e-01
6.502777069775145247e-03
-2.353401373791344509e-01
1.021603276981155883e-01
2.704236578997764040e-01
2.803040939645662366e-01
-2.522325807150024302e-01
3.499961919566054180e-01
3.966722705085309886e-02
-3.687723943468569632e-02
3.340917720814387537e-01
1.899856339799721461e-02
2.146547109540271614e-01
-4.074303838353969254e-01
