-2.548805041071496302e-01
-3.478035895789232668e-01
-4.004797543992549835e-01
-5.490679690226207832e-01
-3.494781621911273173e-01
-4.276247894684360729e-01
-5.058915975600714043e-01
-5.676139536816995346e-01
8.842217869008045517e-01
-4.788755864841469645e-01
-3.795462052894180704e-01
-5.653377215371462317e-01
7.009201287364221766e-01
9.238240294105634076e-01
5.737218495736693402e-01
-3.572217109766481213e-01
-3.769283665254644089e-01
-3.418327711223180243e-01
-3.188344813165108205e-01
-4.474366003974041828e-01
-2.682211745968529071e-01
-4.827581289907270090e-01
-2.021901134789804433e-01
-5.570094100603379950e-01
-2.783721000548453617e-01
-1.785225632151759279e-01
-4.867902257510261510e-01
-5.141947794621950507e-01
-4.249350099575842643e-01
-4.598924633294715347e-01
8.766284782079821758e-01
-3.475887489396709551e-01
8.111248908172471461e-01
-1.313698265626419559e-01
-5.351055994673941107e-01
-4.279656612553087713e-01
-5.119961009920367401e-01
-3.684308122463033630e-01
-2.966737992016197367e-01
-2.254114730332624772e-01
-4.170767549699169741e-01
7.370357957959339235e-01
-4.545800806772137825e-01
-4.051537110525088581e-01
-3.066037721172737984e-01
-4.996921607951591016e-01
5.787315660030911690e-01
-5.329373759496590646e-01
-4.093528166773547361e-01
8.747898147781016931e-01
5.305973707398949912e-01
8.620012703572733637e-01
-2.144312749261265694e-01
-5.252671454213451163e-01
-3.152210857971639024e-01
2.476542305949784306e-01
-3.593718086825339886e-01
-5.347897843917576166e-01
-2.317817196128188484e-01
-4.931068891855213687e-01
-2.761069328660963884e-01
-5.099748731994302453e-01
-4.461996664766855192e-01
-3.853473028303905368e-01
-3.382988292009111442e-01
-5.302833522696794866e-01
-5.647442791166689124e-01
-5.187196515031120558e-01
-1.146524148355339279e-01
6.363634931834660780e-01
6.758029311646758241e-01
-3.021032193882213779e-01
-3.746701751000945935e-01
7.721731587383547923e-01
-2.997989302546406054e-01
9.107638991383550930e-01
-3.612195038471454067e-01
-4.597365914251579921e-01
-5.594182893011362401e-01
9.793003378287306049e-01
-5.211698504768970119e-01
-5.205545731255684094e-01
-3.608149992713666765e-01
-5.138961222390879824e-01
-4.885293828318956200e-01
-3.397420444897895075e-01
-3.228003393524253584e-01
-3.491127885145433596e-01
-5.178276268948792671e-01
-3.297426363529932791e-01
-4.964548315792435274e-01
8.496402193997925067e-01
9.126583206744295906e-03
-2.852182031121270889e-01
-2.953993641773521306e-01
8.741389749647463514e-01
-3.957076921587120988e-01
-5.105759526312958485e-01
8.747612091156090619e-01
7.070871367693831733e-01
-5.092506002507264373e-01
8.078548122083780703e-01
-3.673537143801454130e-01
-4.359133568480503262e-01
-2.263981751432967982e-01
4.214407399847922564e-01
-5.196357260879959084e-01
-7.623275957918404511e-02
4.002773707844071993e-02
-4.109464326802051426e-01
-5.172607012711654129e-01
-3.020217310824809265e-01
8.918223156224115433e-01
-4.502117107969216825e-01
-3.939442474294748697e-01
-5.240122405033947883e-01
-5.426376796595246965e-01
-1.106045545125056151e-01
-3.909803496389477884e-01
-5.453867566111918475e-01
8.800410117847490277e-01
7.735555715911570651e-01
-5.378967018762121910e-01
-2.500609786302064319e-01
6.989110505172863030e-01
-4.926573063256046159e-01
-2.414252856483047327e-01
-2.097404241214699261e-01
-2.714995879130267520e-01
-2.172033062461620478e-01
7.454366771902050104e-01
-3.005259193339067103e-01
8.060436846634464469e-01
-4.867052293251610262e-01
-3.579961405639247030e-01
-2.634474072845450765e-01
-3.574847897770095373e-01
-5.270632425754604444e-01
-4.840882867302505610e-01
-4.707946783133049040e-01
-5.094596655543162100e-01
-3.369532225177148677e-01
8.165029707749582588e-01
9.286296660236892375e-01
-4.327166259216833621e-01
-3.301309304342600059e-01
-4.376436590781997982e-01
-4.932034199011006703e-01
-2.029576776476336719e-01
-4.403528463598329057e-01
-2.768945959003834001e-01
-5.473509252266464120e-01
-2.934055697581279265e-01
-2.449155214844268846e-01
-4.189171107247792181e-01
-1.588789527767164311e-01
-9.835971073950432186e-02
-5.671329405211056329e-01
-4.507293673443447113e-01
-4.593010704445806835e-01
-5.342128927849163489e-01
5.567238962272942349e-01
3.041897624213799611e-01
-3.947410420085122884e-01
8.633333102283324845e-01
7.111703787618679495e-01
-3.018541468983636511e-01
-5.429962905538765483e-01
8.194435200539418318e-01
-2.019860216993760171e-01
9.296086280228488263e-01
-1.810872578539454714e-01
8.593573064191273314e-01
-5.172337707123936257e-01
-4.061499034994966451e-01
-5.100406607009428939e-01
-4.885735548150630381e-01
-5.580378713585458783e-01
-5.094684171721082233e-01
7.687892774497927517e-01
-3.442886807226678281e-01
-1.094380763691201186e-01
8.216284197769097020e-01
-5.305095611133299194e-01
-2.209434568641546748e-01
-3.021327114179607198e-01
9.899219481193091141e-01
-2.236971081407178596e-01
-5.189236790583475756e-01
-4.690388442863556717e-01
-4.181349108719578100e-01
-2.476806129386604494e-01
-3.336648593610299640e-01
-3.736219033014894220e-01
-1.670926746959996434e-01
-5.280252358709814908e-01
-3.463860887976949465e-01
-5.713130319377983657e-01
-2.294470840931474853e-01
-4.447264406423078187e-01
9.612485471104028623e-01
-2.800790588956850180e-01
-1.464486644213284783e-01
6.108854555206671977e-01
-5.189639615510089898e-01
-2.721121113405651770e-01
8.954647623117268918e-01
-2.806283933957975374e-01
-1.356540948306717842e-01
-4.216406520690537674e-01
-5.948114614695014790e-01
-5.401332764617267079e-01
-4.890487097276943196e-01
-3.797685302922849671e-01
9.659278364747025947e-01
-4.567543176016444773e-01
-3.560725352767138974e-01
4.592023543956229303e-02
5.916933834447284102e-02
-3.469385203132205886e-01
8.372025285140818340e-01
-5.098893409506202179e-01
-5.037010811812893118e-01
-4.769921941087810202e-01
8.476773576198046722e-01
-4.034309831808241542e-01
6.185859312482917538e-01
-3.759129933633762466e-01
-1.146069072490515789e-01
8.728741125126424638e-01
-1.426456647896890972e-01
-2.879865089195456918e-01
-5.463021649847611405e-01
9.791351032752073635e-01
-4.335113035887737665e-01
8.828051968691674745e-01
-2.689339843376455375e-01
-2.799026184845269105e-01
8.735920072983078821e-01
-5.423785804563066026e-01
7.112438355719816752e-01
-2.883257113901918078e-01
-5.024636025948328033e-01
-5.852737712205340337e-01
-4.083750985180845672e-01
-4.651917960464925783e-01
-4.036478369389144838e-01
-1.481449216064999463e-01
-1.984250129250910710e-01
-3.610002369342867889e-01
-3.853646149156164102e-01
-3.089824407948696949e-01
-5.477467024448883226e-01
-2.127033867437921333e-01
8.416846964288224875e-01
-4.224861018887683395e-01
-2.283537986651043294e-01
-5.217567372735627540e-01
-3.933536440316022231e-01
-4.044283040744011126e-01
-4.025331262088429618e-01
8.571230151020099441e-01
-5.355926237428694225e-01
-5.023457898219284568e-01
-5.309862250143686513e-01
-1.839929122706818743e-01
-5.200225155525606269e-01
-3.763088596595152158e-01
-4.649158184081925160e-01
-3.164490198632513573e-01
-5.169957367505884083e-01
7.373177407781783543e-01
-2.173090745665169354e-01
-3.425532466358055528e-01
-1.985240349374520208e-01
