7.992006737786143677e-01
1.339510835225930230e-01
4.611777726297210389e-01
6.663175801556362465e-01
-2.730090710146947375e-01
4.342072227275189933e-01
9.040009052458947147e-01
6.630295664494372243e-01
-3.434516802926768086e-01
1.920416346808554720e-01
7.567363340995935106e-01
7.602681849905443823e-01
9.270727674192753565e-01
-3.300955853695295428e-01
2.107050909230213098e-01
8.043073639444129341e-01
6.045814034474648047e-01
-7.380078512506595134e-02
-4.008985408727354649e-01
6.212305924991557982e-01
6.822586423494956254e-01
9.342505151216116133e-01
7.603137654293825598e-01
8.864285181870488195e-01
1.208235219082839235e-01
6.108979182462124236e-01
3.292637172532768552e-01
4.112394501715884720e-01
4.889019509302204858e-01
3.446810922437599373e-02
9.449912385071876919e-01
-8.348655588489373169e-02
5.987647947305752005e-01
3.451854353556776944e-01
9.718491082374625112e-01
-3.047709321410764227e-01
-9.745892997001009972e-02
7.845327383456017767e-01
8.923977287179485351e-01
-2.118154422007922921e-01
9.568466203608116949e-01
-3.301460445274023159e-01
1.736218959130737538e-01
9.046091224109067408e-01
9.054831745833036294e-01
1.955149656846299766e-01
4.242834646823311906e-01
-1.728627316358202215e-01
7.305866780959262563e-01
6.444877800361675790e-01
8.897183949657789803e-01
5.018973683751253301e-01
6.990979522768459020e-01
5.040063538350415540e-01
6.267040221014106294e-01
-2.061151645333520188e-01
9.231593118115255514e-01
-3.744438690746573206e-01
9.704838357875686938e-01
-3.033609543637217909e-01
-4.880472526663540700e-01
1.301284961034829268e-01
5.035212380362434903e-01
-3.712668642525783491e-02
6.616159104004256664e-01
-3.530188958930172705e-01
9.160003117919666149e-01
9.255929126322633982e-01
9.881339526963647257e-01
-3.300441790883832383e-01
4.752164289020308074e-01
-3.892410143853876625e-01
3.956352972625067355e-01
9.435129201365564100e-01
6.203568996375621314e-01
7.637687314780461367e-01
6.333424783537136005e-01
2.199443167299277302e-01
6.379325640510085105e-01
6.885956008393283589e-01
4.689531404830901695e-01
5.078453431395868467e-01
4.257869370216955662e-01
4.786120374493643692e-01
6.054091538601804601e-01
-5.624207868867820981e-01
5.523390420417954028e-01
4.424619787755177391e-01
4.897052257081522253e-01
8.645893783600951954e-01
9.533663821107914993e-01
-2.794084316615750296e-01
7.528894332941232781e-01
8.020373139945073948e-01
7.236585556671799591e-01
5.954624586037225997e-01
7.744394065253612514e-01
7.354565358393602148e-01
9.005439305987365806e-02
7.274754129436489247e-01
4.414408431663962018e-01
7.859886890568439366e-01
-5.265984469564544135e-02
1.400073053369512155e-01
7.424692285149495641e-01
9.837280573093998282e-01
9.390201210592512560e-01
9.665624274522276460e-01
2.666006214878836600e-01
9.369255171363848333e-01
-4.407166810423336356e-01
8.828600070660361787e-01
6.231677876482986100e-01
6.913122586831695893e-01
9.743726643130812270e-01
6.295961640386871228e-01
8.000391035849030441e-01
9.335371839948469752e-01
4.542906469468137587e-01
7.008852152315774298e-01
1.851259189647715131e-01
4.901111172397212279e-01
7.255642765523536708e-01
7.341386915548968606e-01
9.433763962294150485e-01
8.829279189751750856e-01
9.408651676120556306e-01
5.131316800944429879e-01
3.507152004843401838e-01
4.472211102462791410e-01
-2.957031938469857901e-01
-3.657277211901448499e-01
-4.921256832283279481e-01
7.232607419368497492e-01
6.022328436832427023e-01
6.536054021684311044e-01
3.856009179847100787e-01
9.553908577393339652e-01
7.526139072205038083e-01
-3.037051249507479178e-01
1.309773828186144018e-01
4.519899941404855737e-01
4.779611644540137649e-01
8.021346804929517793e-01
7.549189810057399530e-01
9.200188992857426529e-01
6.610995656878069227e-01
-3.229739517138884852e-01
4.823593575313426807e-01
5.270999177207305042e-01
7.387201689003641825e-01
9.891961374260851425e-01
7.670333654434745574e-01
5.621857351906772715e-01
6.197829039620575964e-01
9.325681874790594517e-01
5.563386165920634063e-01
8.831727052969242653e-01
9.591505809082168099e-01
-4.126081400711132385e-01
8.775787950807382165e-01
7.070769145487765250e-01
2.744886579330378940e-01
6.293246821125082491e-01
-2.289400306902160398e-03
6.318686926630260325e-01
7.725763822383192592e-01
-3.291489965048663979e-01
7.100087248685025276e-01
-2.374331233425268084e-01
5.699908022810105113e-01
-2.571560374384096459e-01
5.324686731438311726e-01
9.051980919250933733e-01
3.076647855544112908e-01
6.815491855060812343e-01
6.395583806039705221e-01
6.227817337676262444e-01
7.988953393506956768e-01
8.935395268272665614e-01
6.895821375492627858e-01
5.758038057414887056e-01
9.134646382007243215e-01
-5.982981384399801428e-01
7.773970362700292069e-01
9.046549913294112955e-01
-5.454036635100704133e-01
6.636154257261717149e-01
6.250656799734661817e-01
5.971990333777850157e-01
6.174035482241393424e-01
4.825171850191612988e-01
-2.144074917323254836e-01
6.605228915586698335e-01
2.701878774324075749e-01
-3.222256559103392481e-01
8.458379332377918836e-01
1.451174499949311469e-01
9.246015460013053966e-01
-4.777473053963042782e-01
1.016600314406011091e-01
6.169147145243536468e-01
4.626263777860489812e-01
-3.091355581003616959e-01
1.642556830989904126e-01
1.183764433626656870e-01
7.350642874275630234e-01
6.606822238744486375e-01
8.972758403241241076e-01
4.502410220230305127e-01
6.275562369409780628e-01
3.042887966493247331e-01
8.893692612160321032e-01
7.269376153012852004e-01
-4.228380292599214774e-01
6.029613925287093945e-01
1.130245963099089229e-01
6.007331394622756893e-01
9.496435568531643723e-01
8.775239109965328188e-01
8.620014344799111772e-01
7.459230461923558320e-01
8.342503277169039944e-01
6.923257515904858161e-01
7.037013931441471470e-01
6.336846202249302173e-01
-4.188299351540500925e-01
-1.012325968423765099e-01
7.590432580216570357e-03
6.950845914104316625e-01
5.814261890155607571e-01
9.681099224222453614e-01
4.664299614237853442e-01
4.417841579685718445e-01
3.542920509790479233e-01
6.059357188249661075e-01
1.339019309158780424e-01
-2.904419248396531983e-01
6.023203688209834983e-01
6.407838416313667018e-01
-5.219445075538130530e-01
7.246276228086221405e-01
8.335635960533358535e-01
5.414901237510251208e-01
4.966435478847198992e-02
9.474358150966757375e-01
1.937484540178971426e-01
-6.093276768561718404e-01
-1.370308974113970124e-01
5.722617105546230487e-01
7.270115057191519625e-01
6.893037435846365302e-01
5.809746929388017733e-01
7.018557028953650301e-01
5.837170484206595233e-01
8.538979163528118699e-01
-1.705407636892407597e-01
-5.382805212434969011e-01
7.306520952960504633e-01
2.876556883052170943e-01
