9.665377714046146096e-01
8.965328347669586639e-01
7.053555026278469642e-01
9.515632409370686773e-01
7.510592724200397807e-01
7.040097743117503803e-01
9.102563427088332659e-01
8.703940619573192761e-01
9.045750229658968689e-01
9.491028038496964747e-01
9.299192594060186057e-01
7.757053705464773685e-01
8.678285406525594325e-01
9.171744483717252372e-01
6.096355413594559680e-01
9.250788272770524845e-01
9.350877989976278393e-01
9.318000820280116780e-01
6.885141271545585084e-01
9.638709340501536715e-01
8.449252202247770072e-01
7.564281200241956826e-01
8.265260660714834895e-01
8.706287708716513585e-01
9.025134929192728528e-01
6.474791514366946554e-01
9.316532147199706460e-01
7.888000427369445955e-01
8.708566784673295036e-01
9.873818967596923457e-01
7.748315715732549958e-01
8.034180070739767032e-01
8.805890411169063903e-01
9.508475694274646228e-01
8.429726692673146227e-01
8.257229641359031813e-01
8.865231036788081553e-01
9.395799430678739572e-01
9.560581254824007669e-01
8.319918350078134850e-01
8.674664989998197573e-01
8.756339075626583535e-01
6.975350642732748296e-01
9.127891874865587951e-01
8.633396757993874182e-01
8.811807999539963410e-01
8.503244959374568479e-01
9.122514311771701134e-01
6.517439529757492744e-01
9.115649872224502737e-01
8.839923912500220471e-01
7.204073820109601067e-01
9.803526197193646041e-01
8.622640722588357232e-01
8.758941758793837851e-01
9.034602420517674481e-01
8.436216817833415149e-01
7.693846966318637071e-01
8.212691074124380819e-01
6.415439938091586081e-01
7.313678337770048721e-01
4.610397733143092314e-01
8.955786116349822024e-01
9.172188189670310576e-01
9.178561195482510815e-01
9.601759578142909923e-01
7.666021084580462164e-01
9.420565964642382273e-01
8.466935715290982989e-01
9.637977622114748399e-01
8.889532409949925107e-01
7.284878316322165315e-01
6.214381627900378291e-01
8.695396051904223933e-01
9.536497394713688847e-01
7.248507336124732081e-01
8.592454152753195018e-01
7.941848039368648582e-01
9.525427893219644560e-01
8.563991451263799348e-01
8.802801902147305846e-01
8.513621150173334984e-01
9.119019156684826655e-01
9.631474765247545200e-01
9.407663935297647662e-01
9.292983149095888074e-01
9.120663404725672940e-01
8.820928837102487430e-01
8.320138047515655000e-01
8.836546382577414871e-01
9.619634939365759863e-01
8.986944212871135207e-01
9.563708116256215419e-01
8.011602169367153525e-01
8.752092318197125520e-01
9.607526662059947542e-01
8.873146319485535338e-01
9.090454114310242417e-01
9.589122563318909220e-01
5.525556655337724443e-01
8.430123746194229106e-01
7.723747990762088733e-01
6.836181965639112068e-01
9.698326116496469584e-01
7.683279910508045152e-01
9.536971956934264805e-01
9.641622858548039021e-01
7.506257837295966517e-01
8.987635188352516291e-01
9.160711612037049090e-01
9.592973805989375435e-01
8.662723473188937984e-01
9.256557171500623404e-01
9.012201633732700445e-01
6.900137361365290545e-01
7.933694587709685386e-01
9.385836341252729031e-01
7.790133799502081402e-01
9.628649101123335496e-01
9.004323066718090685e-01
8.261305606536691881e-01
8.409200186002918631e-01
7.627581072445530630e-01
9.281452994224590469e-01
9.268945238044057344e-01
8.936150384553436243e-01
9.398401432496046315e-01
9.311488878291024340e-01
7.749947187567816087e-01
8.968979412104686189e-01
8.020078059766431178e-01
8.430394777407459461e-01
7.875745914241280010e-01
7.534757977308996768e-01
9.538025360815773901e-01
6.299173879121024999e-01
9.559144143538400584e-01
9.560178081254007143e-01
8.547867917731888365e-01
9.116252661408446034e-01
8.219519567835882334e-01
8.853977079087789193e-01
7.837082069962312270e-01
8.123940496859833882e-01
9.023187436543855799e-01
8.548222874967799090e-01
8.516280084472085399e-01
9.647873458593150264e-01
7.686725644398697543e-01
9.000017472171496502e-01
9.120750910705713865e-01
9.098519650503544831e-01
8.284709046169307367e-01
7.769858445747737097e-01
9.065615683729311147e-01
8.246692394699637330e-01
8.436570757037753499e-01
8.980367910352677896e-01
8.988239641646067479e-01
8.011382662174043601e-01
8.326026873057827959e-01
8.959835080950220298e-01
6.405560916891973600e-01
9.592005522741253731e-01
8.443231696322793800e-01
8.930242213656698347e-01
9.350956438132729254e-01
8.876238334063208946e-01
9.085681890405823413e-01
9.045046413764125104e-01
9.211695150014251876e-01
9.571071325193771795e-01
7.225706302433312356e-01
8.066510320021746949e-01
9.145201088947487733e-01
8.101049099001580434e-01
9.584261226648038701e-01
8.391786023585482424e-01
8.643496112967564704e-01
8.780579062950810698e-01
8.159316477871678686e-01
8.844402555198482840e-01
9.173777072172443203e-01
8.605880772778353727e-01
8.160011965329763139e-01
8.985036188444605054e-01
6.523607071995388695e-01
8.302809938336186413e-01
8.961648984116938887e-01
9.127608193444444185e-01
9.147640279229558580e-01
6.499268922143777161e-01
8.359838881380630138e-01
9.083240034384731931e-01
9.089629765183597776e-01
9.403870982487101404e-01
8.897025788975526650e-01
8.887894037660339919e-01
9.623213445667713195e-01
9.206207368470968877e-01
8.913065334223744252e-01
8.148341893652299994e-01
9.028295115315219110e-01
8.716874597759749488e-01
9.394671172983292129e-01
8.230948687015415821e-01
8.820426078634999723e-01
8.807518301516197301e-01
9.551915327960046609e-01
9.576711301141447308e-01
8.286017980243820524e-01
7.503707585775640787e-01
9.002984457054558076e-01
8.107169696753155907e-01
8.327269966175168125e-01
8.975963773650962318e-01
9.490815755442466584e-01
8.203885232721674914e-01
7.555132648952023189e-01
7.819220790495555740e-01
8.114701499110124061e-01
7.716800647197600282e-01
8.582059312926544337e-01
8.568236549842667138e-01
9.485961999103956765e-01
8.185339439393077843e-01
9.184731804100152441e-01
9.252632483235916361e-01
6.589721062422930764e-01
8.752699447616413275e-01
9.601053240147420231e-01
7.775126593602084135e-01
8.341621963662158024e-01
9.132670742023576427e-01
8.449259709264513862e-01
8.370434417317726972e-01
7.156431227885022839e-01
8.615563816566060851e-01
8.910133043752019866e-01
9.222497582432804819e-01
9.147747770182705906e-01
9.031086960655750895e-01
6.863912521289892155e-01
9.400648785917751216e-01
8.391589463183117825e-01
8.654788730604467961e-01
9.229553631062252794e-01
7.339283603300561509e-01
8.543921088245195472e-01
8.612047880707239811e-01
9.525495321386170389e-01
9.131941775417503626e-01
9.583646714203911676e-01
9.288389949812021484e-01
8.897049232615314995e-01
8.786750720385840818e-01
8.088480335321561743e-01
9.404504500240642439e-01
9.024666027352967745e-01
9.352754892434094192e-01
8.535413916170812021e-01
7.994448390820320105e-01
8.633791845518609120e-01
9.069605167402233770e-01
8.900482906996628474e-01
9.109074045671948783e-01
8.038236121664615874e-01
8.268571557445200115e-01
5.702895372198242274e-01
9.203368878956537102e-01
9.031233513119587553e-01
9.122880479446522362e-01
9.243857638468053750e-01
9.085668090108587336e-01
9.572805134031958652e-01
9.627080765994571188e-01
8.824971484713587389e-01
9.340117290525362659e-01
5.480313414234588842e-01
6.105459012638410066e-01
9.038884172453356403e-01
5.932499571373639480e-01
8.767543555594129456e-01
9.280966186865868828e-01
8.175450602786514809e-01
8.003348220430508420e-01
7.009010023793420530e-01
9.566216235890488973e-01
7.945365011596441374e-01
9.112741072811343379e-01
9.575372878499333051e-01
9.633065571362637858e-01
9.230092825056090966e-01
9.358525954346814668e-01
9.023685733475362847e-01
9.386483903640102655e-01
8.745603121079141840e-01
8.679092312828502465e-01
9.162112725645386035e-01
