6.471803259539399278e-01
9.446345064338950159e-01
5.138654206234700705e-01
4.854590508846787222e-01
7.585395032798796233e-01
5.590021953235005947e-01
4.498254982936603641e-01
5.430230449820920846e-01
9.541967737813783490e-01
8.057012409558765853e-01
4.726156323136161408e-01
8.680044170245388990e-01
9.079478741757814886e-01
6.943805974549008830e-01
8.738327659903101230e-01
7.781799836077487598e-01
9.267155454699455008e-01
7.392341205498965673e-01
8.758335689417175995e-01
6.453034657422145326e-01
4.553364099864616321e-01
4.888842208473401230e-01
5.341871178347674665e-01
5.451397570396582237e-01
8.131976959577249531e-01
9.058541746234172187e-01
4.482277663797072376e-01
4.093533350473420596e-01
9.430460639904392206e-01
5.996733180720839052e-01
8.081405831922364724e-01
4.647934459050018785e-01
8.475364413179715672e-01
8.107537364283311510e-01
4.949102409542802117e-01
4.775079515317467993e-01
8.511296112333224251e-01
7.389411019633118638e-01
4.164680447858558066e-01
9.692272994417758802e-01
7.365873346678102340e-01
7.693130616289132195e-01
6.166130616700223888e-01
3.746887938095697090e-01
8.740742262479244129e-01
4.315761120229280046e-01
9.027328259552480638e-01
5.376717236097554586e-01
9.236278092543478424e-01
8.430076573235334436e-01
8.968021082699336732e-01
5.530274306438895948e-01
9.023412681750975217e-01
7.905467663439680326e-01
9.155384006681086539e-01
5.454510959692696614e-01
8.051828044065918455e-01
5.731351865892292397e-01
4.274091959169010746e-01
8.759295351866256407e-01
6.699583709579102209e-01
9.700135841076166221e-01
5.748296836336733717e-01
7.792330462410532732e-01
9.177200735686450450e-01
4.981902642675720139e-01
4.439974241810880629e-01
5.531080759307366312e-01
3.559080952822347710e-01
5.538384896789236844e-01
6.612315730637983169e-01
5.198192156804828379e-01
4.271003744450783679e-01
8.508380136062663190e-01
7.920045532232681262e-01
6.200740424722748223e-01
4.858583928885191749e-01
6.017111547295770357e-01
9.559287089557377826e-01
9.458025867265660303e-01
9.428015985303901392e-01
6.680154970660269198e-01
9.141196011425982704e-01
7.550313408225711731e-01
4.909277183013596169e-01
4.745993785598522918e-01
7.145870711505976081e-01
7.347821953941364725e-01
7.199133705206444134e-01
9.352772782236208338e-01
7.153683948825125816e-01
5.648935713311633577e-01
9.274248070743509320e-01
7.903350265881974313e-01
8.364241779172987279e-01
3.701610308840000418e-01
5.934162638721800498e-01
6.534149879229885771e-01
5.337264031004096410e-01
3.814707131090955272e-01
5.972411146279065219e-01
5.609654938770807231e-01
5.293149145825808422e-01
4.266704119678107476e-01
4.709456047594179351e-01
4.032823726158929478e-01
3.894336457623240877e-01
6.096316652311910556e-01
9.638190588068888953e-01
8.374580034756862190e-01
8.034876262146868342e-01
9.144357980450593670e-01
9.668982321717722872e-01
5.439744357138103226e-01
4.668006595873712694e-01
7.136208262095080634e-01
4.875498521950547004e-01
8.846183199562662747e-01
7.098969033383817351e-01
4.477237214827211043e-01
7.279669140512843306e-01
8.217143474163519645e-01
8.341881526664910451e-01
8.171562231975184609e-01
5.139227759958692188e-01
4.563702298583726114e-01
9.637585000059344376e-01
8.497540304744993778e-01
8.746655377627480243e-01
5.668629089635408569e-01
9.497062259671111839e-01
8.244508605017628611e-01
4.837776357005362793e-01
5.101654351790312347e-01
4.197492083227953863e-01
5.881386990803145753e-01
8.237752319875832896e-01
5.359742003892280504e-01
3.839536951826625355e-01
5.024476171778345934e-01
4.055480264088870967e-01
9.129737899066833196e-01
7.992966767465545797e-01
6.730507382749907341e-01
4.978296445730622244e-01
9.179700296779347291e-01
7.193258821109416168e-01
9.432448914358924075e-01
8.730130570234366783e-01
6.127642176977877719e-01
7.934377689186874472e-01
6.939907838967693809e-01
7.826031590029618457e-01
3.966072154306510833e-01
4.880157223533573285e-01
9.450817999969025607e-01
8.986500154342994540e-01
9.431431092437990715e-01
7.332520141257558022e-01
6.578045684427280548e-01
8.501963973101895888e-01
8.831582972733054149e-01
4.993447962757863179e-01
4.034884301407538620e-01
8.992952630536983349e-01
5.404158556531333257e-01
9.696003906336942979e-01
5.655073721990498958e-01
4.316538541450729016e-01
9.487198152938451923e-01
8.527572887413402691e-01
9.093132537151431549e-01
6.005518386470944936e-01
9.178442686063099654e-01
4.556551750027735270e-01
5.554054062249511592e-01
5.168032483371556296e-01
8.203190923191039374e-01
8.920415604488713956e-01
4.387679734513349472e-01
5.318112815079367728e-01
9.338395722444234881e-01
5.257835743255421246e-01
5.018255531328185137e-01
6.564791050563769659e-01
5.928668650349392388e-01
7.060656931592810270e-01
6.220694301491783706e-01
9.178957942829274463e-01
5.549541141193889970e-01
4.757996754510764315e-01
7.336170695735828584e-01
4.022078922288286895e-01
4.750345649532222159e-01
6.445076786091152865e-01
5.028214733390652391e-01
9.034038044039987003e-01
9.057281468334842378e-01
9.445687187008813268e-01
9.311200909572039386e-01
5.293648208983863235e-01
4.645474534620825935e-01
6.852021269622049493e-01
7.366564077234880603e-01
9.293412142165533574e-01
4.220913349680249782e-01
7.873644086403930320e-01
6.284236082707548299e-01
4.086871514392066418e-01
6.998904806046131188e-01
8.205595998594019669e-01
6.316122885875132820e-01
8.636941887081213132e-01
8.418990832553889803e-01
6.462810295498000457e-01
8.093596265475051510e-01
4.095306447942239636e-01
7.861068245316011893e-01
9.547218194333959573e-01
4.770837786908800338e-01
4.929266851107549918e-01
5.353678032764208616e-01
6.595329616703577980e-01
4.099240426068526677e-01
8.575455056744711868e-01
6.106262957071546538e-01
8.043616616313805645e-01
8.041758835532033522e-01
7.539705577789772573e-01
4.941045636856079004e-01
8.944817852671276270e-01
8.154102354725800694e-01
5.125738265241082114e-01
4.431469926009191651e-01
9.341450374379430821e-01
8.695225274660358661e-01
4.796223161349204567e-01
7.831756053996744571e-01
7.786070785713645748e-01
5.149564549882581499e-01
6.273580457535212762e-01
6.119011549042233655e-01
8.042634278048192975e-01
7.154827745197147593e-01
9.533545868267429002e-01
6.282930394904469029e-01
9.588359137594557602e-01
9.000993250979345550e-01
5.343579406265366316e-01
9.162160341030516353e-01
5.427769669665455377e-01
5.054419454116098054e-01
9.404358753393993187e-01
8.973876725206419991e-01
5.140332722014557820e-01
8.226348821463755900e-01
8.620401861342423810e-01
6.088754142305915495e-01
7.242084452717041376e-01
8.196766020223662519e-01
7.580775362244287496e-01
7.041254436883132017e-01
9.165895286718368506e-01
5.712000181072702798e-01
8.252850424342192959e-01
8.831133959520207632e-01
4.917995986193736124e-01
6.543000735654227462e-01
5.114423898956870218e-01
4.711347899310715515e-01
9.558900308648210498e-01
5.438997579224411627e-01
9.598741183775075791e-01
9.654834436279347010e-01
7.614038574870795051e-01
5.249239570312507208e-01
5.390275611132453459e-01
9.244322268479634452e-01
4.151834949429255017e-01
7.876127431099835263e-01
8.303493112719358971e-01
6.948563538630279091e-01
8.425015237155943915e-01
7.903222215977843135e-01
5.101890383781106930e-01
4.666184781168647433e-01
4.988617682445831147e-01
4.480043585026741160e-01
7.819385030425939354e-01
5.461175086096461406e-01
7.253773564440704202e-01
6.182732692736482294e-01
7.656596940588906719e-01
9.370225288326881063e-01
5.176227492714622347e-01
6.546546242005744087e-01
5.681717272889663661e-01
4.440388160968986586e-01
5.417278634317437280e-01
8.089646435526613999e-01
