8.747422487348264220e-01
7.496619909673060134e-01
6.911009136201174963e-01
8.365732598742352533e-01
8.690565087923951548e-01
7.380526191230243338e-01
-3.795911727192223806e-01
-1.981322399634428133e-01
-3.326404378784885152e-01
5.967888339884109827e-01
7.025125679022015124e-01
9.617968313674540859e-01
-1.551121156785917610e-01
7.923994773684117643e-01
-3.547197620446330690e-01
9.507327407986614354e-01
6.607169343489867064e-01
7.819519142611111029e-01
5.923123745198488610e-01
1.197795458983068745e-01
9.418527063964230450e-01
6.956643082114510879e-01
9.474354112631155900e-01
3.942797448193178372e-02
6.918238968896803787e-01
6.398372512641448129e-01
6.720943281743099185e-01
6.575061650872267016e-01
6.080951872631731314e-01
8.351641724756526663e-01
-1.138124345941632365e-01
-1.539277712823560740e-01
7.416626057374170466e-01
-1.394594478748315824e-01
-3.549467689081690080e-01
5.968351505643237909e-01
-1.545626017059400503e-01
7.785260984438251430e-01
5.111443915425395446e-01
-2.320803290203549418e-01
-6.249674335297776551e-02
9.617399254851020096e-01
2.616057881403073826e-01
3.607516210687738284e-02
6.933113623316320417e-01
6.632555535370272537e-01
6.029789406543474284e-01
6.839440288666029932e-01
7.238056435796510479e-01
5.985843200956124655e-01
5.956153323426617296e-01
6.524936013989520722e-01
6.987978396504952450e-01
7.532040211995331136e-01
9.704527637329751766e-01
7.326592172523731517e-01
8.465384865334611986e-01
-3.681780009497560568e-01
8.985757702328033281e-01
9.118987519271835041e-01
9.477588105242402694e-01
7.367227176868141880e-01
9.400962999712516588e-01
7.533597533804639035e-01
9.178836614590814014e-01
6.455554787291251095e-01
7.801964611615624934e-01
-1.619879240129052655e-01
-1.288903183582267853e-01
7.080405462098972036e-01
6.953786758039346427e-01
-3.585049086802711837e-01
6.934084347477480481e-01
1.315457474667050264e-01
-2.424685693939962472e-01
7.455972783145820015e-01
6.984602368329650979e-01
-2.953699695332329678e-01
7.060142811109576533e-01
6.773765725637641566e-01
-2.688033902635712444e-02
-1.138756977342885723e-01
7.464411985235237523e-01
7.499787889166873445e-01
9.319696780990880391e-01
8.551693173218885002e-01
9.626854591646881731e-01
1.176767397194341536e-01
7.701050024202562572e-01
-1.526837731745068483e-01
1.826431052058964388e-01
7.451724447109879801e-01
8.281570741508013089e-01
1.554037037713970060e-01
6.670597390323698139e-01
9.258585775655308048e-01
7.260425266881680439e-01
7.413874966184280657e-01
6.216158731892860168e-01
9.324336643703871885e-02
6.823470566007746596e-01
1.372931390557619591e-01
-5.665351253490444883e-01
6.804045201301690549e-01
-2.794057198512540641e-01
2.351296783505818500e-01
6.734766765045161474e-01
7.633414808406124852e-03
7.157447842814259609e-01
6.175878749498799891e-01
8.399414907229230121e-01
-3.856155355587258526e-01
8.710051678769941130e-01
3.229680252834940535e-02
6.760081358682263897e-01
7.441121125275509396e-01
7.428741840569181853e-01
4.691345918799421505e-02
-1.839488570721206639e-01
6.644450522477592935e-01
9.661749749969785750e-01
7.230779402952345336e-01
-1.424393425693304127e-01
-5.345233418264689895e-01
8.404982227250160642e-01
8.732379147684077303e-01
6.345971734970148326e-01
-2.672135698229236023e-01
6.020636166655679578e-01
8.906977477436548440e-01
2.121167869019947860e-01
-2.429317608976052367e-01
-2.311293534179905129e-01
-3.861156832600841637e-01
6.667438278990988065e-01
-1.700991224958205428e-01
9.698178729191252456e-01
6.269978872330438380e-01
2.136502329619900942e-01
8.780361526663427174e-01
6.883964470527862423e-01
9.650439844198857031e-01
7.498427040343762506e-01
-5.606545534159225463e-02
6.793547288855097399e-01
7.514590517234172040e-01
-3.300843430385675958e-01
7.077774080188428130e-01
6.970024217791549459e-01
7.304704136019553040e-01
9.542528022568597112e-01
-1.340556678024183435e-01
6.584383811991673108e-01
7.468438649593320822e-01
2.137740853896417104e-01
-1.723928528374465419e-01
6.406825367332069643e-02
6.102601476188996843e-01
6.509591549437683256e-01
6.589309155883926739e-01
7.976458056762729676e-01
6.618816300871743774e-01
-1.580352806010806854e-03
7.292190326306188242e-01
5.684689723144858986e-01
7.050668901631664820e-01
-1.409450260557853218e-01
7.009077469937918803e-01
7.358930097037768014e-01
7.512224488029739522e-01
8.955393391324613095e-01
-2.543724437381746917e-01
-1.934586708221044948e-01
8.561875714106980118e-01
-5.359305640053402264e-01
7.427219491332730517e-01
6.330135284817023367e-01
6.388443999267754414e-01
7.702159377343197333e-01
-1.459360557000251579e-01
-1.226578648019434198e-01
-4.908949881560597389e-02
5.651277032009878187e-01
-5.991251330146862841e-02
1.202511397641577440e-01
7.443857565616971428e-01
-2.415088957819683246e-02
9.238721452704707904e-01
6.409062175735101841e-01
2.024677769067580735e-01
5.224658994158551395e-02
7.235871460205072214e-01
6.692006294278163292e-01
8.790646765467857726e-01
6.404843477779922356e-01
7.503896936506522231e-01
7.273820318356392089e-01
9.167713653771560889e-01
-2.070939283451582735e-01
8.847816368772435380e-01
7.151439372715985288e-01
-8.493688208871880141e-02
9.245502644879810550e-01
2.399962668046914938e-01
-1.065384910872614055e-01
7.470610785779039364e-01
2.594439877885952872e-01
7.061989822468097699e-01
7.766767802473837357e-01
9.103306167786711089e-01
7.267886858783823012e-01
-2.478780269357843680e-01
8.052719697377986874e-01
6.289141088964584902e-01
6.341402096786374898e-01
-3.080256316673262162e-01
-3.344399083542786144e-01
7.764661338255067768e-01
7.927903268819475047e-01
5.540124842093654411e-01
6.415559366670251507e-01
9.511716194832668947e-01
8.744147072934493892e-01
-1.080287970124530483e-01
2.055989177223745412e-01
5.437008948097880046e-01
-6.807200557479309300e-02
7.662302301469421373e-01
5.202487616077179355e-01
-3.593196635856764631e-01
5.865473681552850760e-01
7.321392275598390675e-01
1.402280076045841484e-01
6.608442539520346104e-01
7.990797345887337144e-01
7.295039455194043398e-01
6.278468699796886376e-01
8.707963264330833564e-01
7.317318896135021067e-01
6.422175598320445378e-01
9.272595729429831124e-01
6.405708868587826066e-01
8.022093638774948632e-01
6.804322314263295812e-01
7.797301046090232557e-01
5.252790120107794225e-01
1.967243609707230723e-01
-1.263506245761993885e-01
7.116051379184196168e-01
6.750514748148783717e-01
-2.513893151741882215e-01
-3.008239256125309069e-01
9.674746571055261590e-01
7.299035498284593970e-01
-4.286705297214697952e-01
9.011341618524443264e-01
5.871777111310449992e-01
6.501905687034875703e-01
6.803353105555434155e-01
