7.314923869260079314e-01
-3.525700957021226101e-01
7.083357203388667145e-01
7.990397650793765738e-01
8.509601546103205960e-01
7.932171878432425771e-01
8.014053011305074525e-01
8.563974073108053808e-01
-5.750002930978376225e-01
7.970998842559865460e-01
7.849414335678160937e-01
2.175980997734964784e-01
7.665451721228662141e-01
7.107050435076935901e-01
8.610309420463584384e-01
-3.016482045164491921e-01
-4.809468346029301955e-01
7.581519390725861562e-01
7.921932096786012956e-01
-3.099986336168375489e-01
7.756251443130421919e-01
-4.547707413329368786e-01
8.343722325617841662e-01
7.780823306613532386e-01
3.259007629853594157e-01
8.839545173311169624e-01
7.133943485438645205e-01
8.985555405126574025e-01
6.917789971619813238e-01
-9.296194250903069833e-02
6.586912023712040432e-01
-2.153902992802068095e-01
7.058016380831581005e-01
-2.129859488553954294e-01
8.344001837505472530e-01
7.565828687376583428e-01
7.697683410124858128e-01
6.834612638810395602e-01
3.664549906145410096e-01
7.992023676438069213e-01
7.811526760149801740e-01
5.130916958737072320e-02
-1.439052271869147026e-02
-3.408064468347750675e-01
2.268902250309016988e-02
-2.298918517239284809e-01
8.573512014422354222e-01
7.272397967809353103e-01
8.638102475718186790e-01
5.892485952254270520e-01
8.231963108646573879e-01
7.658644040509393625e-01
7.653927549202101943e-01
-3.006504584772059507e-01
7.928088393783185861e-01
-3.278581369173912408e-01
-4.471593570433431974e-01
-1.652081863622456848e-01
-1.518997690039587678e-01
-1.067051648506438521e-01
8.798346102634295729e-01
-1.425298151579225681e-01
8.388488168823031721e-01
8.735299396230425950e-01
6.761461753780741990e-01
-5.247222189628573119e-01
7.877561721547345908e-01
-3.284189899632386500e-01
-2.093629569894903675e-01
8.616621091289854428e-01
-2.323472341799331931e-01
-1.552306753630409708e-01
8.696129948620512362e-01
8.149998147409418525e-01
8.325992020771074698e-01
6.413620608252310618e-01
7.005215896652065011e-01
8.177110580512834126e-01
7.104264440911718381e-01
-3.510985246682440941e-01
8.423889735682759117e-01
9.271126431491580333e-02
-3.499084615201686344e-01
-2.193628168008884272e-01
6.992131990623071669e-01
7.971350422375083067e-01
-1.845731876289966600e-01
-5.068972574927261832e-01
7.878055279685243217e-01
-3.706808101224678964e-01
7.009570846140098510e-01
-1.981100085994860205e-01
7.140116481366116652e-01
8.603393760229463005e-01
3.803125851053562601e-01
-2.217550521227726057e-01
-5.307439107946229084e-01
2.073777352190258605e-01
8.210218987074042740e-01
-3.772062740385336288e-01
7.767116038114543208e-01
7.801637488606147919e-01
7.130664844738588970e-01
3.841681646906457137e-02
7.636981004499845405e-01
8.401812024232754306e-01
4.118551327905854986e-01
-2.331472009530280443e-01
8.809655971035064148e-01
-2.107503182622179894e-01
-2.577162510602517553e-01
-3.521930673257278599e-01
9.014739134746134752e-01
-2.009117794817760760e-01
-1.517752239871267561e-01
-5.512730162911221310e-01
9.233962244797673247e-01
6.761771334119781596e-01
5.992507770876844830e-01
7.797568999899452402e-01
6.028020084958789493e-01
-2.207241957169183144e-01
8.664198571337471400e-01
-2.756882829912484789e-01
8.012724355577045543e-01
-3.679948747288324107e-01
8.615826639107503349e-01
4.083886772090278283e-01
-5.316779923519919793e-01
-5.676025117377621054e-01
-2.569921572402920074e-01
3.151992527344703587e-01
-2.049636886154281301e-01
3.664177337491881792e-01
-1.845953897059218196e-01
6.902804442911000260e-01
-1.416282593029344339e-01
8.340609208355080906e-01
-9.292567999722396721e-02
-2.749354517641011131e-01
-4.127391044079385951e-01
-4.290734745294397245e-01
1.647112475862322345e-02
8.514712506869607234e-01
6.725309280041814608e-01
-2.046841637505067979e-01
-4.547108377167594778e-02
7.793644315463905681e-01
7.358835744566760706e-01
-2.710354346024035910e-01
5.963747641904438845e-01
-1.671947217063214919e-01
-1.925030356278641386e-01
7.615601799163357333e-01
8.914633314015454335e-01
6.966569747833657456e-01
7.984092202752768319e-01
7.979324780011367579e-01
6.796791413291070061e-01
4.885936734401677972e-01
-3.244442510687129966e-01
8.537292667352421871e-01
8.394015118798114905e-01
-1.750603250227634189e-01
8.786071031017215205e-01
8.480184097734357884e-01
4.585026028423641598e-01
6.830186123562114187e-01
4.352448587816373227e-01
8.416332431046340545e-01
6.625837122573634552e-01
8.430778275783192832e-01
7.687459074639044765e-01
7.814128385426517553e-01
6.662652345556957512e-01
-6.266989902527804468e-02
1.464726804807159055e-01
2.216639702349102181e-01
7.354918653407506168e-01
8.427075962047964053e-01
8.729207077322331809e-01
-5.090703228707098571e-01
-4.431391260446891911e-01
7.397912426835234756e-01
-1.931559891176294619e-01
7.371101145559764145e-01
7.965970653977145766e-01
6.245421425760522283e-01
7.686457450390430379e-01
7.653326942435529912e-01
2.774137719848541184e-01
3.298720957105708562e-01
-1.642548652981834501e-01
-3.197348617311881469e-01
2.666045136264430515e-01
7.611323413076758193e-01
4.574378343626328558e-01
-3.516207898586546365e-01
7.229792931844893911e-01
-1.179705616561495390e-01
7.646799532371182373e-01
7.480488082112695114e-01
8.200255360463644116e-01
-5.213275479194483530e-01
7.967085190775645698e-01
1.047737118661437733e-01
8.467405801158773837e-01
-1.904840244404051586e-01
9.174783696508594932e-01
-4.789351827639030112e-01
4.883971769540509378e-01
-4.988667033630889147e-01
9.355568523523701829e-01
-1.109306798730469029e-01
8.379243004729138855e-01
5.227975879492275935e-01
6.209425367637171345e-01
7.976092746528398170e-01
7.899433954637424815e-01
-4.866289787549944457e-01
7.175901942897995323e-01
7.618664350503187577e-02
-4.243318305596590068e-01
-2.336085731070423888e-01
-2.117526513942637467e-01
1.081662530871934508e-02
2.261137442156238020e-01
9.625844238304677170e-01
7.732455638605598702e-01
3.014257550935569019e-01
-2.346578724918597647e-01
7.843916054849997543e-01
-1.869963543969408448e-01
5.467901273896443870e-01
7.381673483914403811e-01
6.649314855616044184e-01
4.074068375901886974e-01
7.826216500677315446e-01
8.554924951627620455e-01
6.078831612964945563e-01
-2.151765946960028653e-01
-4.394030326142573939e-01
8.589755939767347304e-01
7.682978768443462503e-01
2.463734362673471456e-01
6.653486135898991627e-01
7.758285459601931278e-01
-1.603627612976192551e-01
7.799892237192839195e-01
8.334414406287946608e-01
5.310043767109963175e-01
-3.314032240071077551e-01
3.393922425033334411e-01
-1.198103274765365822e-01
3.500528266817998224e-01
3.943111309139717413e-01
8.165985462985108079e-01
8.488255848438098772e-01
5.985834673599874645e-01
-2.926271988511615629e-01
7.565570057386714620e-01
7.377579535075482475e-01
3.140810192279056001e-01
9.314380041384298092e-01
7.235103610685811315e-01
7.116898764898980101e-01
