-2.791202878095724871e-02
-2.851757518860671969e-01
-2.043965566743310425e-01
8.623186354302876389e-01
9.302456728357784144e-01
-3.609892336616479236e-01
9.004343587638798940e-01
7.952173210469166698e-01
9.321451889139441560e-01
9.649722292136017066e-01
9.562465619099066449e-01
-8.594466168301553854e-02
-1.802562458936061637e-02
-2.468719990887928983e-01
8.880230218902949169e-01
-2.132485020931002007e-02
-3.613754727671314101e-03
-1.719106682870648051e-01
-2.663857009068158477e-01
-1.827632360168011949e-01
9.290587093587241441e-01
8.275716767914701455e-01
9.291125132069741888e-01
7.384952900344459170e-01
-2.956394716224195612e-02
-8.627639936923459096e-02
7.748725446495385860e-01
-9.444603991513927932e-02
-2.772947048332835562e-02
-3.753959411472271857e-01
7.138011516246518529e-01
-3.305962346095957516e-01
5.561754972526977703e-01
-1.947141178584946286e-01
8.244358330338444896e-01
-1.863236599197265198e-01
-3.839751799349847006e-01
9.812676142876265439e-01
7.441252749890009399e-01
8.215597097547939764e-01
9.660037423947080981e-01
-1.842707225183891906e-01
-1.039076861206495450e-01
-3.280980038257261810e-01
9.309231293156314813e-01
6.932585455664319607e-01
8.676891942786510992e-01
7.587215721224339626e-01
9.296767934377996312e-01
8.621282832074831370e-01
7.297251833503544116e-01
-5.578337225868037486e-01
9.772301516621186845e-01
-5.536506904998671486e-01
-2.742852326920556250e-01
-1.846373224270894675e-01
8.326778419431024592e-01
7.591645423690581707e-01
2.028657080903042143e-01
-2.810089842406910954e-01
8.574201082957397801e-01
9.594192435855011247e-01
-3.476150366795534574e-01
9.308836069314319062e-01
7.522744162228205411e-01
8.172263458406268111e-01
9.523703371545468865e-01
8.652144587234498196e-01
-4.348611168383095110e-02
8.597471243263770102e-01
8.904793801187467217e-01
9.294935803917454553e-01
-1.270442617279621267e-01
9.147276829703556711e-01
9.239678427148637629e-01
7.926979245880584335e-01
-6.603767851147654411e-02
7.073993496968068451e-01
8.722845771290048678e-01
9.033340895172058405e-01
5.889079800555099276e-01
-5.329775595804482347e-01
8.483531166185114269e-01
9.399251492481363046e-01
7.863477179683924234e-01
8.522450788083097972e-01
-1.437956046275598587e-02
7.948290513437376026e-01
8.173255853050059860e-01
-3.803827751267008783e-01
-1.655955920278275317e-01
8.670795801738215847e-01
1.916568869861154378e-02
-3.701652569054880715e-01
-5.901093955291503157e-01
8.658319296313006230e-01
8.964755259004069110e-01
-3.318045059218576731e-01
9.738332366997326517e-01
-3.698481431780149542e-01
7.823803878638565523e-01
-1.242525258663809695e-01
2.771077150486703222e-03
8.298365947967756284e-01
-4.777589160690770553e-02
1.016332821107764420e-02
-1.040989955680895751e-01
9.781156202498058061e-01
6.983961409793405517e-01
7.459055387611686072e-01
-3.427603430614846736e-01
9.022406895799727211e-01
9.098651317987720422e-01
-2.300630670806632638e-01
-2.652519395901137833e-01
-2.433364219793243410e-01
9.818980314328686898e-01
8.737132124405189160e-01
6.941467305392481357e-01
9.782112898633046338e-01
-3.311740827659782616e-01
9.059439755735881894e-01
8.050443871958397057e-01
9.270490379821513249e-01
-3.530595663888470570e-01
2.794811704152066340e-02
8.334947460975290490e-01
-1.416393966606586952e-01
2.713051538369172511e-02
6.972322216669093464e-01
1.641438388867133558e-02
9.547501446475228359e-01
-6.236544817441908028e-02
9.557052717911482809e-01
7.303509451039086331e-01
8.112139135398185319e-01
9.569196569343738634e-01
8.567034658766372601e-01
9.849168732170296980e-01
9.471551791245844676e-01
7.996463646886311505e-01
8.777616832261909696e-01
-1.319127533864110635e-01
-7.623708238802583137e-02
-1.241538042928578278e-01
8.366591609706526267e-01
-4.134543197711518236e-03
7.430013883858253010e-01
7.741942491381625935e-01
-1.922646124049755267e-01
9.332817415722114429e-01
6.017732859939299850e-01
8.696154028706134520e-01
-1.853684326098345436e-01
9.486458220593267932e-01
8.148188758061778447e-01
7.522782279077924183e-01
9.687038209243434839e-01
9.158719879335517344e-01
-3.718808970225758737e-01
-1.096885255467230091e-01
9.738784010739669483e-01
9.300125964330454575e-01
9.881612087871061156e-01
4.365935094615578382e-01
7.390463785900622806e-01
7.586894695832009372e-01
8.634362629051990368e-01
9.763123200404706381e-01
-2.341547630273260738e-02
8.372897842740424368e-01
-2.506091980779320272e-01
9.394974792784096529e-01
9.471111912139205113e-01
8.495175551756177779e-01
-2.513924365772077230e-01
-2.949220835932688800e-01
9.661488845270880255e-01
8.354919053794679362e-03
-2.446588864125450735e-01
-2.767517167295666658e-01
8.755078524023810482e-01
6.784781954951368821e-01
8.580703585495529362e-01
8.316943140953920732e-01
8.541100884146549665e-01
-3.232249542301379175e-01
7.961486361658772770e-01
6.540453551856165726e-01
6.096265506863249861e-01
-1.090216198500186806e-01
-3.358842631781924770e-01
9.404102904121245388e-01
9.700518590166757882e-01
9.584721900834392017e-01
-5.328343394801007271e-01
8.902945233362751232e-01
-6.187014314818475857e-02
9.188006569294286940e-01
6.895349214673462956e-01
6.894888710751683192e-01
-2.146346319586969198e-01
8.717911609177806387e-01
2.163626007421625211e-02
-2.343589708118291870e-01
-3.029782518991279705e-01
9.264412883028922963e-01
-4.173243249475790950e-01
8.671012404630492609e-01
9.768680251385910562e-01
9.286702411032969895e-01
8.965173019841312652e-01
7.961446659002728854e-01
-1.777871336023149618e-01
9.531061807422295251e-01
7.726665923157139959e-01
8.148749121837621789e-01
-2.517700469141465058e-01
7.608570588154262015e-01
9.096207588307327896e-01
8.138718927053287810e-01
5.908352997452062105e-01
-1.813256629999232539e-02
9.654457814631369761e-01
8.995156277251397103e-01
8.953980489709389978e-01
6.982371551646994190e-01
8.435355703154078233e-01
8.032123376377114932e-01
7.457316834934595295e-01
7.117144084296748996e-02
7.974971350585802199e-01
9.762409125358215700e-01
-5.856717774677161481e-02
8.361950882974879262e-02
-2.682947233058760594e-01
8.796723338937250114e-01
-3.190314430639573096e-01
9.638060795162579630e-01
7.011136917282370096e-01
-5.867545567583303256e-01
8.613579484419877641e-01
-8.268376091228066271e-02
9.378827284895108196e-01
8.012511067719239044e-01
8.644414575131130762e-01
7.771292495978998627e-01
8.637970376020598362e-01
7.708525732321462876e-01
8.344370677641945733e-01
8.775746933069237254e-01
9.815873597943307605e-01
-3.267239902632844695e-01
8.909746333157085862e-01
9.452604669991251374e-01
9.747446266633958967e-01
9.725853640972617065e-01
-4.035623637863135493e-01
9.196218149028685396e-01
9.597183423950450543e-01
9.797054345045470569e-01
-3.370065020601031858e-01
5.698755066843363970e-01
-9.112906655211513995e-02
-1.899435575135716703e-01
-3.667760983529955165e-01
-6.102924562466981867e-02
9.017807385412378585e-01
-1.567896735005087361e-01
7.017389085211140909e-01
8.936786010038221262e-01
-9.944110821797295940e-02
9.656990255639977816e-01
-1.234075962728380382e-01
-1.093036131031491498e-01
9.924128723796792340e-01
8.219446047895616614e-01
8.876207090282870471e-01
8.728011911130720835e-01
9.645138770541384909e-01
7.537791296200953284e-02
-8.627772680729994814e-02
6.886431374457098464e-02
