9.781020354974412356e-01
9.679110182454533362e-01
8.841443371934282203e-01
9.736661020633764485e-01
9.673713354214361626e-01
9.854167973651112300e-01
9.594023841974845812e-01
9.202682449384188557e-01
8.688206589410962799e-01
9.764620021851828646e-01
9.701788279830689810e-01
9.788543497241429803e-01
9.351429144549745498e-01
9.833190832654525870e-01
7.796479441453911807e-01
9.770959795432516692e-01
8.747509092938396957e-01
9.670975072204694989e-01
8.414178182457183741e-01
9.105031434895787257e-01
9.584102301783257172e-01
8.499713811050024770e-01
9.724222469178753769e-01
8.474616626677380360e-01
8.139739584482106327e-01
9.634880042466308359e-01
9.744469081528764898e-01
9.891733370819995042e-01
9.808962502762462732e-01
9.426085081946207200e-01
9.917881274365212274e-01
9.457569858960560572e-01
9.597425127058023531e-01
9.690597131204484738e-01
8.248666279343852548e-01
9.676761124173491879e-01
8.790577531243322085e-01
9.613294141723932595e-01
7.661631222183533652e-01
9.638180606418298435e-01
9.858486237559125343e-01
9.579732652792329883e-01
8.940379520690275861e-01
9.727566376879428489e-01
8.886541752315597620e-01
9.311909114594023595e-01
9.843003355953006128e-01
9.297177536024854305e-01
9.531770381310483709e-01
9.121138304028009181e-01
9.780468353192377506e-01
8.705910931336389158e-01
9.660006233251761110e-01
9.077613782035471868e-01
9.562553884429360052e-01
9.859762876604305504e-01
7.882808812070607463e-01
9.792499786915576099e-01
9.195603279960009591e-01
9.572414264749939949e-01
9.880260520645260947e-01
9.772138324006489629e-01
7.867290105768462993e-01
9.599609416564744979e-01
9.412365734135803574e-01
9.716554187657744368e-01
9.237235145863995633e-01
9.066279251463043032e-01
9.829246581984723008e-01
9.790178509362554848e-01
9.805660886053202407e-01
9.856115440581577625e-01
8.698731135574767626e-01
7.960011025454017952e-01
8.625586041467380172e-01
9.798550349764554301e-01
9.106188552231573308e-01
9.914552380589161107e-01
9.734868547900563662e-01
9.695405289500972357e-01
9.949487353164323533e-01
9.705068931958233946e-01
9.691531749482351632e-01
9.472322376750236250e-01
9.694165391145346256e-01
9.852285525066827310e-01
8.815193202260815930e-01
7.924837914614575318e-01
9.692853025027805547e-01
9.679555472646725889e-01
9.616437711118661635e-01
8.997937507891431430e-01
8.308923289510337096e-01
9.792625401087925452e-01
9.311085266050520559e-01
9.287654595928899193e-01
8.435589296196899234e-01
9.632245190580009941e-01
9.824498681313913462e-01
9.667063765429630973e-01
9.737499147699537616e-01
9.693402257172087921e-01
9.708907780422603162e-01
9.759184018619110335e-01
9.856428176613447611e-01
9.775614259483880186e-01
9.419833011881530993e-01
9.386407251160795440e-01
9.595080358527376951e-01
9.590630169781542147e-01
9.724451387060910612e-01
9.765253499420940564e-01
9.911068808263159280e-01
9.466245245126492236e-01
9.707127482191635348e-01
9.715176180757885138e-01
9.586715605617065483e-01
9.426566679291883410e-01
9.683823262314246172e-01
8.488091072427651484e-01
8.951068878074786017e-01
9.772548819504240925e-01
9.713415704691326091e-01
9.197116214148591817e-01
9.481179297893435054e-01
9.526003664301605500e-01
9.633425616381734446e-01
9.797450913418318530e-01
9.437819364773338826e-01
9.878807297921010644e-01
8.305293698011615433e-01
9.824202771182808380e-01
9.734426725435447736e-01
9.881724278495660485e-01
9.606162304887567727e-01
9.752078674036261940e-01
9.718751463074752905e-01
9.049768584022129803e-01
9.629250897044191460e-01
9.680897380077508885e-01
9.661156996882556136e-01
9.530520272060210019e-01
9.103760605076085533e-01
9.111480977476622556e-01
9.271661521634926295e-01
9.798844831964655944e-01
9.125440721007423983e-01
9.699799607717441985e-01
9.695075890481843484e-01
7.743048628573263592e-01
9.787478537293399228e-01
9.769356000946514129e-01
7.399435710705468683e-01
9.742672165439428822e-01
9.891294870153273244e-01
8.966260296814754227e-01
8.647750020180330344e-01
9.096836063694219154e-01
9.855965205647394534e-01
9.300005053886706285e-01
8.844823035270317213e-01
9.282037085348446848e-01
9.197839481228413661e-01
8.285365240218867111e-01
9.745479795487873576e-01
9.679232809936207937e-01
8.939101785023149116e-01
9.566362801446044450e-01
9.830233975457998152e-01
9.792131757966349159e-01
9.821585793014502297e-01
8.697131714904344779e-01
9.731142444796674340e-01
9.658748793488607376e-01
8.911984809830014731e-01
8.823539348054451059e-01
8.457348177140294743e-01
9.773588356933495813e-01
9.400151158982124056e-01
9.075319547427584954e-01
9.659457125460805260e-01
9.703574649473587499e-01
9.666096909138166549e-01
9.790583367466747511e-01
9.564454146408423174e-01
9.528974656858482106e-01
9.734713611180538795e-01
9.212595370939584694e-01
9.618881953958124953e-01
9.859590960276811700e-01
9.418831713083284374e-01
9.307144455634519531e-01
9.742754993950489828e-01
8.809189414514111416e-01
9.171850216278695234e-01
9.675199685696662666e-01
9.266945019813116469e-01
9.563229199002277747e-01
9.562192093165742257e-01
9.043144996339915753e-01
6.788238764847145390e-01
8.725324718523395084e-01
9.628378991970149015e-01
9.614344575729665276e-01
9.751093028738602175e-01
8.774172367356873892e-01
9.587407915031862515e-01
9.182497077074749381e-01
9.234421199302607075e-01
9.806101064451684390e-01
9.756407378583933365e-01
9.795395466103617998e-01
9.808591206839091248e-01
9.731528140823689776e-01
9.809345268082801939e-01
8.854205501654426325e-01
9.625787273657688825e-01
9.325710594061537018e-01
7.685278220775937363e-01
9.675155095007772488e-01
9.683875925026109721e-01
9.127983228974723140e-01
8.673796553123235276e-01
9.601058948901040058e-01
9.561681911566328740e-01
9.799341514439841028e-01
9.197967322053779426e-01
9.734169909180523383e-01
8.115542404719875424e-01
8.883317428479154954e-01
9.615691873789646849e-01
9.710598283481094439e-01
9.825548105640139473e-01
8.996216606029669993e-01
9.147437503273914139e-01
9.385008452913852217e-01
9.098685690443931717e-01
9.699083914906018178e-01
7.987165987553965785e-01
8.686798366988890407e-01
9.633458811269126620e-01
8.210623225417261750e-01
9.480664753726564253e-01
9.783681663079333291e-01
9.870896107505533479e-01
8.606264809332886401e-01
9.205002531090542561e-01
8.847366240706187046e-01
9.266354144428029516e-01
8.295606227987835091e-01
9.759659656750976353e-01
9.770604793408856903e-01
9.704371141025792680e-01
9.796912737631526813e-01
8.412195916628102399e-01
9.791193259389122661e-01
9.369687247284732567e-01
9.886466293340018252e-01
9.813759403556275851e-01
9.745340208650330460e-01
9.704316967968517060e-01
9.023201047974147571e-01
9.371981339379619191e-01
9.812267443869433503e-01
9.804348117871564128e-01
9.870049531551154942e-01
8.842783206975798338e-01
9.748695198445449517e-01
9.676021471230595861e-01
9.791773716609989409e-01
8.816546151075217441e-01
9.779648989470985931e-01
8.986479399829077064e-01
9.102771583030916380e-01
9.910869508303978836e-01
8.075107904149995131e-01
9.885843129454583433e-01
9.823021332893588919e-01
9.608294437403195332e-01
9.377413402960962374e-01
9.705475972698369702e-01
9.422339740382968953e-01
9.059719807061947794e-01
8.796911958693539590e-01
9.384234858325063433e-01
8.382344014484617301e-01
9.829813897435490944e-01
9.771172723614032218e-01
9.719568057193932464e-01
8.630599644688243810e-01
9.791690854828253299e-01
9.326354803549617989e-01
9.531417712690251065e-01
9.688872693371965994e-01
9.566408848002407872e-01
8.878921208418861788e-01
9.856670106134808318e-01
7.898338383338847635e-01
9.616226156958773696e-01
9.349006342333352482e-01
