-4.026360585896144456e-02
7.127380480931447271e-02
7.736783751017073385e-01
3.777852680983160294e-01
1.610403881845692831e-01
2.982314147495138124e-02
3.547319810179746513e-01
6.262291709605900536e-01
-1.885945552903132150e-01
2.919336216788798732e-01
2.918331866956391796e-01
-2.012531011694482924e-02
2.434700050135237548e-01
6.991473262124027477e-02
5.968874087153481778e-01
2.590789158621914501e-01
-1.924891816642001485e-01
3.032282046630387917e-01
5.557467896140253494e-01
-1.162354295771949597e-01
4.012326806877385410e-01
-2.763102561972057836e-01
5.848732608780621289e-01
2.471319987445377564e-01
4.403819179344539148e-01
-1.072239736798175080e-01
5.646798549663449851e-01
-1.826607768713436886e-02
3.764369902755997782e-02
1.368588310400058183e-01
3.472110286630819553e-01
2.454306887758273548e-01
-8.937266518786943226e-02
7.935875029739003494e-01
6.503538762384346583e-01
6.142842692721219855e-01
5.613740174819767947e-01
2.602598961339958050e-01
1.754587483098375977e-01
6.128850034966483173e-01
-1.807238162172174478e-01
2.871054340834774954e-01
5.074718402001296980e-01
1.507896410295542777e-01
3.459888767665182940e-01
1.625738002642284907e-01
5.520661676932199224e-01
4.593063117420784769e-01
5.909151918200454823e-01
-1.785953237752700012e-02
-1.537635937618390958e-01
-2.371047547339557582e-01
4.236341931436479746e-01
7.295714857024226951e-01
8.159754264859987449e-01
1.003834531289518189e-01
7.215371929840909138e-01
3.024086185963126838e-01
7.987821984097018269e-03
4.999699719225909056e-01
-5.677757983543688103e-02
5.577388691209108629e-01
3.710330347447905464e-01
5.487225604892418396e-01
2.928619007764189375e-01
-2.739140956614213307e-01
5.616271058920199177e-01
4.769999459326518254e-01
1.167009083141790360e-01
3.659037903533667313e-01
7.049962456927456600e-01
2.482597968921565479e-01
8.338989554230988865e-01
-2.393647099710752291e-01
3.807958212992227365e-01
3.370801718511899914e-01
5.665749603721609295e-01
1.226118952595516010e-01
1.138489305533802037e-01
8.710305023130217317e-02
1.753200866766604915e-01
3.241807726417751390e-01
4.550691929335582975e-01
1.512744235119947711e-02
2.903193312152987371e-01
-2.040759271553388432e-01
4.961005467353819531e-01
3.299764294339959658e-01
6.237697863679052546e-01
3.900891253550011761e-01
-1.784012110497720793e-02
5.512032916379547842e-01
5.305755611672759997e-01
5.805777637708698924e-01
5.646261671491572542e-01
-4.833418982628062133e-01
7.028364354216356524e-01
3.913194820671247465e-01
3.824666707342874172e-01
2.859580362213995364e-01
6.529129445978900659e-01
2.393182356458888327e-01
3.210863458813532911e-02
2.053592130193331866e-01
5.930845167001534968e-01
2.535457095596789778e-01
4.895198092623223030e-01
5.401729635943604002e-01
4.859153016992414087e-01
1.620203806769869304e-01
-4.122983360762247917e-01
1.466471674555828164e-01
3.719416999873518398e-02
6.682155981108324205e-01
-1.815791306938928096e-01
5.823929452366274351e-01
6.770523495354854315e-01
5.599049631146905126e-01
3.937876059030026576e-01
-2.082920245805520154e-01
5.011848222921926332e-01
-2.267202473963318698e-02
-4.611664863123531716e-02
-3.171865852502343819e-02
6.675399372798308112e-03
2.818459725678051364e-01
6.617506799009353902e-01
1.452008458299153815e-01
7.049164622829067195e-01
4.975177358798898997e-01
-2.425845072461508822e-01
1.764358796390735062e-01
5.665856854203500381e-01
4.786172108965577321e-01
-1.751386776475842288e-01
4.300009717218097327e-01
3.927935991191411902e-01
7.657979736646944868e-01
8.371749948912456107e-02
7.885568380366537733e-01
3.110557954889884291e-01
8.326084397026567441e-01
6.626821643130594852e-01
4.031836260751811563e-02
3.877502589087802320e-01
5.287565185183162875e-01
3.517864453540868186e-01
8.176680961107709589e-01
5.555243592415544107e-01
2.270118606255790983e-01
6.255473074700512726e-01
1.730701038328914254e-01
4.698680094367965188e-01
-1.742759797215690520e-01
7.213360030398611178e-01
4.699417903772883376e-01
2.159631367527176382e-01
4.996804452645837724e-01
5.492663835157924890e-01
1.342995328969455171e-01
8.025412115681868075e-02
2.928236943611532972e-01
1.572345695012633826e-01
3.257544468635434898e-01
6.230992224271089119e-01
4.738311019095927668e-01
5.033376827764470818e-01
5.708580266622530208e-02
1.211660399294503532e-01
-2.783368075585405110e-01
6.035192933202343513e-01
2.969642047831839160e-01
3.491132389201642150e-01
2.963972387015397780e-01
-1.054540556473115565e-01
2.324377441976116232e-01
7.322527228498658669e-01
5.955496296291952207e-01
6.494056350516892451e-01
5.529965884661316444e-01
7.129925985857528126e-01
3.599730127929460233e-01
5.570955284352039349e-01
-3.147064950776665704e-01
7.085161948806264487e-01
1.889937661452158468e-01
4.492538748403708815e-01
3.787971881239446947e-01
4.405564465935655205e-01
-1.597171160729654316e-01
1.453006300158204422e-01
4.697084362162178284e-01
5.147889044215563370e-01
5.645381113806658552e-02
-1.678150779619564104e-01
-2.921474720076596698e-01
2.853932477924036037e-01
2.348334125749610424e-01
-1.295085486053162427e-01
-1.325992226385791506e-01
3.419905371301323882e-02
7.287339519649018715e-01
7.567866233219747718e-01
6.555792817212200418e-01
4.202564949147126194e-01
7.640745069641734499e-01
5.407813657571104438e-01
1.021755221401441510e-01
-7.759444464221784687e-02
5.843019584881121720e-01
8.472003948497315307e-01
7.510777451663802617e-01
1.434532625283843066e-01
3.938675120260544671e-01
3.449971662472605116e-01
6.118740593961347063e-01
-3.638158177686229289e-01
5.951122196047143875e-01
3.454985485297752956e-01
4.527474556395365557e-01
8.082908945464322148e-01
-1.516456220741635719e-01
5.084069193736944214e-01
9.159585177628548625e-03
4.103819019790764244e-01
-2.062424303602967413e-01
3.968630339391481243e-01
7.211286089357382689e-01
7.175309928883428778e-01
5.042321642356486500e-01
6.849520463076652632e-01
2.809262038537638784e-01
5.173562115961993779e-01
6.552367013988918965e-01
9.808962286348832382e-02
7.967973793732004983e-01
-2.141230497267052058e-01
4.672310679792826549e-01
-3.592322180227158768e-01
5.240988334138759752e-01
-1.472529879153266219e-01
4.572386815712022878e-01
6.338810888237418339e-01
3.860300485535331227e-01
4.568974009005141168e-01
-4.521638488569298953e-02
2.623913867168534697e-01
6.751946231266939269e-02
3.684066913418393430e-01
2.233315061203149932e-01
1.353816371092586568e-02
2.394315844079802358e-01
1.701176772820221783e-02
7.769350555351788312e-01
7.154298890031156599e-01
4.294886822362722900e-01
4.682018705157063865e-01
4.325824412394574381e-01
5.122417733180807398e-01
4.468843687044117274e-01
3.040560110109589154e-01
3.483820039888080311e-01
-2.463016769814576623e-01
5.763568540067212087e-01
7.376292465043046143e-01
1.671098314608814861e-01
5.407776623076849809e-01
3.885583141668461082e-01
3.103034667117961498e-01
5.187469595498068742e-01
-2.450265814128061159e-01
2.891826882108851360e-03
4.934527894244046253e-01
1.186454230931383025e-02
6.344378039468047126e-01
3.716569453949483126e-01
1.706980411187640767e-01
3.176251904542937154e-01
3.189478236802073541e-01
4.673592462973585882e-01
4.911747199307218148e-01
7.195609933873268194e-01
1.665027019196861358e-01
3.199946590836417748e-01
-3.540642070630636851e-01
3.534629910634851102e-01
-1.304494937527313492e-01
2.607529422989613987e-01
-3.369412204615781364e-02
6.627990494578381853e-01
6.321999220543840226e-01
2.439847400831044177e-01
2.001419547924770947e-01
-1.452399302059160513e-01
3.629061473585287190e-01
-2.182117116362055909e-01
6.557894563591606385e-01
1.696042903838568261e-01
-2.021027418775796780e-01
5.272518272345282364e-01
