8.437989299803021481e-01
-7.751034341192145072e-02
-3.462284300377940216e-01
-2.402583757559546562e-01
1.466846306909798947e-01
7.967318972770681684e-01
-1.654505157149972483e-01
8.154164933550721583e-01
8.540862205024388754e-01
-1.520447969009921518e-01
9.245954461907215371e-01
-4.973225558530437462e-01
-3.405210533123682881e-02
3.756784572290778335e-01
8.144138705785171073e-01
2.926278462814440040e-01
-3.725221922580183032e-01
8.349619189768696659e-01
1.866735087376296953e-01
4.293524472009193071e-01
-2.208553155201970486e-01
-2.117544170004291848e-01
-2.470388865326091643e-01
3.547174834186999637e-01
-5.792963436352355222e-01
5.291457562033538564e-02
-3.618207450197456487e-01
-5.681467517214612295e-01
8.816917903541967583e-01
1.986970650346610301e-01
-3.791932194243268217e-01
-4.218844422709011610e-01
-1.390065238026142180e-01
-3.490373582830049726e-01
7.796246002018607513e-01
-3.788254003942733150e-01
-2.415303162517400404e-01
-9.439100542683426243e-02
-1.017958743042742392e-01
9.054124980194078187e-01
6.809194651637949791e-01
7.855682786985794530e-02
-3.680828306401839889e-01
8.500659169744070875e-02
-1.791504391927516704e-01
8.397883060996631510e-01
-2.974640594600674315e-01
-1.739644273004913866e-01
-4.565019300543380343e-01
3.821350429443665098e-02
8.331789556975504052e-01
-1.009178411503829087e-01
-2.750427974871970660e-01
7.460270822840248117e-02
-3.276309720930921099e-01
7.391191942866464082e-01
-2.654771375065132499e-01
8.382828324005613396e-01
9.946223024819406122e-01
7.760004504607430631e-01
8.739169429408009115e-01
8.577469903751453462e-01
-5.385028239146852913e-01
8.037684517063485856e-01
4.848008067168041446e-02
-5.814307243712513174e-01
-3.113370689121903179e-01
-4.558918811446585062e-01
-2.745403320647001877e-01
-6.264710775465098802e-02
-4.276526463513133369e-01
8.054664551798842442e-01
-4.031724591165775640e-01
-3.051924367987958742e-01
6.975110761332567466e-02
-2.677175465599029858e-01
-1.726072849952439703e-01
-4.958698320229470435e-01
7.418983836428995338e-02
1.683019451581379833e-01
9.839824527314915414e-01
-2.140242865348710166e-01
-2.953721561176353982e-01
3.595043425670849807e-02
-5.281113560281097685e-01
-1.920617234650403571e-01
-4.883748960359135527e-01
-2.625849909264226789e-01
-5.819184631480830289e-02
8.386203815058062006e-01
-4.527321740748571632e-01
-1.342820630567837792e-01
-2.721930421201427253e-01
-5.046736370727828991e-01
-4.588613697284994464e-01
9.006698079942905555e-02
-2.476323494159081706e-01
-1.192866820604003009e-01
-1.781689990874484320e-01
-1.462228904596449275e-01
7.397769373525752146e-01
8.531510987279919966e-01
-1.929604808746062383e-01
8.212488366849362009e-01
8.236721588281494810e-01
-1.492737424722355155e-01
-4.552255978674052406e-01
-1.950970356161417785e-01
-4.082731619941978307e-01
-4.564225676993853842e-01
-3.640272217765394558e-02
8.689678276219114927e-01
8.811215247155099739e-01
-2.068438273272288908e-01
6.138309880286962894e-02
-3.901937754835187455e-01
8.335762434151100519e-01
-3.777240781160483563e-01
7.816666990973961671e-01
7.932732806749057675e-01
-2.585951355540077601e-01
-5.132044763336501836e-01
7.398509855455024375e-01
8.596540471226723490e-01
3.850954037058903490e-01
-8.390058884972297071e-02
-7.957516591531696437e-02
7.462218260361459521e-01
-2.587965893523870298e-01
7.008481125625003472e-01
-1.038385734528286808e-01
-5.020460039565176613e-01
-4.561069561989059551e-01
-4.204811963297461763e-01
-2.787987363065014268e-01
8.153602073559000907e-01
-3.910662875567060270e-01
1.846432645605938089e-02
-2.701754064043725978e-01
1.258527863491006316e-01
-3.933214162434126582e-01
-1.001566623920586291e-01
-2.468554839818345448e-01
8.373852761619109408e-01
-1.159116329996127404e-01
-3.453375413032183650e-01
8.311643426748426267e-01
-4.199364948213754611e-01
4.397785484481834262e-01
9.916164938363578596e-01
9.069569783813651309e-01
1.651469019695441243e-01
8.646452464991930542e-01
-4.583336494762880187e-01
4.548513547477600616e-02
7.948545759267766631e-01
-4.583306707610688702e-01
-2.530326060030236857e-01
-2.738894302400082248e-01
8.436894268640739991e-01
-3.184581309712103958e-01
-2.257012219667958453e-01
6.063472036638292012e-02
-3.896150056961027452e-01
8.393192175865445970e-01
-1.080474517079660079e-01
8.290353987695812110e-01
-5.811917043012546635e-01
6.284702268502153633e-01
4.775128814820375767e-01
-4.361899052726465609e-01
-3.033523064066467878e-01
-5.014632306208297585e-01
-2.513486013310032852e-01
-4.549689030118653776e-01
9.419792075753321559e-01
8.081175574845790299e-01
-1.098284303320002792e-01
9.340399435454738164e-01
-1.167325223830451564e-01
-4.946089246296006547e-01
-2.080160274404748433e-01
1.201517884872617403e-01
-2.537897408580949699e-01
8.732584512741294880e-01
1.758244238261095216e-01
-3.613552072818816407e-01
-2.000811677129402666e-01
8.294497928747799342e-01
9.951042950406931986e-01
8.366963336756854108e-01
8.143166395190781781e-01
9.643590383460545201e-01
-3.261679119309510155e-01
-4.917965940528294944e-01
-1.461317161258768316e-01
9.450706725277472353e-01
-2.909561583539463925e-01
8.419471982342040528e-01
-2.183163568311093927e-01
8.872758886006003598e-01
-2.154193041104235373e-01
4.004792642164340943e-01
-4.227777810797734848e-01
-6.558257892452358517e-02
-3.160991997907128814e-01
-2.047234193708932226e-01
8.244383067330440795e-01
-5.315714994847465374e-02
-1.447301393606663933e-01
8.109121838206314603e-01
7.695533904680024184e-01
-5.727062718982421918e-01
-2.772421258564599089e-01
-3.497905507445508988e-01
-5.657562656545039870e-01
-5.179644910456525642e-01
-3.361959294890639605e-01
-1.076425388784321147e-01
-4.170176420811115281e-01
2.506214440614479289e-01
-5.251623743701796521e-01
-9.382757346489364880e-02
8.766123111099073661e-02
-2.185901270665872587e-01
-3.190498468387000242e-01
2.530762780359360198e-01
8.622326155893843547e-01
-3.907521894473021673e-01
9.654891432906349824e-02
7.653493768344106218e-01
1.731260968410854029e-01
-1.633915112496763244e-01
-3.825472560012741496e-01
4.130628919521889264e-01
-8.014554283206376528e-02
-3.174733848446548157e-01
-5.610032180254005407e-01
-9.477366596772611451e-02
-9.127698318082959339e-02
8.510976342099060288e-01
5.619848846169904488e-02
8.578468001527737030e-01
-3.429648320902507486e-01
1.513230466432660959e-01
-2.834112260780955461e-01
8.545024615098237852e-01
9.627497461369864951e-01
9.851153356958822771e-01
7.426306634230879222e-01
-3.759868417011053010e-02
-3.521110628339629844e-02
9.433811360657045064e-01
-4.086011214693933136e-01
5.479039303734463406e-02
-2.426604774195231240e-01
8.160975843495785753e-01
1.143328767788998057e-01
-1.074351687298820551e-01
-3.827471152996613779e-01
-2.439970682134572355e-01
-3.074419226390812110e-01
-1.501237854402157623e-01
-2.561459493427589162e-01
-4.436643972761150634e-01
8.176184446284029406e-01
-9.609270394507396507e-02
-1.305734521172852158e-01
1.540661699171348153e-01
-1.285354062556914312e-01
-3.608456217005084898e-01
4.633774495709526153e-01
-3.618687423041009876e-01
8.033999974226653240e-01
7.740247049315573946e-01
8.392453114839788508e-01
-4.287626056483026527e-02
-5.291730899992630466e-01
-2.263254118013929839e-01
-2.326216524511076633e-01
8.096798682546368919e-01
