7.785028425201299118e-01
9.021289249193288340e-01
8.871237612362794511e-01
8.123631844129788337e-01
6.867504641598636272e-01
9.290117473807697479e-01
6.481190411168640253e-01
7.046651594170163513e-01
6.807377827356861921e-01
9.129696810614329472e-01
9.451679266531918255e-01
8.313502722248105048e-01
9.338382861384117994e-01
7.409278446107732119e-01
6.310114602208416468e-01
8.642091300388229369e-01
8.045900653988553586e-01
8.944256028437841399e-01
9.525959397497895109e-01
8.375466616416669119e-01
7.268372743436879446e-01
8.382912702090540291e-01
9.025074057962367835e-01
7.034547870446521411e-01
7.502867856399781932e-01
8.747135750018995015e-01
8.144024512683014638e-01
7.016413292442507110e-01
9.269160329857442093e-01
6.384082393402061850e-01
7.388633158278061774e-01
9.371965174445175961e-01
4.190286816301963535e-01
4.036232082276656197e-01
8.437399054449197244e-01
5.821227803545827584e-01
6.057716865177147358e-01
9.168787655175091311e-01
8.697754331960643182e-01
7.626226780694012053e-01
7.059044886787143591e-01
8.843285636781132997e-01
7.367498041591313829e-01
6.969937371312163732e-01
8.040350489905279119e-01
9.160375313617213910e-01
6.679130812810087914e-01
6.227789115471777937e-01
6.095592679167720629e-01
9.100859062838647651e-01
4.935808334042404155e-01
4.161359155155433531e-01
8.992146641556868492e-01
8.107644010921366551e-01
8.806001659854915120e-01
9.425142645715955947e-01
8.262020098090043785e-01
7.911430485591621764e-01
9.422974475515799586e-01
9.311487757578784663e-01
6.590126315308870719e-01
7.419764972205095122e-01
7.501521228739469471e-01
7.476052523163922992e-01
6.598214607436707624e-01
6.990281222886156609e-01
8.456022455405016736e-01
7.012518383836288116e-01
6.695489316077459785e-01
8.359299933010819750e-01
7.644491633171689449e-01
8.150956321302924579e-01
7.252922040993414754e-01
7.978910097234374055e-01
9.291116766947549177e-01
6.387117117412350886e-01
6.322542305764228265e-01
5.146282428858819369e-01
9.519243321406128944e-01
8.433640848544701196e-01
6.032898536426070102e-01
9.560441970513824383e-01
9.293595436687365208e-01
9.026243503310439342e-01
7.508591110993430018e-01
5.506628346308236610e-01
9.086738957687683360e-01
5.438828585931807513e-01
8.769992247940829877e-01
9.275861192114172038e-01
6.570899288474125743e-01
8.334685826310153089e-01
4.896587104843129201e-01
7.963757746819768446e-01
9.316212381739610304e-01
4.926917394706853970e-01
7.414516220057559837e-01
9.052577615084868023e-01
8.157816641759324527e-01
6.446485176574361375e-01
8.370273260760081602e-01
7.932165500959234006e-01
6.572996384580955809e-01
6.640127176590395752e-01
7.499336310866588917e-01
8.625168345087264044e-01
9.061610183720572032e-01
3.868559222994584212e-01
9.317959409211071797e-01
9.502863490745752095e-01
9.134422147107039702e-01
6.156583013298604357e-01
7.318979006563226530e-01
3.249227183941576502e-01
8.213302212983613071e-01
9.167403096253332606e-01
5.945107926041213187e-01
9.340318968428678037e-01
7.873168523106032213e-01
6.173391569829228542e-01
6.055129465351760665e-01
7.577865218691071103e-01
7.114688482351037013e-01
7.619104806841652255e-01
5.847523834138343979e-01
8.579113260475323965e-01
7.400849466020618106e-01
6.315348832390041967e-01
7.071030314733710576e-01
7.737463270370872337e-01
8.384840329014928706e-01
8.560920611207765152e-01
6.830277213117786905e-01
9.062855815982016061e-01
9.380256339979882174e-01
7.662052285967468901e-01
3.553529005889330405e-01
9.228170552190217979e-01
7.831446830239181534e-01
5.677086638514691197e-01
9.258560421544874686e-01
9.126370885126917631e-01
7.512530310495513231e-01
8.228618367389171073e-01
9.137915152451739909e-01
3.869199176237627102e-01
7.981622329588871079e-01
6.165978551699249355e-01
7.662151824453096172e-01
8.006109402330745528e-01
9.598401546782675542e-01
6.742632624252482554e-01
7.423120220676502345e-01
9.453261485187307578e-01
5.167127620866452942e-01
9.165004647007111149e-01
8.466207620893568819e-01
8.422549667961686248e-01
6.607476700813010861e-01
7.438158520979143429e-01
6.471042217511351335e-01
8.066345212415770849e-01
8.633431986734165786e-01
8.547356626965545434e-01
8.404765950736662328e-01
8.720392037671333973e-01
8.191506702862652034e-01
8.789616392089367736e-01
8.571635518177525004e-01
8.908088691589732822e-01
7.426758346197037675e-01
7.131072999197114459e-01
9.107844022548723384e-01
7.804505425372816330e-01
7.125217476082084112e-01
6.508580227961144882e-01
4.491213288531131775e-01
8.095525867666046871e-01
6.354997642515016754e-01
6.119559991777476782e-01
4.846203961106258506e-01
9.455766367468863010e-01
6.364358995110032113e-01
8.778861269549431690e-01
8.950582943080036546e-01
4.527954868351090623e-01
8.936490844031053093e-01
5.742160336354921180e-01
8.373856710553150284e-01
8.104642918754877412e-01
8.286880957263905723e-01
9.222966498004533387e-01
7.579459339978803500e-01
5.077404611555940139e-01
7.533899506256653833e-01
8.422035291375633559e-01
9.238129769931748836e-01
8.815262630343732031e-01
9.017587375791145110e-01
9.186362733373170109e-01
6.557705697495996855e-01
6.579262579963952584e-01
5.006596231035388422e-01
9.102285448503653065e-01
8.335910936402574078e-01
7.439099039072009090e-01
8.734356964428255932e-01
9.321971241830755428e-01
9.185005196836089070e-01
8.959335940211601290e-01
6.731101010447069211e-01
8.552056864534227643e-01
8.442451669845110196e-01
8.575488964206896547e-01
7.665656192955206949e-01
5.766980945656017266e-01
6.311861892823764641e-01
9.481806722269613408e-01
9.185951355652198780e-01
7.068117902007804432e-01
9.163354601748217032e-01
9.019058833227650007e-01
6.178702150909723967e-01
4.887248977921460624e-01
8.155179888763821605e-01
6.701318252411865295e-01
9.079021849922506160e-01
9.188608608898091168e-01
7.510042729603876310e-01
9.334720371885614210e-01
8.965540485017151617e-01
7.895003742429831384e-01
8.816282685817411480e-01
8.190007500012292940e-01
7.784455283591916741e-01
6.858942629284835446e-01
7.005076273121337849e-01
8.328342838714999363e-01
6.247781985214180267e-01
8.400295237570469808e-01
9.168097879515018089e-01
9.314116446404792082e-01
6.063469515840220758e-01
9.609901151799170593e-01
8.765686447602312192e-01
8.771005648656925446e-01
8.172789115031934282e-01
7.445849300690763339e-01
5.190825337968676401e-01
8.604376745233688339e-01
8.418856974384236747e-01
9.251258906195930498e-01
7.155466331239906941e-01
8.005839005822209531e-01
7.440326843860698425e-01
8.699272698838803608e-01
8.882370760679656474e-01
8.015240166056815108e-01
8.408152848701750948e-01
3.680356082861778177e-01
5.560756447705047512e-01
8.811096989403783830e-01
9.250455606448229062e-01
7.921365709845084035e-01
7.548302790744890745e-01
8.172302480135725800e-01
8.474894511258843632e-01
8.580814339415054892e-01
8.142140125099225356e-01
9.073715853908269624e-01
7.825072617512389694e-01
7.475832993514691660e-01
5.940717491605631562e-01
8.729771333722955440e-01
7.429630207966868571e-01
7.076735634899986582e-01
9.634256602340811604e-01
9.116782373694115593e-01
9.019961660362069145e-01
8.576642427059126828e-01
5.831441355703794738e-01
5.931223222212995694e-01
9.064909821677507029e-01
8.966396901919768681e-01
7.373792966619822087e-01
6.460247688034650437e-01
9.051082183555683169e-01
8.208289096764285198e-01
7.734911648206078683e-01
7.769259954688335634e-01
5.555912718319916399e-01
7.995592886930513732e-01
7.735546472200218737e-01
6.761629936303439337e-01
7.557392518109617985e-01
3.633084747119928459e-01
7.849459007887400475e-01
7.507902074807586423e-01
7.355670533600719985e-01
