-2.012345795929283976e-01
7.056843413731554993e-01
-3.941528557989724679e-01
5.863440731805623640e-01
3.304226286491432352e-02
2.241490830916471333e-01
-2.722740784500137234e-01
8.612879711468983679e-01
1.937981111313537008e-01
8.777808463263830907e-01
8.457114125985627506e-01
7.860011921619876052e-01
8.524541600679360620e-01
7.708970231306584431e-01
3.133329328072144426e-02
8.419558233244886503e-02
6.827118752448679828e-01
7.942145234244109009e-01
7.869105423441580260e-01
6.211792370509809924e-01
8.273444519300879874e-01
-2.504012437894121423e-01
-2.869479088708781211e-01
-3.025728900066637084e-01
-8.236937065672994551e-02
5.587905164901327826e-01
4.260440343966176435e-01
8.646805791673348729e-01
4.705615797549701496e-01
5.959556351879801150e-01
-2.927837534773585215e-01
5.532066787839811095e-01
-3.479146042989812726e-02
8.312969340802538465e-01
8.579140777582540123e-01
-2.765311949317901252e-01
6.118784351254061837e-01
8.149194214305981454e-01
8.213151698087697294e-01
7.543984917631225695e-01
9.275221625126970348e-01
-6.824703248802235778e-02
8.695640179455668139e-01
6.973942286612972996e-01
3.670387717177717724e-01
8.536792179774390643e-01
5.039405936732902491e-01
-2.474027267939456487e-01
6.868697611847430773e-01
8.940225894098927650e-01
8.632473651207670517e-01
4.377698937499775456e-01
8.982319147437221041e-01
5.636091666124030120e-01
1.729478938107379682e-01
6.612950336960439213e-01
-2.084627562159878100e-01
6.830190646316518510e-01
7.124809165683760881e-01
-1.442525767041258344e-01
-2.080110935676560135e-01
4.499143386800395494e-01
-4.198851932050773339e-03
7.914720771320210568e-01
9.132299926613256513e-01
-1.437579528668745388e-01
8.526064132267818785e-01
4.640593877782201448e-01
6.422647017412763670e-01
-2.566929010473202322e-01
8.450433440561423426e-01
2.222318595453280365e-01
8.067312594971012829e-02
-6.088767960465828188e-02
5.997341396271766989e-01
-7.700923491988405367e-02
6.851335466369761207e-01
1.343475276963522480e-01
-1.749927586619025657e-02
7.701791066244729755e-01
-1.698101890268475800e-01
8.669694273525784256e-01
9.506744444933418192e-02
1.828323771023938060e-01
3.124309271901402896e-02
1.169996860679561740e-01
7.493640198140743003e-01
8.108232425895924855e-01
7.272124775081250103e-01
8.564053756713492227e-01
-7.817792914751896249e-02
4.727439426447356263e-01
-3.797681022746880047e-02
9.023789598133331591e-01
3.448775945028962342e-01
-3.604198384355500329e-01
8.625299344138107616e-01
-3.279177691667384265e-01
8.242609252872050707e-01
5.920345644168032440e-01
-1.867610912679690607e-02
-2.533367161422415692e-01
-3.322538296979485328e-01
7.727480623263447423e-01
-1.245155391312671861e-01
8.481990258702705177e-01
5.394215802908453039e-01
-2.276651041651382157e-01
1.735053418775009126e-01
6.369511503458316626e-02
8.173111090721989491e-01
5.521516015614763573e-03
5.785558738603941986e-01
8.013628211196859308e-01
5.807504474504480152e-01
6.058476476745411343e-01
8.295721842959087322e-01
-3.618622433027482987e-01
-1.917001849286944504e-01
2.714202905840997770e-01
8.418802017987709885e-01
8.801548168951729423e-01
-3.399498706301995465e-01
5.899073547026045805e-01
-2.718796992935468282e-01
8.733411041515213302e-01
5.434914708889239110e-01
-3.366146484364801461e-01
-4.078372452138915860e-01
-2.816340442071552652e-01
-1.860744243292309363e-01
7.590477024955084584e-01
8.890606830951153228e-01
3.444201322266701726e-02
7.659487049046524720e-02
7.605107539925155535e-01
-2.982421225590291547e-01
-3.264361015769396968e-01
7.258855092773075501e-03
7.848261935024685165e-01
8.609676101255987479e-01
7.972935631755981856e-01
-2.825201909812909973e-01
4.706250949018846441e-01
-4.286618652346678715e-01
-1.647545469891598113e-01
6.130111683489736230e-01
8.597036634494334972e-01
5.521793805297404711e-01
6.084314952746880945e-01
8.620731757939239515e-01
8.882864036753629344e-01
-4.656700118266199340e-01
3.781990297651097177e-02
-1.360458611951670393e-01
9.073722040306346770e-01
-2.589220816489468807e-02
7.375288992775277386e-01
8.692333836227703614e-01
6.412341476166617815e-02
2.049511824306272378e-01
8.193980417844570763e-01
5.308141078088358666e-01
1.918426110023900288e-01
5.953012406860449524e-01
9.221124135687848167e-01
5.997341396271766989e-01
7.391549073459069419e-01
8.734838128326927187e-01
1.062130070799521958e-01
3.935793972323153311e-01
1.019555289415103455e-01
-2.134239920133909618e-03
8.914628044657570971e-01
5.432186459266505896e-01
-2.176038522924159113e-01
9.330413944454443165e-01
-7.721385511791088729e-02
6.758585503683394169e-01
-6.514799873254709106e-02
7.609138506410453306e-01
-2.432121895292295166e-01
8.878210694337952402e-01
-1.219753123747571028e-01
-1.353297740755918938e-02
9.264036107125087072e-02
1.206748296820090716e-01
-3.033542863602314288e-01
8.382223955376966185e-01
7.978414083380991340e-01
-1.032167007922682456e-01
7.348938507345302851e-01
6.477454026959301725e-01
8.113222695132491502e-01
-1.353222067046210876e-02
3.418550622754787383e-01
6.927335983752165305e-01
1.438330256635630619e-02
5.390793867650818527e-02
-2.456339320112454483e-01
-3.808566277538379397e-01
-2.601282723413717024e-01
1.401262667230833148e-01
8.885232346943674475e-01
8.291922944244967120e-01
6.296475791074447326e-01
7.196330365153167374e-01
7.676813449146595580e-01
8.113139165238922867e-01
-2.304004264870126995e-01
1.171744465194408530e-01
8.745015490686605109e-01
8.907046637220226160e-01
6.129925147907947514e-01
7.492136922291414702e-01
9.280217630767997328e-01
6.517695846223907630e-01
2.646205866859080783e-02
-2.557460247776841555e-01
5.884989088964294457e-02
7.400303137742993975e-01
4.073453629603216442e-01
4.964033329647145054e-01
-3.144548191025920980e-01
8.574161785259335478e-01
8.811701223578539688e-01
-6.804590723455877788e-02
7.276894613606681439e-01
1.780910345769670666e-01
-2.388847829680874890e-02
1.154502939607293388e-01
6.725599791814014239e-01
8.091652706742054058e-01
-2.957420985795288781e-01
2.222001322412388291e-01
5.997341396271764768e-01
7.665422772249842476e-01
1.394855535616550957e-01
8.825759355710021126e-01
-2.961653296256825385e-01
5.136295285532668231e-01
8.151651058907056768e-01
5.997341396271766989e-01
6.352122142305498542e-01
-2.888349890089325633e-01
-1.921705112464575371e-01
3.241314231985365502e-01
5.649589094850329118e-01
8.372293042525177920e-02
2.983342052822841595e-01
-2.840357004649701200e-01
-5.539262643988177720e-02
9.037500153153363858e-01
