9.200953769567705720e-01
7.752790721691592557e-01
8.388525584372354960e-01
-3.897680040639872612e-01
7.281967713410198995e-01
-4.523510413837442123e-02
-1.797293305833912724e-01
-4.734125859159341032e-01
9.542201582757237066e-01
7.138590989344867355e-01
7.496912261286400314e-01
6.788029800060545460e-01
-3.797264791043977739e-02
9.227763014846643852e-01
7.056783177087300185e-01
8.787837383940054758e-01
-4.112259991984616447e-01
-4.320502314530498822e-01
9.538928894240330525e-01
8.588721297381676223e-01
-3.825121795375422407e-01
9.778141626054815960e-01
7.218794732014275350e-01
6.748465205403783029e-01
-1.650449748332882827e-02
9.240986578950446395e-01
5.786289898259464604e-01
7.505732617061864342e-01
9.155802963516719295e-01
9.315032144950585735e-01
7.267663878465966398e-01
6.234289009251929858e-01
-1.222473240948420969e-01
-4.504096417763187588e-01
9.172673272695130997e-01
6.191634279491867732e-01
7.258443278739587501e-02
7.022097199060109984e-01
2.040404557462087431e-01
8.778807356644799942e-01
3.431786715668295740e-01
8.093106874383242388e-01
9.510437570101764049e-01
-2.503797945235974876e-01
8.620418312534625649e-01
6.531722838124880415e-01
-5.789894805239415021e-01
-4.800579484163342014e-01
6.134463302186843325e-01
-4.629166498147783138e-01
-8.191228704446001929e-02
8.249175653008967712e-01
9.488550283105421368e-01
5.462792225724056872e-01
-4.867620746860060188e-01
9.081071087816112719e-01
-1.955423666420581519e-01
9.643242742447650784e-01
8.050704148225260592e-01
8.879915283005548332e-01
7.156714837872177881e-01
-1.584542469493437911e-01
5.988236842300485169e-02
7.936322107673836612e-01
6.506265989397300720e-01
6.167467812341884681e-01
-7.469336988723679349e-02
8.627646216322018002e-01
-9.279337306635226934e-02
9.480564975929673954e-01
-3.627269498693957983e-01
9.111877849718429401e-01
6.561702923777725793e-01
9.100093183220637760e-01
1.683819555346821595e-01
6.514624911183188871e-01
7.797457952417917726e-01
7.308899927568699439e-01
6.569953158335297694e-01
-1.855005579572545638e-01
8.923425971668245138e-01
-2.773875554575652713e-01
7.783421901198580573e-01
9.283510594169137597e-01
9.549176581354958948e-01
-5.176858899539981129e-01
7.354902373873859478e-01
-9.645566204828595613e-02
9.279666610067675014e-01
9.139469622619187383e-01
8.245150275550722219e-01
9.628338837979910636e-01
5.279172638290872133e-01
7.995948124193941187e-01
9.606836827616666019e-01
7.153506835246181694e-01
6.425386976196825195e-01
9.305228627736282787e-01
9.351357456088839060e-01
9.316701203345125748e-01
7.183166106459371036e-01
8.228153811639219439e-01
-2.154616331843665078e-01
8.334660335340041692e-01
9.826468174645148768e-01
7.657909910487747940e-01
8.075757819242957991e-01
9.370188155593228707e-01
8.064462811098247474e-01
-5.791423660729750900e-01
-2.663160190146839912e-01
-1.803970660003687276e-01
6.397446647010268661e-01
-4.336505570497239948e-01
7.019446089724170612e-01
9.014097136118208731e-01
-1.098696229059834273e-01
-1.654172481223633584e-01
3.495510617965896794e-02
8.613671595638037193e-01
9.358152523175065074e-01
-3.049048994056783313e-01
9.438406059533384074e-01
9.253314589229745257e-01
8.017732389317355768e-01
6.524025955494749951e-01
3.467612006502546196e-01
7.808172145182340484e-01
7.335722782718214763e-01
6.650947977168952807e-01
8.413952421922445968e-01
-5.289282183819137284e-01
7.696759171314767611e-01
9.132240453939202141e-01
5.794369717470831960e-02
7.291599813717704048e-01
6.996276955615354787e-01
8.771433411287757886e-01
8.463040414204310302e-01
5.696581126296155206e-01
7.074646581109744758e-01
7.332779816687224894e-01
8.086711007978208965e-01
8.591500150135843450e-01
-3.940894120011363411e-01
9.142441855051814947e-01
2.979208982123402460e-01
9.201836656184930741e-01
8.828515153519997938e-01
8.937700255487925904e-01
9.188902189020961009e-01
-2.196060472374133585e-02
-3.502314754884446324e-01
9.355081815527087619e-01
6.689191310598407991e-01
-5.520478582784928978e-01
8.440281519202971205e-01
9.608417737198402531e-01
-1.582017199159901633e-01
-6.574942062683469812e-03
8.748420371037162191e-01
-4.490124344271287926e-01
7.846912698177516132e-01
7.482752764706839255e-01
7.985325067836863688e-01
5.475860927619456975e-01
6.296769450088630649e-01
8.653336559021422847e-01
8.292075402601344347e-01
8.232889140248420556e-01
1.809405388500512912e-01
-2.568700268109486151e-01
-1.326341946984986031e-01
3.070441564999980000e-01
9.162571080836593440e-01
3.256066999139010099e-01
8.837045306648106946e-01
8.584365152936761501e-01
-3.983179733361996155e-01
-3.318433881570328342e-02
-1.506657450536548482e-01
-6.815157697862402053e-02
7.950196363768307073e-01
9.615216526949639242e-01
9.475607318627996545e-01
7.099025794554572055e-01
5.776008714820967116e-01
8.754507143141474490e-01
8.745071596579582218e-01
9.279012379166484692e-01
9.391331065153465385e-01
8.478044442738497111e-01
6.639804851866840663e-01
-7.164785368425174994e-02
6.822245865047844582e-01
7.646726187520644924e-01
9.058768147995126530e-01
7.058363339703856987e-01
3.205937127130611963e-01
8.069022048400655844e-01
6.681649307416728245e-01
9.112513391930767703e-01
6.218739714986474265e-01
2.910884538304214786e-02
6.249961421079748281e-01
2.265885400434985986e-02
8.658743007341694886e-01
-4.978013727416336076e-02
8.713107021718642375e-01
-5.761055539238306711e-01
6.857622334610191661e-02
-1.157247196748419603e-02
-1.744774641569288853e-01
-5.655609813578775791e-01
-2.554589869978682315e-01
8.628109888421322538e-01
9.137354108423954013e-01
8.470427936699695959e-01
2.791003628975732287e-01
7.031606602795228422e-01
9.531012444467716893e-01
-4.630183609694326075e-01
-3.341318729793009146e-01
9.182400557220454784e-01
7.757910436383519404e-01
8.791538526433888556e-01
9.262528881369949119e-01
7.951178417092117368e-01
9.221149989497001709e-01
8.286107988078926789e-01
7.593051944719854118e-01
8.429057225650884444e-01
-4.559256779310335017e-01
-2.456306408604850278e-01
2.236203299739204509e-01
-5.810886013679703588e-01
6.897637122360460449e-01
6.981476239856236887e-01
6.728476297960879204e-01
9.377878613903880556e-01
8.147554790338373820e-01
2.044181731306245475e-01
-4.582704433680283018e-01
9.357453741783446910e-01
8.991044812403937714e-01
8.426277807835682587e-01
5.909856502563795022e-01
8.053528643762050132e-01
9.165059225445588709e-01
7.882792784241795525e-01
7.162090589102410032e-01
-1.151099371406038574e-01
8.107168327228819749e-01
4.596461262444325735e-01
5.948653055812020973e-01
-4.315671782833414571e-01
-4.777095977592288323e-01
5.827849955725503683e-01
9.484450341208761071e-01
6.702594968484432147e-01
8.380183768972653269e-01
9.034319343199562757e-01
6.076068634712603611e-01
-2.048668910370114449e-01
9.662409487674532560e-01
