9.370872376200417575e-01
6.634509007144899773e-01
6.651830695598479615e-01
7.589782930263022642e-01
9.314990277248208494e-01
8.173058004707802748e-01
7.947730072389169731e-01
9.400227289888999360e-01
8.547428720545914294e-01
9.135665606310248155e-01
9.339269200471347343e-01
6.787614234523365875e-01
9.271064319728671288e-01
7.984591062328023625e-01
6.488641518122335583e-01
9.070906546410693050e-01
7.461628456227251682e-01
9.330327479920275113e-01
8.825114807848022380e-01
7.002495390204932502e-01
7.604760670720924765e-01
8.844054653983111081e-01
7.606401079446476476e-01
6.940339046199638373e-01
9.588009296284902838e-01
7.555344642688923695e-01
9.438798722408908715e-01
8.930549333579571591e-01
7.080063484500874749e-01
6.835113645494932388e-01
8.928818388574185638e-01
6.703867718023670541e-01
6.623303593777141174e-01
8.997770634952616531e-01
9.411531349360422460e-01
9.469121054645877056e-01
8.874646936655439244e-01
9.513056840890010690e-01
7.000185116965913501e-01
9.800931598263211697e-01
9.244710984066417669e-01
6.601643508644357006e-01
8.888840943810569772e-01
8.574388399719204967e-01
7.290362460446262460e-01
8.575408971938653924e-01
7.278866403286856634e-01
6.702071090422472288e-01
9.374424622519984540e-01
9.237719849459755661e-01
8.845764490247819412e-01
7.218216557614031137e-01
9.079590126833552155e-01
7.543235040206121012e-01
6.515177923276584959e-01
8.797602433362508023e-01
8.336981556365523627e-01
9.322831921343153194e-01
9.033773919421124177e-01
8.906786665869476094e-01
8.396970981285624136e-01
7.809408995383831931e-01
8.397309661727356822e-01
8.316904645287386266e-01
9.727449219482868781e-01
9.430266889184881762e-01
6.025817332608142118e-01
8.931751308428368397e-01
7.045927523763004796e-01
9.303708075084307083e-01
6.057835392781691919e-01
6.752483649377596375e-01
9.634373609225361790e-01
8.942878969063667860e-01
9.079883668306193423e-01
8.995238900167344953e-01
7.271209910893379202e-01
6.275704764840109862e-01
7.021689628141762896e-01
7.696388108157298236e-01
7.871775826935187848e-01
8.805305917731387488e-01
9.110027227932567806e-01
6.855073949034085068e-01
9.063196582132237999e-01
7.890171591942682916e-01
7.172849871174704628e-01
9.085602912373085260e-01
9.274865056918144557e-01
9.467186250000132475e-01
8.981901703943873105e-01
8.427189980167157923e-01
8.901871731519972464e-01
8.247138586169143748e-01
9.410412869269747516e-01
7.463831091376523785e-01
9.472315150436743103e-01
8.917944809372482240e-01
6.302644718271623869e-01
9.361101691120443657e-01
7.310634781150042727e-01
7.762224015932243093e-01
6.420902304388020898e-01
9.074673335857554868e-01
8.874472890240298062e-01
9.416084762132959085e-01
7.139201403480432973e-01
9.173491359267271772e-01
9.618899539859591119e-01
6.802327246405388550e-01
7.215486486805333666e-01
9.410560364398823374e-01
8.077388314804334613e-01
9.336038458354705138e-01
8.440064783997848208e-01
7.835019246746662835e-01
7.526291315858814057e-01
9.418258879083956092e-01
8.635869833382385785e-01
9.398189433021884032e-01
7.377614104962485486e-01
8.104845224658796532e-01
9.459907630120965027e-01
5.742982984044069372e-01
9.163867555909408491e-01
7.991714400155499609e-01
5.908485766143625195e-01
9.779441675217483976e-01
9.107541407130044231e-01
8.638835266943563074e-01
8.736553197420480199e-01
9.207643537672891565e-01
9.109111601316334239e-01
9.286344013148222221e-01
7.850944252111424770e-01
6.906315331723990036e-01
7.367838355866025424e-01
9.025264450970089669e-01
8.996729137756367400e-01
6.740680663754743396e-01
6.721098068670124936e-01
9.603758351309847896e-01
7.717218672647021549e-01
9.450910033729418291e-01
9.532535041113396890e-01
8.620891536455740356e-01
8.640658018859658229e-01
9.352712436774544003e-01
6.613838066471890986e-01
7.200109222634420991e-01
9.486641054104201221e-01
8.285044768570886120e-01
6.191780289119896974e-01
6.557896943136689583e-01
9.019268099564441421e-01
9.056993177381436055e-01
9.411154692282601708e-01
8.361516061700984270e-01
9.185829971594942078e-01
7.389275336644746117e-01
8.989472709395573968e-01
9.115550466481537883e-01
9.609831898136087514e-01
9.205616525551175711e-01
6.936824666997414290e-01
7.992577655394816905e-01
7.171020377913253085e-01
8.691144726962048983e-01
9.441984598253734262e-01
7.172313228021346410e-01
6.704726564779719400e-01
9.084716697491008741e-01
8.500156434880328238e-01
8.279961055101111578e-01
6.946601275874326742e-01
6.748006059428945935e-01
9.415028423470215291e-01
7.733021063315022037e-01
9.484695207345759105e-01
9.648254246359057040e-01
6.299098550448986034e-01
9.383175170801851817e-01
9.053522307011974135e-01
6.619418392617812952e-01
7.558200985059431165e-01
9.506689208736156527e-01
8.888619880175316901e-01
7.809904986784348413e-01
9.443472273161179764e-01
6.394387347901737684e-01
7.395062164362222745e-01
7.541339286706347789e-01
9.410045845833161504e-01
9.558596555129013073e-01
6.578190258283724834e-01
8.208586842358863711e-01
6.907502349262358843e-01
9.362074178217361098e-01
9.382792428202348933e-01
8.760652481048775142e-01
8.902985742739341068e-01
8.294597358670474652e-01
9.490259222217940493e-01
7.838286228349021778e-01
9.091412975808208508e-01
8.965312220029904022e-01
9.060624270613377718e-01
6.710153034450583309e-01
8.978654907056964340e-01
9.244067263819162328e-01
8.509135491315185096e-01
9.236209676817277447e-01
7.743688142292590726e-01
8.941828968999163685e-01
8.972142084146217389e-01
8.327883007771330615e-01
8.281976430113252574e-01
8.199970851632177871e-01
6.777090506189821228e-01
6.755547305663621716e-01
9.333047786102313115e-01
8.998632404081026159e-01
7.164067857907974179e-01
9.688942348102462798e-01
9.387414398888832556e-01
8.926271905056836209e-01
7.086243341915013927e-01
8.965843922053849946e-01
8.557492886943585120e-01
7.260971475005602027e-01
7.130586239504665969e-01
9.741396499785037744e-01
9.550012127153493235e-01
9.182657725804321824e-01
8.574881770785247603e-01
7.484783258424856367e-01
7.205827535472568712e-01
9.935454773659939676e-01
8.534229490623205239e-01
7.305949829047059252e-01
9.191859584869594979e-01
8.008328802117807843e-01
9.129148542085887552e-01
9.326295216568489810e-01
6.647461716518257013e-01
9.368258979296069100e-01
9.139459643693869095e-01
7.969332593430982214e-01
6.876822852296130550e-01
7.716714723938459253e-01
8.542305708985121759e-01
6.852712207910678366e-01
8.161139158202829202e-01
5.742199218488974743e-01
9.359675113070676788e-01
9.431955936412407260e-01
8.929667274658453779e-01
9.068976926567600128e-01
8.695529857162642706e-01
7.110775781013738417e-01
7.652757621797849907e-01
6.883747455399202853e-01
6.782653161995201296e-01
7.448067029097541480e-01
9.690272946936913101e-01
8.273302268103888135e-01
7.416865495597603219e-01
9.278629489733087876e-01
7.861436133931836157e-01
8.835888577232917651e-01
6.939436695324853188e-01
9.168594408661512318e-01
8.479030390853967702e-01
7.295015903866679530e-01
7.896420531473191673e-01
8.223229270855043627e-01
8.935009060304728301e-01
9.907558101075226720e-01
8.450330272807616838e-01
8.186646737825503672e-01
9.135326881854166636e-01
9.318056670748495751e-01
9.278620790888825187e-01
9.472753309253441056e-01
9.401960497018420071e-01
9.288050205401665593e-01
8.936791647548881778e-01
8.653126744352390709e-01
8.329066835779544986e-01
8.726114261053499188e-01
7.553230005857075602e-01
8.370927696904337800e-01
9.141075101864029051e-01
8.912834762169418168e-01
8.188633279783624763e-01
8.526189645554904661e-01
7.361046772082436851e-01
6.056524411106077865e-01
8.030525440733918829e-01
7.351080322263111588e-01
