8.080168224968540258e-01
8.560024988005954238e-01
8.975830736499512685e-01
7.216444894817728439e-01
1.483558461793951788e-01
1.843895297417407764e-01
7.527009635276342703e-01
6.001625343406531421e-01
9.857906509322215127e-01
9.232853819967967723e-01
8.508583143074921473e-01
8.468908605794924771e-01
8.072891852346351094e-01
7.054829362328380871e-01
9.206109297003635117e-01
8.599120211178907791e-01
4.713636576592087346e-01
-9.143032443810047982e-02
7.977262215991482996e-01
8.670529809268208155e-01
7.669232297782735408e-01
8.917913303697767580e-01
7.398642727274429287e-01
8.053245570763740702e-01
8.903992349271003803e-01
-1.042327419218734980e-01
8.399935327506264926e-01
7.898174482532408502e-01
7.936898831953466127e-01
8.775274064759989168e-01
8.511222804731894964e-01
-5.232655914842362366e-01
6.814304298449024300e-01
7.645832961486375146e-01
6.386578372388909131e-01
4.891671428505493524e-01
1.799031505617171844e-01
1.994955484354242192e-01
7.885388411467422198e-01
9.320694475790389788e-01
5.864590093929201720e-01
8.184658744776649453e-01
-5.527354091158492855e-01
-4.222466848458633626e-01
7.500638055674645477e-01
5.498997070852544855e-01
6.656031479681763230e-01
4.426972129351676166e-01
4.990121215728469117e-01
9.168205518319065828e-01
9.879467625581981327e-01
9.354114511181932379e-01
3.847305297295403742e-02
7.136846008406161346e-01
8.781109876387602764e-01
-4.233520973308763646e-01
6.534243274257249823e-01
-2.001773512946039002e-01
7.487587957368641023e-02
5.469944369915236138e-01
-4.390231207502467425e-01
3.836407020745472574e-01
9.103830813889139950e-01
9.283069797065519602e-01
7.601594251322913998e-01
7.721612888653236473e-01
5.716869363279887262e-01
6.392951471829300125e-01
4.946453181826012124e-01
5.422052767723659628e-01
1.275084906526560147e-01
8.742972530744042015e-01
9.149486851242132346e-01
5.897647952670215243e-01
7.330321107546712289e-01
6.586320540372255783e-01
9.101429638417712908e-01
8.455462310482997346e-01
8.476060682268091728e-01
9.210814589273301767e-01
4.806484805191076348e-01
-4.096811019779948992e-01
-2.948721268359117409e-01
-1.990385416709230249e-01
5.312510447144551673e-01
8.505307894919589273e-01
-5.937252365058609538e-01
6.400607939470256413e-01
9.270307989565220730e-01
8.232341646475169750e-01
9.042867499208739890e-01
8.842536712129300813e-01
8.358658030276057138e-01
8.708946811811771327e-02
7.720055138719728038e-01
9.184303926934399565e-01
9.524798074977981477e-01
8.228705297393074103e-01
6.812351348101619575e-01
7.550543799393510946e-01
-3.154880660832184991e-01
2.885267336242670622e-01
2.402463024073524800e-01
3.210350101361345576e-01
6.035021318589668393e-01
2.689735468448264943e-03
9.467729245067466604e-01
3.026550620938837644e-01
8.138669318025113508e-01
2.365454000443206750e-01
2.615143900249872755e-01
3.664144327291509740e-01
-7.571000050125699377e-02
7.650289501352424137e-01
6.920266380233476289e-01
9.677144362328029548e-01
-4.667643466796912444e-01
6.523960173197592693e-01
5.664563993052811330e-01
2.408695741874619378e-01
5.179483512754957664e-01
7.574937774400302137e-01
-1.553440939589316450e-02
-2.342496441471333263e-02
7.779483541164688987e-01
7.867507941838790264e-02
7.907733568072988772e-01
9.058273250245707509e-01
8.905593487907867978e-01
6.531321676242343721e-02
7.561626251532818088e-01
5.665352596418726794e-01
5.984086022484977896e-01
7.873399326888801397e-01
4.352779251389594650e-01
8.419488477755849853e-01
7.910319414278849104e-01
8.871585816411891035e-01
9.437634281423417093e-01
7.568638632932882526e-01
9.156475876138324699e-01
-4.473777608387977112e-03
-1.510352966551250231e-01
4.718076913331138017e-03
8.665552978856652100e-01
9.058081656347678479e-01
9.081278505563755710e-01
5.254824385485220573e-01
8.139685462797523474e-01
5.308725718145087535e-01
8.916814162833593960e-01
9.123795950067139504e-01
4.503701472201090406e-01
7.715775869541113829e-01
9.229137691561590806e-01
-3.505012408964598425e-01
6.801401000434783573e-01
8.424177958587240056e-01
3.316238287223985948e-01
8.513217755498579953e-01
5.677577972198707412e-01
7.219513337401701758e-01
-2.010890953041194196e-01
8.672646924416766989e-01
8.259656354332192141e-01
6.150601804101427650e-01
5.705733417089047244e-01
1.180544792438737167e-01
4.311858449691813311e-01
5.843622448237878464e-01
4.489847544573615790e-01
7.023985615799119842e-01
7.098869159543087504e-01
8.912014676073454211e-01
1.402025096752780864e-01
5.870278577780723150e-01
8.240646189129225974e-01
8.108197781468414744e-01
5.167832852756015782e-01
8.173890436094233269e-01
8.642492908658917505e-01
7.607071739701172230e-01
1.175120814707569655e-01
7.827761986774059988e-01
8.971462526621803990e-01
9.093073985773896251e-01
8.241300129245873185e-01
8.824155599580212339e-01
7.769385724284332273e-01
8.093233589775932213e-01
1.166184433721842995e-01
-2.855892222209913678e-01
-2.068464024147954050e-01
8.549234755896196747e-01
7.914711185624645484e-01
3.974137849210289675e-01
8.312741234749930763e-01
7.018624788714666884e-01
7.529877357352448008e-01
6.026911588151412369e-01
1.017825819364034934e-03
8.648570856019859310e-01
-4.092794586263928114e-01
9.180610228128768258e-01
7.716031115747095104e-01
8.118294553637708244e-01
8.977335055820194754e-01
7.911534306135201700e-01
8.767963738132344975e-01
4.590762059396142902e-01
8.323165280203076444e-01
-5.244896956373410468e-01
8.554935966257370961e-01
4.594308426558961211e-01
8.894411457699882284e-01
8.437485446066710360e-01
9.298424556560556109e-01
-3.939015796947950010e-01
7.332434153359310147e-02
6.708525133057466894e-01
2.547675407332566921e-01
8.291565428928171499e-01
7.900011500869064118e-01
4.753960427916673059e-01
9.255078247988330897e-01
7.204740740270764165e-01
-4.524051222715970433e-02
5.039596037597463551e-01
1.953469235840979146e-01
7.796044903996386388e-01
4.695265455010771971e-01
5.302906845311334827e-01
7.837521823453724723e-01
6.684335277382627005e-01
1.463628952836675823e-01
7.312393345207285345e-01
2.412772049037084920e-01
7.617820739775481576e-01
8.206117529468781591e-01
5.314053764598900553e-01
7.422758961847382153e-01
7.146834016229941522e-01
9.851285531646478688e-01
6.800192402444810158e-04
-6.905902116823925407e-02
9.818985528293640019e-01
5.546544348875711572e-01
7.687817554844820211e-01
5.065306432212280940e-01
9.045605477707054920e-01
5.263523858310705794e-01
6.561342590025333044e-01
1.934482769374664402e-01
6.036118284665035194e-01
7.947684147925817566e-01
9.903923562697889427e-01
8.667938728917106150e-01
2.162065947912573949e-01
5.105374475753823860e-02
3.881468157968011035e-01
8.258424747218945372e-01
4.604741579957551956e-01
