9.139464684674241113e-01
8.922692397775604523e-01
8.869774966411742012e-01
7.499768536193409663e-01
8.682763660161085806e-01
4.282061876821277591e-02
2.728574845812211658e-01
3.520128635497802305e-01
8.582533300609902494e-01
9.043307968427537480e-01
8.445293146330759004e-01
8.760755656519858547e-01
8.921035296927311009e-01
-4.603226435883134293e-02
8.211720316999927549e-01
6.921409843367970494e-01
6.331518400144360292e-01
8.724044950644809227e-01
8.186520394275798029e-01
8.576218362971255171e-01
8.673564244861362571e-01
8.243312268317077862e-01
1.595259415929162206e-01
8.097349425039354065e-01
8.235267308874589798e-01
8.915510382081939245e-01
8.181554363091709803e-01
8.436367171332127546e-01
8.888420388247757487e-01
7.766549457251499256e-01
8.598279193863174186e-01
8.219035285694542559e-01
7.884167159475469200e-01
9.309528119552683556e-01
9.238534758235039668e-01
8.824766813741606875e-01
6.392221697814080006e-01
7.068230109608772960e-01
8.545344755655153168e-01
8.823859111835632429e-01
4.166942603261541977e-01
6.373563451564141502e-01
8.220617465393142975e-01
8.177403890861735247e-01
9.065085041340359417e-01
6.666240312916145161e-01
3.788453978818545620e-01
1.211826907108391471e-01
3.603307020839125463e-01
8.914916346581468476e-01
3.105247905537197317e-01
9.247893719252829881e-01
7.686876982961508009e-01
8.457767636171467096e-01
8.094080866933049956e-01
4.097944582383000744e-01
6.658617172769196735e-01
5.570107877602747948e-01
7.142011372758778620e-01
9.358196394687077202e-01
2.558611445626799430e-01
4.226557601651824703e-01
2.550262139973473730e-01
8.726109621815575368e-01
9.462787434181263446e-01
9.329604371326738477e-01
9.059865230161927574e-01
7.784138930188472250e-01
8.269892098509168399e-01
8.899530296176519917e-01
4.188526349987002906e-01
9.058633494157636301e-01
-1.763401765020102818e-01
8.416368974149572857e-01
2.510707310833287798e-01
8.709497819045559641e-01
8.341796559263905397e-01
5.038649774095202982e-01
8.683394755825930567e-01
7.691582239634994211e-01
9.293468882570374845e-01
8.635866042299000789e-01
7.247858834774923986e-01
8.649529793275927414e-01
8.634893411995269163e-01
8.909814829156248450e-01
-7.935601385199633762e-02
5.250674554317176224e-01
8.853068268258894591e-01
9.211965540056785695e-01
9.317222422511597379e-01
9.057709150161652456e-01
9.212329625499415808e-01
8.521953890479638805e-01
9.430858452256287716e-01
6.654920479609921502e-01
-8.069816006032441702e-02
8.517852352725453491e-01
5.707847665764768097e-01
7.859369049953242037e-01
8.091468829623813530e-01
3.922841900316093033e-01
9.222950090816171009e-01
3.289658766547150504e-01
3.683527751244901616e-01
8.546306177523737002e-01
8.504561200792462028e-01
9.324448559061888631e-01
8.659874755577867678e-01
9.011087136649320595e-01
8.830867184822230875e-01
7.562845144478598236e-01
9.205126928385622964e-01
6.991535680175148260e-01
4.170947690731460211e-01
5.175402640890828243e-01
9.245817781191426610e-01
8.922456926331722160e-01
8.818014015512126713e-01
8.673146621667393585e-01
8.436028452987561765e-01
7.096865113573785910e-01
9.137670865357109262e-01
8.759501987071518503e-01
7.647622159868044944e-01
8.897849503945406413e-01
4.092840644662750771e-01
9.021767076801912033e-01
6.930408248897856893e-01
8.625572788857130968e-01
2.047025124603221169e-01
8.291652955577499817e-01
4.984509001096716907e-01
6.239632485550731245e-01
7.854311738847719049e-01
5.821197837077056736e-01
8.920868892023714469e-01
7.441282054436373916e-02
4.800477603520288405e-01
9.153779276820215305e-01
8.813604306931485111e-01
1.297633394673894658e-01
7.556232478846633960e-01
9.150705706184788513e-01
9.055435890365883811e-01
8.799363102254720292e-01
5.912907085761326398e-01
9.058065143174711675e-01
5.758557919138551640e-02
7.754296585571609501e-01
6.997828296277998072e-01
1.532964781387111119e-01
2.927593928364582432e-01
9.041353419739917019e-01
8.615334909139886754e-01
1.924636979877959730e-01
8.977364802920611009e-01
9.400231744579458093e-01
8.947418395298213367e-01
8.306179479827191514e-01
4.007611167486607728e-01
8.727135730852485507e-01
9.523496916810734181e-01
7.610550060754945889e-01
8.153648971750526719e-01
8.914171032004821749e-01
2.079510098888784353e-01
7.583765050236497274e-01
5.367788459101654475e-01
8.721232985291214046e-01
4.363535305844349343e-01
8.491913065631493396e-01
8.914948171140295585e-01
9.449417011249225951e-01
9.207295767034981981e-01
4.669731136066824773e-01
3.025956331182040326e-01
9.284683617219098295e-01
7.943446470805308746e-01
8.889454303325636797e-01
6.862767144647268225e-01
8.613488410068643741e-01
5.354742477348197749e-01
8.171677801177794631e-01
9.203021113141786058e-01
1.404288085063756797e-02
8.936673030610364776e-01
8.883976119259611171e-01
9.101595014788035343e-01
9.018848182185807971e-01
8.259382463575573041e-01
8.815047184564934746e-01
1.012365475340544774e-01
9.126177879564705275e-01
6.921209950786828546e-01
3.447090865559960249e-01
9.330340126113669807e-01
9.123010057861318245e-01
8.471203579975635778e-01
8.187368385022916195e-01
3.089380325473328748e-02
8.936695934790035434e-01
8.588964735396591443e-01
1.976423732902616581e-01
9.028532878342987456e-01
9.451530499791001017e-01
9.460707371907124408e-01
8.815061361909317661e-01
9.122188407889113559e-01
-2.614818569474935961e-02
9.114534575016948192e-01
8.298699919540866166e-01
7.941949512525678934e-01
7.415930689178282798e-01
6.688459237377126776e-01
9.231168233290523162e-01
3.831842165849349002e-01
-1.681145557896934761e-02
9.019414601598378933e-01
9.065228006965582175e-01
9.293429967272329728e-01
8.295818466732878260e-01
9.081907634335228963e-01
8.648423681734942470e-01
8.262552292603915216e-01
8.098278168310588665e-01
8.843572451818375590e-01
8.562326303643206238e-01
6.517553725131234321e-01
5.314455536336665231e-03
3.549598955747185758e-01
8.541556151202049918e-01
7.657552471492357071e-01
3.189513910433522392e-02
7.241497627531637837e-01
3.796006058773770397e-01
7.405757365171758977e-01
2.542015770873901070e-02
8.844976446426955352e-01
8.145128246874533406e-01
9.117932683760667789e-01
1.627097304777858078e-01
6.470063400642702689e-01
2.890285227651379074e-02
8.796990915304572223e-01
9.575220667173234279e-01
9.171481217346637571e-01
6.726626728759677043e-01
9.204376320915176324e-01
8.970666366864830099e-01
8.726807808299410496e-01
8.333963220652527149e-01
9.015766425178532995e-01
9.276883100085862033e-01
9.380043441494647638e-01
6.449371488189246104e-01
6.219887556706424903e-01
9.209697211634615410e-01
8.446428385586155496e-01
8.782196737697317568e-01
8.968832206103756199e-01
9.164439242385935547e-01
5.691979490158749488e-01
7.327306121451397924e-01
8.932941840098068687e-01
8.400192780678759075e-01
9.474637999063553195e-01
8.403981254456767136e-01
8.927541465814474719e-01
9.035987163184623361e-01
5.697150810252127329e-01
8.495628195940551075e-01
8.961104560790127405e-01
5.875276193770758715e-01
9.331009355945232286e-01
9.288711322471865373e-01
5.657127318993184772e-01
2.828863450098679233e-01
8.605978026769898204e-01
8.797151766475655998e-01
5.375707135365419553e-01
9.422228140489345982e-01
7.051033940023956337e-01
7.931405009794425531e-01
8.345750877290230019e-01
9.653465167608996644e-01
9.018044084195533383e-01
8.869728838927570802e-01
7.006199508502989337e-01
9.032247898933711827e-01
9.007151888516722327e-01
8.678686698320277060e-01
9.388260737115406984e-01
9.382119340685324271e-01
4.564634796029571340e-01
9.051238696332006839e-01
8.013004692874200474e-01
8.407907872860069798e-01
3.458771167710277816e-01
8.967430214627608587e-01
