9.241477507750037734e-01
8.653070420830433207e-01
8.839755924657171082e-01
8.445371670855781332e-01
6.225667340717510045e-01
9.226299742107314517e-01
9.160050440564486696e-01
8.173391252693629205e-01
8.979782394793316413e-01
9.803307101487519493e-01
9.182024003171365134e-01
9.329606521116065032e-01
9.523951147922042892e-01
8.886969514144327231e-01
8.608488326965165749e-01
9.596619856798601633e-01
9.011138962505822469e-01
8.478190600526307463e-01
8.924328670071401959e-01
8.579903321992241594e-01
5.138775737146067391e-01
8.595014183384095396e-01
8.465693581814597302e-01
9.378693500365495872e-01
9.121402130754705517e-01
9.157005369066926193e-01
9.424678443729879174e-01
5.822050847641642157e-01
8.715398705470109864e-01
5.894056581349713664e-01
9.722132550361939352e-01
4.921152659334492863e-01
4.512625023597388041e-01
5.349130327184691280e-01
9.588276798763525344e-01
8.605052251573126476e-01
8.995023356998399500e-01
6.872221124150332816e-01
9.665314867130258003e-01
8.490858666096399165e-01
8.024419532039747116e-01
8.762847581480427417e-01
9.106776652727065491e-01
8.177988115387593293e-01
8.325098162089821230e-01
4.222095363815715485e-01
8.525844555467250174e-01
6.559555033074921937e-01
8.642433467616653653e-01
9.616739922438092281e-01
7.738343844705593000e-01
8.957542299699837729e-01
6.479413783887428835e-01
4.958530206675776375e-01
5.505380144327862713e-01
7.754768769660443928e-01
5.563570453599318011e-01
9.355596997371276036e-01
8.861164615303942504e-01
8.710428872716267090e-01
9.439187576775207589e-01
9.274769280200341193e-01
3.930635416606311772e-01
7.989718548195214876e-01
8.172356067487186460e-01
6.660278209265400040e-01
9.452620290555358018e-01
9.546922141528897399e-01
9.165061576642878904e-01
8.821757462836299357e-01
9.771870548586358840e-01
9.622622841693072582e-01
4.891750062538605670e-01
9.755324415688897410e-01
4.234451001820270788e-01
9.509729245413203191e-01
9.151407705363654443e-01
9.287574680497538981e-01
8.570738065224536850e-01
9.258679055343007613e-01
8.944367756105264800e-01
9.132859619782407457e-01
6.393990710392527532e-01
9.629561887829223288e-01
7.535164469204922444e-01
9.708679351721063444e-01
8.355909419373186431e-01
5.191706925629312463e-01
8.944746930403247864e-01
8.810952953973136825e-01
9.275882142381450812e-01
8.617154095741312858e-01
9.822376547248921064e-01
8.560722567945875383e-01
4.724832170848682344e-01
6.394295624382504428e-01
9.090176583114037978e-01
9.259542768750435027e-01
9.058886402376337132e-01
4.928471149873349666e-01
9.103922829672184136e-01
9.292013857434762159e-01
6.720481427908426841e-01
4.764041255889333026e-01
8.695100482820479204e-01
8.887250423973154234e-01
7.822566340457743905e-01
9.573663119726583126e-01
8.467283924878649115e-01
6.866375809195131019e-01
5.740950720708095645e-01
9.676933113298757938e-01
8.873401530492159850e-01
9.282804277997191988e-01
3.636503247900124691e-01
9.236697823134061291e-01
8.779050297942652126e-01
5.314988530390094557e-01
4.589704708573502101e-01
7.987511243704936703e-01
7.606437513446008269e-01
8.501021544687660247e-01
7.488219064990320195e-01
5.804283961618568188e-01
9.602192547875432194e-01
8.307306613401406192e-01
9.682146800276660858e-01
9.772892611400786356e-01
5.164806108350287195e-01
9.313571987023487875e-01
9.424145402650134784e-01
9.567590603020077467e-01
8.837504185074159802e-01
8.070704201233802610e-01
4.679181495608277230e-01
9.467819534990504771e-01
4.920705153518831754e-01
9.024911069085694848e-01
9.460796769036596832e-01
6.637932832838695507e-01
9.172802866881331063e-01
4.877614520638555717e-01
5.017322696235990698e-01
9.321385891436115845e-01
9.728493692370177026e-01
8.496939903593405674e-01
9.636367653929760468e-01
9.383915105610398655e-01
9.339728326061155217e-01
8.873883809979292714e-01
9.685263303549841440e-01
9.458753060860100037e-01
9.712800392598037735e-01
9.774865790468092452e-01
8.719423705655056089e-01
9.794466570731095167e-01
9.551757009852259728e-01
8.834160941711119985e-01
5.347001490647468325e-01
9.540706647454659795e-01
4.638947903742697276e-01
8.282498662748003504e-01
6.422896084943843231e-01
9.413020057607430768e-01
7.348352123498484989e-01
9.141562153348523623e-01
8.812419856919168071e-01
9.067540240326350531e-01
9.115765953114189912e-01
9.797220927494163512e-01
4.554649693169894320e-01
8.246935211094246210e-01
8.182243286326777998e-01
8.480283011846450059e-01
9.532876149144776656e-01
8.860170773580757775e-01
9.065215890823281608e-01
9.214575915189655575e-01
8.843900562229423112e-01
7.949537370543990900e-01
5.829127832134719522e-01
9.125218402300534493e-01
9.515905744856669735e-01
4.763603543671748319e-01
4.676841720861298901e-01
9.436421392822014198e-01
9.258349723993967162e-01
8.812294460773861804e-01
9.161610208362158669e-01
5.088175942147430408e-01
9.494447545886179896e-01
7.674242551553266400e-01
9.013280637192389033e-01
5.454182403707822369e-01
9.638995492942221688e-01
9.192700819845327498e-01
9.263347285027233591e-01
9.793763008855302932e-01
8.051342870280938646e-01
9.191792374742769889e-01
9.191602007351680204e-01
8.378361317151479248e-01
5.972163972969954937e-01
9.166320943235732877e-01
7.501930090260597872e-01
8.811459003930099954e-01
9.466591801704273834e-01
9.293522588104786708e-01
8.359686769028251696e-01
5.914373251076083804e-01
9.520663992039258838e-01
8.608172256038484349e-01
8.804147732121786474e-01
8.576081429436226422e-01
8.450580201598356656e-01
7.254502581423374341e-01
6.208586829371138816e-01
8.893002428450327290e-01
8.184505022427706056e-01
8.340563303193142541e-01
9.544405624398391019e-01
8.619854915589086897e-01
9.547197027065366104e-01
9.439886622180642117e-01
7.801386807769223886e-01
9.171173197041329050e-01
9.470350833731567830e-01
5.601404004883261400e-01
8.788269496285927573e-01
7.341601852323027533e-01
9.110290047555392734e-01
9.013278011383314414e-01
9.266160030214427579e-01
8.360043565464065907e-01
8.135159416753741102e-01
9.165897428102693922e-01
4.807174710666842210e-01
8.732516531170095853e-01
4.076239490143928057e-01
9.342349059298905578e-01
4.664350828613297861e-01
8.972483023172959093e-01
9.238152873289944278e-01
9.247156522421176028e-01
9.186864528591873746e-01
9.117406058686792214e-01
4.512865786162051362e-01
9.495341601853946045e-01
8.552244472819747756e-01
4.839569767912618170e-01
9.583929134481822265e-01
8.940834212968560291e-01
9.634471418558838707e-01
9.111365314300786666e-01
8.941270582775957543e-01
4.405955750810681693e-01
9.430042362359869479e-01
9.497973669931206731e-01
9.564518822557658284e-01
9.545813117905959100e-01
9.049407379963727571e-01
5.009546752469774544e-01
9.818424017705459361e-01
8.463519709374753841e-01
9.144785939177353384e-01
9.370358601554671374e-01
8.308029705127972786e-01
8.589302948287562689e-01
9.162368823247535321e-01
9.645994039218560578e-01
6.770887749280454226e-01
9.160545124500922842e-01
9.258732332830195144e-01
8.898420279383665310e-01
4.399354090845445375e-01
5.623376235363990450e-01
4.529931902575620173e-01
8.585843733972431391e-01
9.404487037991597909e-01
8.421634199028606993e-01
9.406732008288587465e-01
9.527461801092176330e-01
9.522572380660978553e-01
