9.538756320949852430e-03
-3.614910647307546104e-02
2.291088419028266543e-01
7.544515488991958563e-01
8.665204834578444926e-01
8.438914938368851093e-01
1.513745786001286509e-01
3.737150190174970410e-02
8.963848720388309932e-01
9.337920647447122136e-01
2.599515609096167967e-01
9.264379171010502789e-01
9.339666851747895349e-01
3.645893374408065712e-01
8.606503610374778290e-01
-5.377089549830187387e-01
2.409850826671403740e-02
-8.963130723379385267e-02
9.397402553718705587e-01
9.294142391232409484e-01
7.801720462588270788e-01
1.824766213799899339e-01
3.068734094841732429e-02
6.316764709578451265e-02
-4.291731766772535206e-01
-3.283689631934913478e-01
-1.582274004298458714e-01
1.378294397023531112e-02
9.186220588188370728e-01
2.985920836294262415e-01
2.613244387314194173e-01
9.466245478233492605e-01
-2.542026414785263366e-01
1.060681986325572312e-01
-3.412214607276064515e-01
8.481495189568422077e-01
9.624232111937531808e-01
-2.691342101655511132e-01
-2.827334021940164366e-01
-2.254374651120277795e-01
9.646551335702598928e-01
9.566201744778431992e-01
8.433729783431560545e-01
7.999285318571868197e-01
-3.139662069094255603e-01
-1.979155966459651694e-01
9.420166680548321958e-01
-5.078609458429499401e-01
8.522464279129107201e-01
-4.547534414746856601e-01
9.342585314945290875e-01
3.332648433964796597e-01
3.219170075109299978e-01
-3.287428674676917129e-01
1.152265235817435118e-01
-3.431243008073307788e-02
8.665676616245357455e-03
-3.909441589436077891e-01
1.097038649317370607e-01
-2.024350827755511950e-01
-3.856090287733168198e-01
2.422419222330152722e-01
9.510387601185619211e-01
-3.305265716364308992e-01
1.765934625486830778e-01
9.364447698048392610e-01
1.545656126367336847e-01
9.170383836022359958e-01
-1.065325640200963375e-01
9.015404678688891948e-01
8.848770810273889342e-01
9.329715281450674524e-01
9.265108048556408571e-01
9.339859345156678039e-01
9.262218755805029513e-01
9.049996271139282289e-01
-4.793280552327811722e-02
1.250413622422647530e-01
3.846120422420095109e-01
2.114182324993923168e-01
9.472648851447909024e-01
2.406777796355863697e-01
3.282564118381371410e-01
7.993305171072908610e-01
9.568912226637098506e-01
1.697415912209817024e-01
3.915031571017725809e-01
3.301647663047603820e-01
9.819896709992271822e-01
-1.572575883842941002e-01
9.560828913360801540e-01
8.050108511011616619e-01
8.448407838595515251e-01
-4.409814194464401621e-02
-1.059653943410400617e-01
8.757160229460094758e-01
-3.304233057736064572e-01
9.218789197980683525e-01
1.639118027966013913e-01
3.592646452014210956e-01
9.079503957685377546e-01
1.966425841964136167e-01
1.162453014544951313e-01
-5.698882367836973772e-01
9.642620652960893768e-01
-2.616414685354474523e-01
6.313420358635146723e-02
-2.948137002453296573e-01
8.175264192247715389e-01
8.631826438955707559e-01
-4.190643413836979692e-01
8.674270727246499169e-01
8.341270881278136651e-01
9.197098789230198079e-01
9.015096161914881723e-01
9.444586721514959260e-01
-3.501036914376538522e-01
7.336445919284690920e-01
-5.567748298200184687e-01
1.358963973047434548e-01
8.328944710492125481e-01
6.637526535121338056e-02
9.646644260923256109e-01
9.503737322291462286e-01
8.790887852007935876e-01
9.734515333786273317e-01
8.676009169126803755e-01
8.591106359480784604e-01
-2.260319872946782160e-01
2.366072845082519971e-01
9.068649018309974386e-01
1.311260295342686066e-01
8.506354511619123038e-01
9.069245397680205656e-01
-1.881363082097966266e-01
7.021338969673238672e-01
8.457932582031648661e-01
1.534566751409664198e-01
-1.892791803413773899e-01
8.380782280490088887e-01
8.629955211576092466e-01
1.192819607345889515e-01
-4.608651117335407776e-01
6.778140854979547436e-02
8.928860345243867513e-01
-2.942574177024003257e-01
4.279575201314463895e-01
9.547978573027374738e-01
3.842681582135681895e-01
-4.700247865983679940e-01
9.676639602606628143e-01
7.647870675684094177e-01
8.797969340656599524e-01
1.211833074293143797e-01
-3.698523906347694901e-01
-3.502069560875283316e-01
4.339862749286187427e-01
2.129228388101739311e-01
-1.956368217527152953e-01
8.848786394929315513e-01
8.815116038506294327e-01
-4.959985118576730745e-01
-3.002046683699480800e-01
8.674210673913484992e-01
-1.331843325899779440e-01
4.312834212261083822e-02
-4.615380060140892304e-01
-4.761881911490484925e-02
-3.049515834446230311e-01
7.869542117936350056e-01
2.620752018851332243e-01
-9.955560263550723710e-02
-3.588064569207551346e-01
-3.770132543553270099e-02
2.533615642239417376e-01
9.127565011832465824e-01
2.688475424116773538e-01
-5.136308421690387593e-01
-2.953539805323066036e-01
1.378542411500155961e-02
8.969286019961388856e-01
6.529747894788391349e-01
2.221714698425411583e-02
9.315567310978060123e-01
2.204314613649326349e-01
-4.294686816571076093e-01
7.541054023277926621e-01
9.477402277116960816e-01
-2.356408075885429720e-01
9.082554240926411504e-01
8.879080326396009415e-01
8.990624815131533776e-01
3.437079681031578460e-01
3.850520044728427127e-01
8.299230320278676576e-01
7.577204436039706170e-01
-7.871044226341324113e-02
1.463299131735331104e-01
8.207782314472085172e-01
9.485268992205714289e-01
8.847216909727755318e-01
8.787447697134261881e-01
8.589200336598755703e-01
8.527396822240479457e-01
-2.736820107119195544e-01
8.565264591902825853e-01
9.438211967425729210e-01
8.894059478108219396e-01
2.133562037857508198e-01
-3.349905044418546862e-02
9.382522305379104033e-01
9.143006507256683513e-01
-4.228134068882865026e-01
-5.166789985995829948e-01
-8.394848332304338800e-02
2.737844291857233214e-01
8.895232980706404557e-01
-4.515882199274267594e-01
2.708593617312731183e-01
4.739933020660624247e-02
8.253239261924689707e-01
1.500012099156013690e-01
2.739569356926686572e-01
-4.479513032815640727e-01
3.341481382220419238e-01
9.470794489715559372e-01
9.004371630403651405e-01
2.169337938135112998e-01
9.294421247960602539e-01
-4.057543840612045649e-01
3.374320905382678371e-01
2.022968394853389903e-02
-3.936815688701535976e-01
9.390916889287179714e-01
9.647945372601753888e-01
-5.300921704366718945e-01
5.356161098738931869e-01
-1.385504938310854750e-01
-2.768838033397064829e-02
9.233382642432316212e-01
9.417099960685104687e-01
-2.128817909858674029e-01
8.678798267196634608e-01
7.740618315380259906e-01
8.890438375841965835e-01
-8.020039345745909320e-02
9.149306275814059752e-01
1.605131400038637968e-01
1.061800752260473185e-01
-3.095774209182273751e-01
-4.687177699175879564e-01
1.666928332774601507e-01
