9.355111147950622152e-01
8.581739537603553236e-01
8.759451190976110802e-01
9.430847532917847609e-01
8.667192506109551164e-01
5.313646466986965411e-01
9.729009824983732013e-01
6.964312538341701497e-01
8.726137364739879887e-01
7.261509095784597356e-01
9.155868065036412151e-01
8.542961856548442201e-01
9.166688771695732374e-01
7.307599902232071454e-01
5.604186986499942735e-01
9.711433076059803327e-01
9.761015937691723821e-01
7.594971030147608104e-01
8.536920800919181040e-01
5.172664865607501383e-01
8.301693484185760363e-01
9.500423730654226073e-01
7.385894522788175598e-01
6.967871000806007409e-01
7.350359468936586982e-01
9.474154385183524152e-01
8.948821090982315152e-01
7.785002708331240084e-01
8.702744047241088854e-01
6.939594830924348257e-01
9.111099898266746822e-01
7.506673052696285486e-01
9.296196939522933800e-01
7.506667447968016216e-01
8.705397832492574040e-01
8.017576823802888830e-01
8.673005361839948302e-01
7.060359677939991307e-01
6.741768840152938536e-01
5.808425264008116873e-01
7.333118563700697923e-01
8.242529810079983754e-01
9.194824015030882425e-01
9.306302494478706500e-01
8.839747274718474657e-01
8.695726013809312871e-01
8.439277653101734389e-01
9.660972740667357339e-01
9.385783554013433783e-01
8.789865028707235517e-01
7.903677347344836290e-01
8.520527169684701807e-01
8.553026645159091945e-01
7.663576758202019779e-01
9.321876872232638389e-01
9.241989518606447129e-01
7.394492055594263924e-01
9.724842756073883709e-01
7.680400270775804561e-01
7.980293353520828692e-01
6.513155857876782306e-01
9.290260212954042363e-01
8.154170859073827105e-01
9.512363454150649655e-01
9.410397031945572088e-01
8.976104779103331044e-01
9.384246571471170917e-01
6.412866388804744355e-01
9.053095661073533584e-01
7.363885374216652124e-01
9.606882833350572914e-01
7.396052447354222181e-01
7.893301952299526247e-01
8.961890186230423438e-01
8.393160057861186463e-01
8.554211818714363424e-01
8.864526067973517165e-01
9.601698227228241400e-01
9.622931539832589865e-01
7.281682847740292841e-01
9.554100927184028258e-01
9.431803647301429949e-01
7.334955340590066930e-01
8.595734828893826229e-01
8.552830585156615539e-01
6.192980700971054686e-01
9.691785976492972576e-01
9.532155946257419021e-01
7.852525437563052657e-01
7.758593132449344010e-01
7.399755545266988310e-01
9.202709932874684196e-01
8.382166919498243995e-01
9.579023983711343337e-01
9.304435015301141254e-01
8.182829525827561845e-01
7.277897295048545434e-01
7.952158454955021716e-01
8.789893158833326225e-01
8.663438122896943705e-01
8.454686598474164816e-01
5.331679731660385890e-01
7.909967377571704983e-01
8.884724509103401058e-01
8.205178570353524048e-01
7.317219206850179569e-01
8.365982774372697772e-01
9.036443574854000627e-01
7.739579672478322792e-01
8.488084987819635163e-01
9.276277816148134070e-01
8.266057907090960111e-01
6.193209270253509091e-01
8.691576164531762405e-01
7.294278012555553969e-01
8.503665800416331244e-01
9.035495331186857992e-01
8.621895006684148210e-01
8.469343690058873664e-01
7.039493760476003281e-01
8.291948019256230040e-01
6.815568623943202287e-01
8.115001052370871548e-01
9.686062295884889650e-01
9.029408444225266450e-01
7.338085012229340620e-01
9.373468781308271769e-01
8.481792745912835052e-01
7.034986507365914576e-01
9.497364134505065225e-01
8.449988714580672911e-01
7.363172569769276254e-01
7.562267413201695376e-01
9.548466450636192704e-01
8.027876633579346111e-01
7.513817925017667321e-01
9.433898622036474002e-01
6.972548599556194215e-01
9.453887875616584502e-01
8.531466844777696457e-01
9.491716722625171965e-01
8.698909621075360254e-01
9.274189449518636108e-01
9.136302206946926852e-01
9.493179850359519945e-01
7.329916346686072837e-01
8.751790146266099635e-01
7.594837009945158979e-01
9.313937169540116301e-01
9.282951795870222345e-01
6.882528800455290918e-01
9.792983580044291037e-01
9.536849763456287654e-01
6.974511578910566056e-01
8.699733809525229677e-01
8.761124433587729188e-01
8.193186189915817597e-01
9.171205756986837709e-01
9.222206273939348442e-01
7.759137686555486191e-01
7.766221383807804246e-01
7.092101884630503950e-01
9.356039992897885460e-01
7.244973052950147707e-01
9.654437722330878602e-01
9.478359364751665073e-01
8.233039948725122681e-01
6.627915699063433586e-01
8.362888933523169310e-01
8.264977067047977188e-01
5.786751898903267355e-01
7.913514913047008381e-01
9.518379587996412816e-01
8.309662161323932983e-01
8.048203037385610603e-01
7.720515435950580097e-01
9.326028865400142198e-01
9.376184081536149684e-01
6.100933011139941797e-01
9.461540410657195421e-01
9.346612196087884517e-01
7.044119230386283181e-01
6.794402784203221746e-01
8.302202167084410389e-01
9.411313004905550450e-01
8.396713728798212983e-01
9.324471926341526551e-01
8.119916316865763983e-01
7.648421960772926465e-01
9.378747708679064932e-01
8.969165920639663447e-01
8.731906422523931788e-01
7.858890253201606946e-01
8.767466842552544826e-01
9.370300083577544070e-01
7.777302292495296143e-01
9.519310368346411977e-01
7.319785074136699876e-01
9.117270165060841203e-01
7.429076109620867951e-01
7.638101323793086150e-01
7.362798634580349777e-01
7.939039267736915928e-01
8.534864611309058713e-01
9.213221207303019522e-01
8.157322151877226535e-01
9.791329357723292937e-01
9.367953064434737520e-01
7.916706704563302166e-01
7.273519932946939104e-01
7.453548707955841568e-01
8.993279047247615399e-01
9.679745591853257114e-01
8.357051822797056939e-01
7.214346204344188607e-01
9.666601607939505625e-01
7.474067346833753733e-01
7.776048217698416920e-01
9.646794127823890008e-01
9.407915776952253673e-01
8.551267381387341882e-01
8.035972683497842883e-01
8.263350480136442133e-01
8.504166423033661104e-01
8.726346446264834356e-01
8.263481488207656822e-01
8.072490531344265197e-01
9.147473147183456943e-01
7.303460864345802106e-01
9.807632374628385552e-01
8.241455839543124773e-01
9.253997881947609860e-01
9.464564725649450283e-01
7.623072117582069263e-01
7.536930663778459438e-01
6.581732882426982734e-01
6.712339747270371637e-01
9.498622251368136205e-01
7.728342336891678155e-01
9.596510455205137236e-01
9.054610917791872104e-01
9.394879011624501786e-01
9.594370684249160508e-01
8.019139104056789424e-01
9.401627607385873997e-01
9.002751955224903568e-01
9.109438496769493021e-01
9.526312523096465146e-01
7.763400486132475686e-01
9.439298397556599163e-01
9.619423539316180882e-01
8.816939081133383649e-01
6.866189546210235140e-01
9.519024516463707730e-01
9.169252050148720690e-01
8.397882832446748047e-01
8.381083582996291526e-01
7.009963918350593515e-01
6.436815822010875099e-01
9.282904229764017412e-01
9.763958184421785980e-01
8.839240621109654139e-01
7.141144608405359806e-01
7.537091051187818636e-01
6.027794628570180002e-01
8.597642026074674426e-01
9.190296069222987363e-01
7.319650270616384624e-01
9.265072833502379090e-01
9.103530739502317948e-01
8.742234104851774878e-01
6.751174880620631757e-01
9.228251693459489369e-01
6.701321918394990140e-01
8.587473872491564464e-01
6.768450839308903788e-01
8.467818010057883704e-01
9.202879927555598361e-01
9.115040875385107544e-01
8.276769565047440436e-01
9.444411022154133306e-01
8.849359233274082248e-01
9.265736922011420518e-01
9.400738780984494447e-01
6.644300000812126683e-01
9.344015395095338627e-01
