1.006903315491267381e-01
8.334607622362620871e-01
8.655322680393604529e-01
7.341150246877214958e-01
8.508286679516496864e-01
1.169959179002980423e-02
-7.749103649451888343e-03
4.796374406909101329e-02
-5.167026173766806063e-02
8.546161911884773144e-01
7.538129220025810429e-02
8.368288477449208340e-01
4.271749180725709083e-02
-4.054273918710784574e-01
8.107398482869838663e-01
8.270891572867774544e-01
-8.587445449880051762e-02
-1.546597812412352224e-02
7.664413093385020748e-01
-1.940493947233085104e-02
-4.991302257546680055e-02
8.124573719218111112e-01
-3.025988724845608824e-02
-7.084694046749848151e-02
-4.965196817893670345e-02
-1.967684912755682525e-01
7.868859921111791556e-01
-4.266869114333416424e-01
8.763390547447237333e-01
-6.036862353344948223e-02
-4.853353623623207075e-02
2.533562870596320349e-02
3.902913759202870925e-02
-4.332779493219557354e-03
8.270829762805301799e-01
3.721554581216006408e-02
7.798859774823165836e-01
-3.280095946434457566e-01
-2.968903895697141970e-01
8.721898350297653257e-01
-1.590374609764463876e-02
-2.211432005450059690e-01
1.499186319159935832e-01
-2.631125759646400081e-02
8.439598657990059483e-01
8.490217429762803025e-01
1.032496005570389258e-01
8.080898947788436315e-01
6.442608766796158182e-02
8.432413529622371229e-01
-3.711195407260904633e-02
-1.071340813548296161e-01
8.430600817743064690e-01
-2.737553330122171613e-01
1.061940110399677145e-01
8.441552331230228745e-01
7.374908353834587205e-01
8.727428347837151712e-01
8.367522163427857373e-01
7.896030494203467587e-01
8.494528041593932821e-01
8.728945065867387276e-01
8.307930175831197417e-01
6.169876479151787940e-01
9.013295176024579414e-01
3.554541544675454690e-02
8.295771125934006118e-01
8.179080029563035037e-01
9.262425049083928830e-01
8.154359196087362927e-01
3.868302309663680660e-03
-3.347034340142843734e-01
-5.981216419173206872e-02
3.543481325337197868e-02
8.586237015756951196e-01
3.923752886572820509e-02
7.808407085199338127e-01
7.150242041018944894e-02
1.844793655522987130e-01
8.518956103042590877e-01
7.780879754153680050e-01
1.994742217418573466e-02
1.387807362824203250e-01
5.604302249357114712e-02
5.025920911158215931e-02
8.213661732300888696e-01
8.557720513737008261e-01
8.469374357277279497e-01
8.913831328552466182e-01
8.046042116910550046e-01
-5.244893652271764850e-03
8.748760144883499512e-01
7.464138220678524505e-01
-5.423691046233162227e-01
8.735314666104029291e-01
8.659359965329453956e-01
-2.652645474576603019e-02
-4.076250806777774460e-02
-6.066698708726288303e-02
8.469204683798245981e-01
-3.364327389965542925e-01
7.910611023847916590e-01
1.140603973870646382e-01
8.010815053861339852e-01
6.210738613828975518e-02
8.487694511436945088e-01
-8.918284616238711382e-02
-3.853291430370830994e-03
7.866262637292431581e-02
1.339844854247198014e-01
-2.375543546227933123e-02
8.329013837696315203e-01
-1.768640213360485325e-02
8.346561938541920966e-01
8.729332321174434473e-01
9.626391640613213285e-04
8.249713443860807738e-01
-1.914207466829484852e-02
-3.206805822602922657e-02
8.195091487020971233e-01
2.555691159423920666e-01
8.563200254943336143e-01
4.268656888605756178e-02
8.206132590598186338e-01
3.531005548129026450e-02
8.402094901901874247e-01
9.753123130746051139e-02
9.973082709456204675e-02
-1.334720628314345348e-02
-2.459983056128735995e-02
1.142187584962059410e-02
-8.240473732769396098e-02
-5.664328103978429757e-02
8.126655612846863663e-01
8.108119952336012570e-01
8.905803695057138425e-01
-6.606265346129752691e-02
8.697828826134338387e-01
7.603093292390241675e-01
-7.939823001058463059e-02
8.201579511935896960e-01
4.793020476843379285e-02
8.073842895633330796e-01
8.137984118568242220e-01
2.335873229858438094e-01
-7.587554288199750696e-02
8.335870750824205810e-01
-8.567907491896828431e-03
-3.980757304389453965e-02
8.880080985824254647e-01
8.330560064203410553e-01
-4.084834829204103679e-03
8.973745022099290924e-01
4.244308676721136181e-02
8.450354540924067681e-01
-4.432149519176694502e-02
-8.129282246878047347e-02
9.137560138792912845e-01
7.818584368417149655e-01
7.490171765463315978e-01
9.537091201755329983e-01
-1.666778768693317758e-01
7.942695368374758091e-01
2.284383407983276992e-01
-3.757904040335395823e-01
-2.013574107194178453e-02
-4.381146436635924291e-01
1.410966310616570962e-02
8.857771862006531549e-01
-2.342231862569110756e-02
2.346415053586655974e-01
-5.443996812746036695e-02
-3.480875471029040713e-02
-1.520321405309555951e-01
-7.222719838597251030e-02
-1.250672615158814338e-01
8.540426052021908854e-01
7.348064675855128236e-01
7.666651953102068262e-01
1.944257089858246190e-01
8.464474760469312131e-02
9.096078597080159422e-01
8.291329622205312333e-01
-1.052550410448119811e-01
-5.064259794443188856e-01
4.082633574557653633e-02
2.233458881787968309e-02
2.118696261462497954e-02
8.166549733354795393e-01
6.543520918084994031e-02
3.509100971767391275e-02
4.479851490392199043e-02
-4.828355499313120858e-02
7.843041344523415948e-01
6.360725358768209992e-01
8.166421997991898385e-01
-6.877370497213254608e-02
-7.105006866864158055e-02
8.524871698012674859e-01
5.311910896019639283e-02
8.719440062384018475e-01
2.343808788327469972e-02
1.348323279483817916e-01
-4.638261949429109410e-01
8.511513533174192014e-01
8.670377648172844509e-01
-4.756211379347364265e-01
8.903152385510334499e-01
-1.048234847755430410e-02
-4.652785226296928672e-02
9.016020059594810621e-02
8.336912527351448832e-01
1.354391830519074691e-01
1.229370528999616935e-01
-6.893838648343263154e-02
8.732855178217469039e-01
-1.569703100234598470e-02
8.074103479672718464e-01
-4.197553152615482452e-02
2.589864652061910077e-02
2.986996449317524255e-02
8.389989815032703468e-01
-5.330034260404328261e-01
-4.910298733114429326e-01
-2.850376977543109258e-02
7.417028867207120513e-02
7.050395037533324638e-02
8.596236336368447972e-01
4.167988422370258461e-02
8.146484759765191264e-01
8.661938630710441789e-01
-2.590894231351097143e-02
8.557356089652299325e-01
-2.774811326383186394e-02
-1.556879790021711840e-02
8.599524640926401453e-01
8.672787027066137799e-01
-1.041031770388270161e-01
7.974872240972771253e-01
1.095867441443668794e-01
-3.678667983000136199e-03
8.770088523091628119e-01
8.839024391158716298e-01
6.978123701123133127e-02
-7.988586578558820595e-02
3.907758489148466241e-02
-1.235047896814137208e-01
6.468085785437877044e-02
-3.927716467129012679e-01
7.425731670025028652e-01
8.369376849799903262e-01
8.274552168412876441e-01
-8.882186271195825766e-02
-5.558259500301773737e-02
8.408439363927219246e-01
-1.071892418072726560e-01
2.135364704711388562e-02
8.311641651545280673e-01
8.486547076203179163e-01
-1.397633898695198329e-02
-3.711335459941127179e-02
8.233707830266883132e-01
7.504131621583823297e-04
-4.510559624586665817e-02
7.328815328731333456e-02
-2.701452271986112125e-02
-2.410766697414176707e-03
-3.515897800031632658e-01
1.353174051471757733e-01
-6.133140649260099275e-02
8.249415950048610835e-01
-3.701283307062765981e-01
-5.044967263667853030e-02
3.668342542148070318e-02
5.949610597080715602e-01
-6.625880845609508074e-02
8.081272047498331279e-01
8.689253935814102991e-01
9.244094162921159263e-01
8.438661186328214603e-01
9.308123834580013245e-01
1.508773625740984226e-01
-4.175231638977758286e-02
7.773327983647858597e-01
8.037535060693988820e-01
8.547417179587269986e-01
-1.781248218383907345e-03
9.222525961460883992e-02
8.219046350044522109e-01
-2.107302800197334569e-02
1.394874200390122665e-02
9.310555308112083983e-01
