9.330193711400679435e-01
9.481535340284539259e-01
8.988816433084182433e-01
8.253526593395803523e-01
9.459484398916293557e-01
7.757168798262441545e-01
6.221348582651956560e-01
9.353305094588392210e-01
7.080694550374275753e-01
4.633873797115635185e-01
7.202723751885703463e-01
9.413371166715353011e-01
7.459875988850193096e-01
9.692718413796692634e-01
9.448469579480325287e-01
5.339805172989802173e-01
8.852591732964634197e-01
7.977952386500856141e-01
7.551249217948253767e-01
7.197948031795462498e-01
9.001668425637656679e-01
5.305015817249113530e-01
9.707954629197260710e-01
9.732183873694015830e-01
9.721897931594484232e-01
6.661279801795143563e-01
9.465766390550038878e-01
6.408060722639876694e-01
6.770663693496346003e-01
9.466200590540507775e-01
9.519662645231345977e-01
9.451588701751747479e-01
8.849949653262672022e-01
8.915203975897405542e-01
6.327759880107376445e-01
9.689851223999238483e-01
7.539395265397261792e-01
6.047751248193646845e-01
6.587818639430539358e-01
9.115071780015546743e-01
7.209823130873143082e-01
9.323483624192228092e-01
5.403353861605906250e-01
7.088982439294428950e-01
9.284134358045342816e-01
7.516065489595171734e-01
9.744170933847295935e-01
8.989981763824592687e-01
7.784752887853794157e-01
9.115573602860702618e-01
9.246187673086305736e-01
6.744418520013950591e-01
9.115197489553131804e-01
8.677044658762960161e-01
6.421037543369956246e-01
9.684772104143659632e-01
6.206096629337920501e-01
9.318433283675031653e-01
9.009070672166454852e-01
6.078231615503438823e-01
8.609099942086948509e-01
8.788700635500805713e-01
8.284188904230378458e-01
9.634226981415627833e-01
8.663642994392004582e-01
8.856263269350184153e-01
9.633510004937102522e-01
6.765262353069840806e-01
9.151215767632927545e-01
9.376358696203704879e-01
9.590762926543494604e-01
7.439436987097444165e-01
9.339340991799234271e-01
9.695743506621863350e-01
9.265466275667639806e-01
8.395332693329637941e-01
8.130144570792449121e-01
8.489408475171060786e-01
9.455218306724655353e-01
7.235591932903576717e-01
9.659454586557582045e-01
8.622832569794585122e-01
5.950206222639865539e-01
9.574601092799843727e-01
9.609873511077745567e-01
8.079440403980945318e-01
7.391640270945802893e-01
5.954675524910867379e-01
7.971681185054662055e-01
9.243237210370802703e-01
8.571307281760014440e-01
9.551599381657434051e-01
9.543713126259010249e-01
8.717295067228705285e-01
6.452742071412042035e-01
9.733858808794302320e-01
9.733202846553830057e-01
9.509048156800253837e-01
6.396676700498977741e-01
9.144833410344170854e-01
9.247490230970472069e-01
9.519544314157845077e-01
9.762090009147647018e-01
8.419995864179881107e-01
9.546354463740271967e-01
8.796042119257703185e-01
9.322745247104120558e-01
9.278918335163541808e-01
7.016688580025005617e-01
9.161491360596758504e-01
7.537569107816635139e-01
8.906308882843756436e-01
7.567697459925222248e-01
7.568474800622153609e-01
8.999754685921821373e-01
9.593654899487260579e-01
9.483955572089201036e-01
7.268738824505496243e-01
9.571272111204432997e-01
7.507770305920777876e-01
8.956639006737150410e-01
6.519291710953404317e-01
6.888500902112164592e-01
9.695253207669802809e-01
7.436321602989210966e-01
5.695038404346205452e-01
8.917559703381714442e-01
8.192578886614818590e-01
9.044044005566549416e-01
9.438932447236130230e-01
9.023475223758927743e-01
9.627950492880301692e-01
7.606356870226338440e-01
9.296908249677336977e-01
8.537120237801348877e-01
7.847881209516230916e-01
6.821183144065083859e-01
8.390971039203801718e-01
8.315516125001838343e-01
6.050876511879721420e-01
6.869550904969266014e-01
9.645923893268322225e-01
6.682752450970779190e-01
9.346796649605402241e-01
6.400823931203898365e-01
6.849955356333771173e-01
6.367428851944008095e-01
7.613054485254998616e-01
9.546308397531305667e-01
6.850592580484250460e-01
7.407397008866570820e-01
7.467663244497274588e-01
9.521259472937222412e-01
9.387301290877945181e-01
8.380727034727336600e-01
9.193901629549057208e-01
9.379124355750310116e-01
9.627492961975454566e-01
9.385628052416077338e-01
9.679095198409861656e-01
9.062918632549206155e-01
7.776981405351386378e-01
9.425331216179976268e-01
8.924181289859072219e-01
8.770316367619945819e-01
8.784661419770174451e-01
6.992885743720314018e-01
9.496544647238156500e-01
5.626539382226478647e-01
8.042377351051563927e-01
8.354425975860886311e-01
7.146376044435032160e-01
8.389685783742488745e-01
8.850887579879198608e-01
7.844622198622442921e-01
7.102229696457158514e-01
9.278134516671210363e-01
6.154800190999727416e-01
8.396766284731402852e-01
9.445248823301402030e-01
7.477930102267300594e-01
5.635267442613988154e-01
9.531337613497630201e-01
6.111213085107919385e-01
9.213330945673737782e-01
9.479275628422341171e-01
9.084132697382405475e-01
5.643020528427015181e-01
9.383480302639348736e-01
7.729525661357764532e-01
9.181120189426583700e-01
9.056030460266191184e-01
7.633897178879430756e-01
8.652514687927731485e-01
9.660944014130428137e-01
9.777258421189363169e-01
9.488341593364033599e-01
8.226905643888091646e-01
9.469835319219933600e-01
6.906990322726758169e-01
9.642428011440355995e-01
7.156345221653040989e-01
9.177628174204401912e-01
9.205422831998220090e-01
6.567315661302264296e-01
6.941660728424609017e-01
9.596798192770674696e-01
9.629786229729535574e-01
7.077883070484430883e-01
9.399827434165064499e-01
6.469557234331095863e-01
9.644700460841858503e-01
5.026881871229600396e-01
9.629044022934362124e-01
6.522087559891098785e-01
9.485252873620194647e-01
9.845623020467493269e-01
8.786138364546995927e-01
6.226921235231586138e-01
8.743279202114536686e-01
9.048890992836161606e-01
8.959699392301649912e-01
6.008719472768985215e-01
9.185181175055171510e-01
6.390248791858403887e-01
9.257414273402625460e-01
8.128290656861247854e-01
9.548504648161189046e-01
9.414630885930590498e-01
9.207745040685755278e-01
9.042477264614139365e-01
7.487618487897556019e-01
9.214493370961448493e-01
5.861993845060551322e-01
7.185175961931531408e-01
6.116598304369014194e-01
9.018360675092104151e-01
7.837240140408998634e-01
7.252058908020422301e-01
6.784252816250028184e-01
9.694282682240435989e-01
9.551824706136589072e-01
9.611665168402934167e-01
9.510742877313462795e-01
9.529537018767153533e-01
9.596940162092049142e-01
7.076550683277059717e-01
8.946166158812134395e-01
6.786444125662016713e-01
7.713840006080286971e-01
9.633189665724268824e-01
9.409619597695861870e-01
8.467433785899332044e-01
8.658959734646791695e-01
7.049970130624926279e-01
8.017175785145354006e-01
9.754402796099121975e-01
6.007599515827450887e-01
6.700672244824182888e-01
8.703369475654482157e-01
7.310022973819205738e-01
9.873328939889627343e-01
9.014984255782658717e-01
9.502546521452039929e-01
8.386363550851461124e-01
8.644639872102961586e-01
9.481343706474975042e-01
9.335921030273631738e-01
9.521795868228097870e-01
6.143766246111660445e-01
9.704165755685059125e-01
7.710508149409205370e-01
9.249584778205874880e-01
7.125879815653582972e-01
9.728411656406077412e-01
8.530446969145697445e-01
8.808815285704627573e-01
5.809200712520103949e-01
