6.135897299954812256e-01
6.695377154932130592e-01
8.695893986740812487e-01
8.095386607223966635e-01
8.495103920704115685e-01
8.871038825003233486e-01
9.702833401773484079e-01
9.765199208565644717e-01
9.518803828237660802e-01
9.231989036971659512e-01
7.718134851878530878e-01
8.374613887177857485e-01
7.179380369165083708e-01
8.900667257843222213e-01
7.345166878473161631e-01
6.421018617645871673e-01
8.503955914720832121e-01
7.593884059029230027e-01
8.305380230737346992e-01
9.534276113112496454e-01
8.571635539235356038e-01
8.975305500112540358e-01
9.349123648309356494e-01
9.201411669524919290e-01
9.432085223448547495e-01
9.452638568786073670e-01
8.088645175709677781e-01
9.601178084309076599e-01
9.360423707176873664e-01
8.673048375040801616e-01
9.317235141768308582e-01
9.001774676317847446e-01
9.241169405349938248e-01
8.796069783709004053e-01
8.259482209339590320e-01
8.482268846132789974e-01
6.790870539496406399e-01
7.233912461654276038e-01
9.401013779812152915e-01
7.044889902273883120e-01
8.920579726949068311e-01
7.101868337977914614e-01
9.645643463468474010e-01
7.245102181103634242e-01
9.518040268348404442e-01
9.272254103781252255e-01
9.479098936286896038e-01
8.872020798961548493e-01
8.197642165322528429e-01
9.223833002163087658e-01
9.737144501150154507e-01
7.673132117538726815e-01
7.410670709170200654e-01
9.470779168436170847e-01
9.658914829299957150e-01
6.338261198500728666e-01
9.159652727978342401e-01
7.576232464849432802e-01
9.311448272533147108e-01
7.946290732226507503e-01
7.415991627539082476e-01
9.409473196692654806e-01
8.677125040940459888e-01
7.451751478744115254e-01
9.352148035307178420e-01
6.337953097773069144e-01
6.840434979058799270e-01
7.183932741003945521e-01
8.791960936283480521e-01
8.227500742626960850e-01
9.384836395167284184e-01
9.639718034918163259e-01
9.632816790580894795e-01
9.597756048705476939e-01
7.198642638377481529e-01
8.806662552306557812e-01
9.610268483725745714e-01
7.386514349293504811e-01
7.589323631236640777e-01
9.635012990532427768e-01
8.954693354746718903e-01
7.791971644031965294e-01
5.372939060238653974e-01
9.587016604987018686e-01
6.514404836643815644e-01
7.643139320340143206e-01
7.580870914693003115e-01
6.129365713813849093e-01
6.829782704592293197e-01
9.288917969477236136e-01
6.735149619528755238e-01
7.337961466372338037e-01
7.999729718772483622e-01
8.606231874102271417e-01
9.397413536079564089e-01
8.285493245671925466e-01
6.044841301739158901e-01
9.519545438173859786e-01
9.377788496373880012e-01
6.954523495612450201e-01
6.082329782865193435e-01
6.764592497678685312e-01
8.897371079492299994e-01
7.628652013315400104e-01
8.353439186744278100e-01
7.654407779009050339e-01
9.357928710692473562e-01
8.119006812141353890e-01
9.084762238502581688e-01
9.499697371020389136e-01
8.185826639462396859e-01
9.009354384100287660e-01
6.109893954804247462e-01
6.312789764853949936e-01
8.648098220664466318e-01
9.386347476664144152e-01
8.090184149724681806e-01
9.420074368902677797e-01
7.646118989943579969e-01
9.363597730117760864e-01
6.999474862472954140e-01
8.292704733185396471e-01
8.964020484099319841e-01
6.283904727763689468e-01
5.872649387241700714e-01
9.529771830706712521e-01
9.486910890181319278e-01
9.243777355559494868e-01
8.184666563763165481e-01
8.009766333318582010e-01
8.279166304093958928e-01
9.265881024132783805e-01
9.434090955441567505e-01
8.633579131583459798e-01
9.600822111287032889e-01
6.900328539569383635e-01
9.570545397543265276e-01
7.123194044004803605e-01
7.756950340227944940e-01
7.188201645613088164e-01
6.191094330430615411e-01
8.146813803034214096e-01
9.329819570864092970e-01
9.446996643557130646e-01
8.619923612227230469e-01
9.590033750957753789e-01
9.473046314398967382e-01
6.815156784372882193e-01
9.603053227530148339e-01
9.347381223282812401e-01
6.753504189557189008e-01
7.762748882011076823e-01
6.826203990353728601e-01
7.923442635845339144e-01
9.260196164734011415e-01
9.478105402892542664e-01
9.443123174974406009e-01
7.664332979028697368e-01
6.600862415357643398e-01
8.272363004111259466e-01
7.313778400304193905e-01
9.235703835425479458e-01
9.604113455616858364e-01
6.984313374268588115e-01
7.147493587116126035e-01
9.375353973719502410e-01
8.355444923541177626e-01
7.914120568335338834e-01
6.390219388609184037e-01
7.256313725904450784e-01
9.465895142471452139e-01
9.461214315719147505e-01
9.470020253133918375e-01
6.199399415516922973e-01
6.808481165988420347e-01
9.145700245945149742e-01
8.587104282716040426e-01
9.097691380914771919e-01
5.839617339153758691e-01
7.629185040153485531e-01
8.731524172059341726e-01
7.044130159199897268e-01
9.422086743013516896e-01
9.454930935721849172e-01
7.834342078732086101e-01
9.776670152321110807e-01
6.921093220432986692e-01
9.537713703375514385e-01
9.667567343014760173e-01
9.194510274725080645e-01
8.880121820727531201e-01
8.892134758793646121e-01
7.217216860742011741e-01
9.716375060821342835e-01
9.692323851343229713e-01
7.663078728814511908e-01
6.598696488460357168e-01
8.152360899902640901e-01
8.881556060479958159e-01
9.067680936743462983e-01
9.051079242685529103e-01
9.678243338498924153e-01
7.633187965379740758e-01
8.268010630518267678e-01
9.401474309842557942e-01
7.071799559927292034e-01
9.587908401920884893e-01
9.661677506106076674e-01
8.936769194156278795e-01
8.870214599964677538e-01
7.951752294268195076e-01
9.534383740602837554e-01
8.940643682263549330e-01
9.367429919626620860e-01
7.711182640242606467e-01
6.799534389768484566e-01
9.067128862582977122e-01
8.087461163060767344e-01
9.623926681503540692e-01
9.659660331967263591e-01
7.183856391611047609e-01
8.516383994912095634e-01
7.426487950718285713e-01
8.623713283766859528e-01
9.505293416353267633e-01
9.095197614704442213e-01
9.703209896500190057e-01
9.308598657532152210e-01
8.375103098877053620e-01
9.381781364127631528e-01
9.492298420263474146e-01
9.461472499012955062e-01
6.917056782568157258e-01
9.651121231147370416e-01
6.464442961751064587e-01
7.832747302695908242e-01
9.395994058409262717e-01
9.708279119481433295e-01
8.218936561033337584e-01
8.264626976367051014e-01
9.423439145697465325e-01
8.969271025099497807e-01
9.591102943363296607e-01
9.072503192214633749e-01
9.555321595238446264e-01
8.202307184670577511e-01
6.068169091127619819e-01
7.656263946813304244e-01
6.996860556023062339e-01
7.382904877320646264e-01
8.983452121930711742e-01
9.301120806215388281e-01
8.811629492990431523e-01
8.707563870890044910e-01
7.399607681348672195e-01
7.579070594243502157e-01
9.475057626358655005e-01
9.218323182107830416e-01
9.341645370375923907e-01
7.793361935911398142e-01
8.842050975790065603e-01
9.340564031829560188e-01
9.646946917947266664e-01
9.152819535991703059e-01
9.271654305226608717e-01
9.643278005699138511e-01
9.267187478096537978e-01
9.650669061662380255e-01
9.807668860028448954e-01
6.535734363013433468e-01
8.130559388400642185e-01
9.596711780545952308e-01
9.677072314748951243e-01
9.477176996964645772e-01
9.739453049319475308e-01
7.918228617595557406e-01
6.737882594963197080e-01
8.864974420925897380e-01
5.930749651385108789e-01
7.552033177975308043e-01
9.009661813089414606e-01
7.822622000157170019e-01
8.547630693259776757e-01
9.470727813582096033e-01
6.649386428458119447e-01
6.645646186018971946e-01
8.905658287900071191e-01
9.493493517774669321e-01
6.131016881307239652e-01
5.755465040591396519e-01
9.284895464517933794e-01
6.736361105164342389e-01
9.892873102915731298e-01
8.703698196739094728e-01
9.529734972229345624e-01
6.323531807979329011e-01
7.583826395764539097e-01
9.402506741968195136e-01
9.541781373082746098e-01
9.507301827895537905e-01
