7.513407943636718489e-01
9.344481848066679142e-01
7.336570042399587210e-01
9.551784966925189746e-01
6.485637922407707645e-01
6.367613019720035350e-01
6.056615417531996393e-01
7.236341428034339662e-01
6.915875680688547966e-01
6.826134869024949037e-01
6.057254548574938502e-01
9.067273456337460180e-01
6.124508045575719484e-01
8.541074428884718461e-01
9.371287405710615470e-01
6.772157825443595458e-01
6.818486662312179813e-01
8.912291785661268229e-01
9.553678575655353278e-01
8.584161081467605037e-01
7.448642120380737364e-01
6.545063925717702347e-01
8.998267338677257143e-01
6.257625662051089499e-01
9.604668699842366930e-01
8.052583366263871278e-01
5.418227382351288313e-01
9.813207679908206860e-01
7.952526286991716820e-01
9.436988282428210306e-01
6.609666678168469867e-01
6.731252848166087155e-01
7.857931881336008839e-01
7.782960192319448023e-01
9.720588506536633755e-01
6.713785098867774970e-01
7.871961825245611388e-01
9.527596266928194391e-01
8.625222121699192002e-01
8.670239233662128120e-01
6.717930245191734429e-01
8.919826249241740168e-01
6.573460822536733028e-01
5.716661945367503828e-01
9.406105121801395796e-01
8.737284570033532205e-01
6.657314840413475210e-01
8.161763129587252807e-01
6.999036744999854731e-01
7.317202435183935982e-01
8.585169823611781270e-01
8.024559264227428823e-01
7.008665784560874634e-01
8.016728195251217048e-01
8.709315642745681929e-01
7.106293984870916125e-01
9.532706117803553258e-01
6.567536994376538262e-01
6.805249083023405809e-01
9.370210365681698184e-01
7.605136602273399049e-01
8.080134026816150339e-01
6.973353014057717125e-01
7.335377991119322871e-01
7.385996839411135273e-01
6.428758536502575671e-01
9.153608044987132653e-01
5.602872837408945372e-01
6.485312668140391645e-01
6.606657023766925318e-01
9.432150539146042512e-01
7.346847442026596120e-01
5.957810559528855521e-01
6.696767317902645456e-01
7.629594475442285084e-01
7.704823511648342116e-01
8.478896441525697325e-01
9.080329459842924056e-01
6.253456403521790996e-01
9.635386556700851202e-01
9.193498291205481898e-01
9.502742312001766223e-01
7.157618176013613720e-01
9.072213587791223555e-01
6.578811088811684638e-01
8.133549001890439945e-01
9.489530146104585562e-01
4.922057952572314043e-01
8.756685191227790988e-01
6.214152156064269850e-01
9.486930791499745830e-01
8.801011583122930748e-01
7.973883266447790996e-01
9.500905661700144167e-01
7.268575572353201952e-01
9.554937287207090346e-01
6.979741852923585510e-01
7.373193244240229260e-01
6.995281247071429842e-01
6.747557009483409196e-01
9.354642639663228731e-01
7.862935546651151908e-01
5.733752415969822769e-01
9.112892161005924363e-01
7.427954448412246169e-01
9.297969555160738864e-01
7.474047776384665775e-01
6.143360309650867102e-01
9.556552825111305216e-01
8.742624862810214337e-01
7.891958411614965474e-01
9.478106072961645090e-01
9.478478306683136845e-01
9.266618654036971048e-01
6.907256536640322686e-01
6.033149531715733538e-01
8.374769751119326422e-01
6.827417825964874343e-01
7.404613194295568412e-01
8.510269087186228543e-01
7.585042104978371169e-01
9.510824269397497588e-01
6.629830699596618304e-01
9.719718409852309282e-01
9.560276891609640337e-01
8.923755094860432724e-01
6.315869106606188943e-01
9.584066907632632359e-01
9.825555548446833765e-01
9.455421679975397620e-01
9.475250744446069850e-01
6.165438343866095350e-01
6.569006286725564969e-01
6.044722482028241917e-01
8.325329589247670858e-01
6.214526069733175007e-01
7.127676092050392320e-01
5.168299551403655601e-01
5.936022121157611409e-01
8.429734265592894182e-01
6.103816464088648308e-01
9.067528646278462112e-01
6.112365622356198402e-01
9.403914279298599688e-01
7.834619090073846603e-01
8.917445342977569078e-01
9.750266933470054243e-01
8.695614269556559695e-01
9.219421371195029025e-01
7.657736083022829154e-01
7.450085150060086203e-01
9.244558440458856552e-01
6.941180884239664950e-01
9.519725103103717778e-01
9.609414867664027859e-01
9.350251904483074528e-01
8.176962928075626191e-01
7.260441439996732083e-01
7.617841610626470139e-01
9.326456640100619921e-01
8.964605291430423062e-01
8.836813105965173332e-01
9.282864029560525809e-01
9.304025284990242728e-01
8.349647738289398546e-01
9.604459383101912051e-01
7.729302688733808990e-01
8.013127233321009069e-01
8.196522733943985006e-01
6.864747207655204075e-01
5.324314383733226297e-01
8.738041491736086019e-01
9.329548068384718729e-01
6.269899027441854233e-01
5.589370727089720825e-01
6.833204455735349958e-01
9.406763554158950047e-01
9.194826660312953592e-01
8.060650660211816643e-01
7.449757133443384305e-01
9.380792340160147846e-01
7.554472009155671630e-01
9.253209398449653289e-01
9.188414625862344476e-01
7.687585417027336110e-01
6.556313108331341954e-01
8.776002829753815071e-01
9.175965413790914127e-01
4.664458124309838194e-01
7.253357691721362688e-01
4.866756992550027028e-01
9.321933009864069586e-01
6.029998178224698080e-01
8.185518858092930561e-01
9.491610424725867023e-01
8.079240040735844453e-01
9.627351938877035664e-01
9.344091354031498486e-01
9.374487345297016772e-01
6.795172141765162266e-01
7.636730490636932656e-01
8.355447032623094517e-01
9.267354579384117219e-01
9.092205998184664795e-01
8.412515621702241209e-01
7.601389123660092784e-01
8.464719498683094256e-01
6.878091647525614860e-01
6.626711726707698036e-01
9.029906409899176589e-01
9.439254953482392185e-01
9.792092163903216573e-01
8.821636992139308964e-01
7.975589270621314952e-01
6.385143183895000130e-01
8.951227565058266222e-01
6.636244622400170323e-01
9.374152151130941135e-01
9.076342033463509207e-01
7.208153026334520597e-01
6.321226605455525505e-01
6.627362805148193647e-01
7.495354292994943490e-01
7.793907372840805925e-01
8.446895593396956947e-01
7.329951862536436824e-01
5.553445968797505738e-01
6.914521457972809815e-01
8.159866757591562880e-01
8.682014170008263143e-01
8.406940530571869186e-01
9.142779546592340045e-01
6.496007156250738213e-01
9.250063354192448184e-01
8.623506612348619260e-01
8.008517830641895818e-01
9.560709944635232826e-01
8.667339650546943552e-01
7.719256558577011207e-01
6.285921723955433249e-01
7.229552153853211482e-01
9.132321794598941000e-01
9.385677054485219717e-01
6.164940560330820496e-01
8.281467946823204418e-01
9.641825207740131187e-01
7.771317717099444078e-01
9.619777472835224774e-01
8.615716826905885917e-01
7.160238495760979927e-01
6.102162538201100217e-01
9.061574851192910618e-01
7.158209948627362040e-01
6.823406288337051651e-01
5.095976841658321765e-01
9.329215179419270143e-01
8.772730816861906700e-01
9.399912690047963482e-01
6.211554087785249312e-01
6.593780741322980976e-01
7.735823632392142546e-01
8.263896281126101862e-01
9.706351742314773823e-01
9.665685545695318348e-01
9.614621380041259435e-01
9.563934267287534929e-01
6.371576093954464115e-01
9.310323634185309061e-01
8.469318205254831033e-01
6.673114351660762722e-01
6.334735549744421323e-01
9.439062466864123202e-01
9.351407294167255468e-01
9.479034266624004612e-01
7.111305789561169766e-01
7.591195331655111733e-01
9.692764097960940850e-01
9.095546897618387305e-01
6.573174800057957068e-01
7.157100639988092095e-01
8.327353618117854239e-01
9.474745119148892947e-01
8.704845776155832882e-01
8.717308539422023994e-01
7.281066344852225036e-01
6.305440235431187812e-01
8.836419042819662062e-01
9.510922021407324234e-01
7.406696411491231480e-01
7.096794126729341068e-01
8.220311307309269289e-01
6.706354602010977661e-01
7.947658747171694182e-01
6.769333870088500849e-01
7.066120198296592658e-01
6.067840786294796951e-01
9.171727423490229070e-01
6.782384344750127525e-01
8.094867828892196027e-01
9.465474652228812458e-01
