-3.254831735421466199e-01
7.871491202442889579e-01
8.687058975256183313e-01
9.061298940957088766e-01
-2.423951880966121464e-01
-1.867542169817871800e-01
-2.485544812240447765e-02
9.078940912324962031e-01
-4.047345243284582450e-01
-1.012643649981639360e-01
-1.363059213517738011e-01
6.941076439699087053e-02
-8.588898312045219197e-02
7.441727101962130053e-01
1.943131291218034851e-01
1.371943171364866515e-02
-1.065626058422793065e-01
8.233474048010926971e-01
1.039659055481393091e-01
5.659192955340730524e-02
-4.877637123421600940e-01
-9.050162187963339822e-02
-3.014239423577805277e-01
8.485857843817892210e-01
-4.130782893010275791e-01
3.014231263412756046e-03
8.359438495230306909e-01
8.415224404434427097e-01
8.437701190391757589e-01
4.031483299659791020e-02
-2.475529234630333142e-01
-3.209133308834603848e-02
1.813137255570501094e-01
-6.534822900475946439e-03
-4.484109207141061260e-02
1.707550615249979822e-02
-1.197334206288600406e-01
8.534155744800023813e-01
-3.950850224673899125e-01
-3.356373282227525512e-01
8.592045639373895316e-01
-3.114914922346790141e-02
-7.177092396011763853e-02
2.368854033050188379e-02
-4.321099366805578046e-02
-1.436045204239518036e-02
1.111466382942630400e-02
6.080051371845180547e-02
8.280726082992942993e-01
-4.587174481295706596e-01
1.673964561881675223e-02
7.134836021031923381e-02
-2.010492707907244048e-01
-1.028514365663514701e-01
-2.697858432485005231e-01
8.201940968143235366e-01
2.478341579437650655e-01
8.133526745715433659e-01
-3.700242681675441903e-01
-4.006462218992134366e-02
-4.600262240976179529e-01
8.816785523784640421e-01
-1.129210642441447199e-02
-2.648353500602182789e-02
8.593506407725923779e-01
8.351826399321032879e-01
-1.264369335425910568e-03
1.958145413186031941e-02
-3.238634521467646521e-01
8.641828150559047739e-01
-3.483317330101631804e-01
-1.270094318866195060e-01
-8.562064733322244381e-02
8.274045777714144068e-01
-2.194655712876196763e-01
-7.468295263077411039e-02
-4.801101890802211836e-02
8.572740980705167990e-01
-3.414610576343514170e-01
-8.447190464561968315e-02
3.820365796739166875e-03
8.254995298176328600e-01
7.874800969715316512e-01
8.397048529089652380e-01
6.913989212664284345e-02
1.988035962679911978e-02
-2.392069965083094274e-01
-5.647220374999951248e-02
-3.083799645748131479e-01
8.147910365179727998e-01
-4.866550788209826894e-01
-1.821239908415175635e-01
8.340573397710047132e-01
-2.326590452861355129e-01
-4.821653507215270529e-02
-9.360222383507837973e-03
-6.772018448344650776e-04
9.407041921005828700e-01
2.132961268718236436e-01
-8.210096269971445260e-02
8.711465405383053140e-01
-3.319882202075969402e-01
-1.121297056800535930e-01
-1.093298783518477646e-01
-1.561290716839448534e-01
-3.412442469894310104e-01
-5.627085325819785461e-02
-1.411267437410401449e-01
7.696695501823539454e-01
8.115383356520049496e-01
1.340692037195567732e-01
1.529825591902718787e-02
-1.165542168020483604e-02
2.010554791125513108e-01
8.014389933707176672e-01
6.996873197348914275e-02
7.778992746657669155e-01
-4.869498691433774007e-01
-8.619729302503510715e-02
9.370514780028478263e-01
-7.049311929033669211e-02
2.775203080098542774e-02
-9.229905495732587672e-02
-3.135202558521365535e-01
-3.659421715577190065e-02
-2.224376609281063510e-01
3.214792714075018210e-02
8.257288727991759503e-01
-2.755390927249333766e-01
8.785874278911914859e-01
-1.197722660416019602e-01
9.629413764230590478e-02
-5.234050942830621722e-02
-3.722892989482128878e-01
8.038675226457611123e-01
7.921641485436303753e-01
-1.737931033669555536e-02
1.266605109719858846e-01
7.563135408586165731e-01
-3.057500437782341429e-02
2.243938422365484089e-02
-8.170617074122418777e-02
-3.020323030544272425e-01
-3.190286259857633144e-01
-3.483425154095226017e-01
-8.018211533897899590e-02
-1.068417529099231073e-01
-2.809737256916538528e-01
7.529769818823812688e-01
4.257099391688890649e-02
9.063209733647543676e-01
1.797952175333517033e-01
7.949150721568076783e-01
7.961162359689790691e-01
5.827408419433244280e-02
-2.363996111468929240e-01
-3.247276803483470364e-02
8.124351882237521583e-01
-3.319851782053088174e-01
-5.386752918779161292e-02
-4.345495538950576719e-01
8.514462539069865554e-03
-5.106900232744512325e-01
-4.546496088752464970e-02
-1.626354377834437481e-01
8.422556016126636624e-01
-2.988588437559763777e-01
-1.737692180026759181e-02
-2.366552004026817868e-01
-3.395003046732230634e-01
-5.617443503493919632e-01
2.826911194102266212e-02
1.726980246287025123e-01
-2.998465455470728513e-01
-1.237399205378705430e-01
8.018177609486707436e-01
-4.487962955411857746e-01
-2.704471573040457266e-01
7.903755226832909209e-01
-1.814549604188966936e-01
-4.873009416869494292e-01
-3.975144925081045000e-01
-2.242216168255264930e-02
-3.814669058987300576e-01
8.099320823487510257e-01
4.734400395889047652e-02
-3.658392015050183632e-01
1.005382158695669881e-01
-3.027116422825023578e-01
1.640745081409112627e-01
2.162222451638264875e-01
-7.367892320997790345e-02
-2.424181399636522044e-02
8.625706010197324858e-01
1.285145401612650951e-01
-6.912613304360117061e-02
-3.960119184669144698e-01
-2.026096584662225586e-01
-4.724181068030049446e-01
-4.363385481591764425e-01
8.842988385451853173e-01
1.784149645565890063e-01
-1.008895096588757478e-01
-2.640038639041588087e-01
-3.884365404863749927e-01
-4.567055696322401270e-01
-3.187938132772752953e-01
8.415730350137424765e-01
8.220472115804369206e-01
-3.314900499437750669e-03
5.045171806872335296e-02
8.579583430678945355e-01
8.691440382388403441e-01
-4.499349008527178118e-01
8.762564382528007512e-01
-9.875395869340768129e-03
-3.284771653607524572e-02
8.640186864255613441e-01
-4.947293245001123663e-01
1.267136023401006228e-01
-2.845913520540362465e-02
-4.526207373488176922e-01
-2.457812988368135096e-02
8.232306271984777268e-01
-4.370734898471138885e-02
-2.813714285091174494e-01
-4.593893212097848178e-01
-8.046196676607415832e-02
1.687202156732319214e-01
-8.191286313766786564e-02
8.261919306394881479e-01
-5.417706554217422976e-01
-1.091724093730992995e-01
7.627129829254162274e-01
-1.158199819538618808e-01
-4.394296303765612977e-02
8.752568161686453685e-01
1.219356633731219497e-01
-2.944631553413037950e-01
8.842837705876605003e-01
4.554002870070275599e-02
-4.865259818519286905e-01
1.832639186298988532e-02
-3.203603273003419738e-01
-2.218778572261718707e-01
-3.376928032106442656e-01
-7.073880074484245606e-02
-9.123746184734343734e-02
8.957094448029214728e-01
-3.497369237231236494e-01
4.722559868308488090e-02
-1.226113083643538409e-01
8.808537762225544521e-01
8.217914565761743617e-01
-1.713023583945095796e-01
-6.695418571280514763e-02
-3.816848603048376143e-01
-3.945565182591431741e-02
-3.244972004090846407e-01
4.010565731471105871e-02
8.168495773042280250e-01
8.306548830990017063e-01
7.665995442182025332e-01
8.006304078742005892e-01
8.363666860669917158e-01
-2.490112916485945349e-04
7.339271849104379575e-01
-1.795402727419947719e-01
-2.680553865717148487e-01
8.570962287706701543e-01
8.520464353451022710e-01
1.308289664255958828e-01
-1.432082247627882166e-01
6.252146709946614089e-02
8.078178905630800655e-02
-5.266037716579727301e-02
7.999350373165584616e-01
8.252178858041548937e-01
8.541847525473387215e-01
-4.175039838602345732e-01
8.648408096675429535e-01
-4.165310908448849325e-01
3.440754622524626327e-03
2.099336130319169602e-02
-1.706757883109707441e-01
1.167010200133522663e-01
-8.317348193485749053e-02
8.599154347810740173e-01
-2.574857002838183972e-01
-1.486311297058376113e-01
8.738088576643533445e-01
8.279946046041539720e-01
1.638762382197365974e-03
8.046836062329881800e-01
-1.869748048718969380e-01
8.910126430374502027e-01
