-2.097774835960022899e-02
8.644975917862873782e-01
8.545330309821003167e-01
8.494594440413978376e-01
8.455800103375147314e-01
-9.293134992086718449e-02
7.475976002631481432e-01
1.902024651818261525e-01
8.152508414503913114e-02
4.932301076093349029e-02
-9.427032078616429112e-02
8.524080932074232786e-01
-1.168883294204448864e-01
-8.119265595356714438e-02
8.092363323636638794e-01
8.254380656441209219e-01
8.470028133538145543e-01
-3.248813274321913358e-01
9.325810796206835951e-01
-1.108737596891228722e-01
7.070110621976008480e-02
8.471680250145953162e-01
8.023089907951951316e-01
1.389280920309616807e-01
8.128363288640630957e-01
8.702539014248634741e-01
8.139372002549932761e-01
-3.863778932234914754e-01
8.292522067577552392e-01
7.807157682214517225e-01
-5.324325873411031584e-02
-8.375882518969278434e-02
-4.580584015332253012e-01
1.175397098081664218e-03
-5.797998978188657893e-02
-3.600020105407438220e-01
8.405137208972264240e-01
-1.675717520860848520e-01
-4.325125269039678533e-03
8.411409650313016462e-01
7.726652989016716822e-01
-2.108057215369197324e-01
-2.847021726286491639e-01
8.596233950720952866e-01
-3.592563419912649381e-01
-2.055236153046604286e-01
8.186546271850509982e-01
-1.912545427672764642e-01
-3.964534602365023253e-02
8.128623753309047739e-01
9.487494847419664090e-01
-1.342843869647805388e-01
8.809574987917461186e-01
-1.621123916065858039e-01
1.060857997632641131e-01
-1.466702762745684674e-01
-8.122745303359278635e-02
8.528682878989793936e-01
8.167496463220536018e-01
1.222653219900109167e-01
7.869143774068972919e-01
-1.578618568797478250e-01
3.674038203868262853e-02
-4.948377690463247325e-02
4.666669782559444701e-02
7.798739684821675011e-01
7.829350782767874328e-02
7.957898621364063452e-01
-1.320890826846376209e-01
8.115523674970529511e-01
8.032870070347665203e-01
8.223876421701397099e-01
-3.120898364268363534e-01
8.099951997051965114e-01
-1.443853367266907661e-01
8.139924676614588295e-01
8.230855456846769558e-01
-3.145129610095465655e-01
-7.795575893264972134e-02
7.251668713956826995e-01
-3.909981052966652881e-01
7.502734867412728104e-01
9.722742118202312156e-01
8.302123745870000349e-01
7.969471986008862530e-01
8.025496517262196150e-01
8.215011716473025194e-01
-1.493721192082426430e-01
1.376976668964480510e-01
-2.207397894310562936e-01
9.175989951123062482e-01
-8.700589822154156106e-02
-9.198028209559522272e-02
-3.047704827217563583e-02
-7.930469674061063623e-02
-3.529308559784805621e-01
8.680368681871980518e-01
8.248771370811045500e-01
-1.170738028137882913e-01
7.679824416395513165e-01
8.203045627691352149e-01
8.594917826663668325e-01
8.531701854994774292e-01
-5.014868601244949764e-02
-1.408164298340191800e-01
8.176109707238496949e-01
-2.608319669384983053e-01
7.839928879290246622e-01
-4.196709914616456039e-01
1.109325550437068597e-01
8.384670887985671284e-01
2.287732107165116324e-02
-6.597296062580756959e-02
-4.360695966588145067e-01
8.044167556490535720e-01
-2.298572452641378383e-01
8.432993876321598359e-01
-2.558461777110010438e-01
8.713264384459895595e-01
8.594670540339482967e-01
8.600456158081231095e-01
-6.096114825715051588e-03
2.144926945538422336e-02
8.004684444250281805e-01
-2.534346507811792160e-01
-1.255313353722538883e-01
8.128169108362662820e-01
-1.338498208360394959e-01
7.317338791840063417e-01
-2.730046101355569355e-01
-2.454869409206665576e-02
1.399273927887570157e-01
3.290874496625809109e-03
4.553971462800704417e-02
5.914694329516408111e-02
-3.701308626944583291e-01
-2.359388045600674388e-02
-3.616557402571061175e-01
-1.873498051777024997e-01
8.600076879371538752e-01
7.820464618501465903e-02
2.871909688399591071e-02
8.226891728459601039e-01
7.919774856903871729e-01
8.459359579494336590e-01
-2.682286062558580930e-01
-3.114352681257435973e-02
-4.238649772057702658e-01
-1.318717972114926695e-01
9.615845382413856779e-01
4.498368733198720992e-02
-1.717523072098598447e-01
8.737530844774544780e-01
9.905390215478484528e-01
7.522507023744889887e-01
9.566475558365850063e-02
-1.039288277682737516e-01
8.645243791507358777e-01
-3.719173642037189031e-01
1.142737372336038171e-01
-1.385739134647492321e-01
-3.119928911305904218e-01
3.726848641400049011e-03
8.468090829564655087e-01
-4.626823896646693468e-01
8.342632130056801820e-01
3.380235437111546448e-02
-2.671997142302887096e-02
-5.946231592957758327e-02
8.236987705234501966e-01
8.671928882531889649e-01
-1.362582800990689257e-02
4.793634236735871967e-03
8.283678132893639301e-01
-1.325111732789937546e-01
-1.870191929810117448e-01
2.243886504619718170e-01
8.269320980599237370e-01
8.445291336923566039e-01
8.039502858647485928e-01
9.095972458243072323e-01
-4.604389776569711157e-01
3.372445826758754817e-02
7.800418276257118366e-01
-4.640368616181424904e-02
8.268230798142963689e-01
8.272353762278922273e-01
9.466239203287609705e-01
8.385344461656063508e-01
-2.646205191260506684e-01
-3.394143317470908749e-02
-4.403174932123359864e-01
-4.526010669474767045e-01
-8.899274637659675136e-02
8.091236423279638545e-01
9.407791083133425492e-01
-4.834139101539550176e-02
8.248766012363206723e-01
8.792990778628658743e-01
-1.450567187059870478e-01
8.180141509216541928e-01
-1.425673452804220309e-01
7.941426251768419764e-01
-8.104734119050283070e-02
4.222722359738292908e-03
-1.588795560110901339e-01
-6.168130459089372908e-02
-1.074821146068542649e-01
8.079035230263655887e-01
9.388548272026269181e-01
8.123912673498289161e-01
-2.884714573034499741e-01
-4.765423676028497368e-01
8.122035620171724757e-01
8.548611388279909740e-01
8.414643958327818751e-01
7.764512363791824523e-01
8.243428501153375887e-01
-1.126578205756527257e-01
-1.502736057420485938e-01
8.366127671858529791e-01
1.379597507050430438e-01
7.626029464400603253e-01
-4.293191458079377576e-02
-1.002580514281074531e-01
-6.399418078744929794e-02
1.050853343769557469e-02
3.519644547213185426e-02
8.285000671245478232e-01
1.572923857543048753e-01
-3.677688990136877001e-01
-1.187791109557434638e-01
6.970407425312888372e-02
9.235826869648814386e-01
8.294488956045059647e-01
8.009306192711141970e-01
7.861665250182275910e-01
9.974093371016431453e-01
-1.233908068501173572e-01
4.225781404315119560e-02
9.270656557668426334e-01
-7.460053638858804570e-02
-4.894229348939475588e-01
7.879452458047210284e-01
-1.172946865395315119e-01
-9.216247848402134291e-02
-1.832737858891531346e-01
8.045606375727261117e-01
-1.286510157706896584e-01
8.087018975493334150e-01
1.478875152231740320e-01
-8.929059171826961294e-02
8.360025837228390877e-01
8.512660483284280044e-01
9.636875369973172401e-01
8.489706351649579652e-01
-3.948317091890649055e-01
8.599196664233753618e-01
8.316400970930097891e-01
7.556836289111393823e-01
7.551329322932174293e-01
8.585663338178944892e-01
-1.351132083613159340e-01
-3.877234492481443362e-01
-1.556312317716436466e-02
8.343385457932330773e-01
7.653319705330118294e-01
8.535017755816947105e-01
8.280580022704242538e-01
6.722910867396652002e-01
7.386227511087081754e-02
8.902980227065970809e-01
8.204840225902225725e-01
8.674974328056568318e-01
8.365655662186191055e-01
-8.141230987052568147e-02
2.000527478991772634e-01
8.320897662309758580e-01
9.447960958812674503e-01
4.760434940394896175e-02
8.509394073580882623e-01
9.729513160534047911e-02
8.043164376093701051e-01
8.775747452984143937e-01
7.473381879531020289e-01
-6.443783214024891015e-02
-2.091290519771888679e-01
-1.327670933074692750e-02
-3.103019978688643932e-02
-7.029500492375792553e-02
8.653416090030845442e-01
5.357135867816734121e-03
-3.412205915806084677e-01
8.847645052137030897e-01
1.034373225704278976e-01
8.830285518828353553e-01
-1.101853954393685331e-01
-1.923185780314381477e-01
-3.041394647386087835e-02
