8.001660082986791211e-01
6.372514400606861251e-01
9.440333238441687147e-01
9.488804102141585872e-01
9.324667330087398343e-01
6.381091566241545721e-01
9.413929459777927722e-01
7.054833741095336563e-01
9.218109010944425252e-01
7.976960994492167112e-01
9.016044292611944400e-01
8.138619798039705699e-01
8.920094560827318553e-01
7.638002986036749320e-01
8.260109100707124785e-01
6.737499611459036863e-01
9.446805205261267213e-01
9.483188110490006206e-01
9.486773465041100639e-01
9.224903562407007485e-01
9.232362524590989050e-01
9.319543900011643123e-01
6.139917464990054530e-01
6.803806239820340274e-01
9.458498111288546895e-01
9.528221838230250818e-01
9.422975933854687014e-01
8.926088879086255812e-01
7.083077034561887642e-01
7.374765476779457929e-01
7.105943926465225768e-01
6.792738217372684684e-01
9.518330519630414654e-01
6.962533773536865311e-01
8.353409691311277641e-01
9.072269944047826051e-01
5.919527009022853559e-01
6.725014302748792971e-01
6.373310615663303480e-01
8.138374641914027929e-01
8.765080016127526630e-01
9.357394079275521692e-01
9.297118008313800530e-01
8.816458326972573811e-01
8.903051483171721125e-01
8.440786022756969764e-01
9.578490198551399271e-01
8.856616463460253996e-01
6.801540243033397104e-01
9.414149343406239545e-01
7.573131421310880240e-01
7.023561260261438344e-01
6.938998843402787164e-01
8.663981654089178974e-01
7.559192557184069017e-01
6.314108547091900059e-01
9.318914626435637061e-01
9.205862532203074045e-01
6.093566810324243521e-01
8.943798011651640234e-01
9.466118322410947972e-01
7.389666497573179615e-01
8.532484544259504311e-01
7.717879258069633153e-01
7.366015867817303775e-01
9.331100460881791570e-01
8.817050243929106523e-01
9.333388780095672743e-01
8.752969866724890080e-01
8.327712777699860514e-01
9.259052783301239264e-01
7.228339651572356361e-01
6.166699287645385219e-01
6.337357779412915448e-01
8.649857510685877715e-01
9.448781302187064801e-01
8.340969309813410781e-01
7.381495451239205030e-01
8.330814802549618703e-01
6.760427451002128940e-01
9.419284469042309427e-01
6.822672567230596563e-01
8.300355614881356203e-01
7.798898797347477707e-01
7.885201198107981702e-01
7.287476623287487687e-01
6.550323594403576477e-01
9.427066025061048293e-01
6.837972833610328482e-01
7.355555710315272444e-01
9.619305312328482183e-01
8.775583154462135438e-01
9.145910845278021339e-01
9.435703919866562650e-01
9.263058594036510662e-01
7.312558064154381920e-01
8.475870995853879153e-01
6.019020282832762136e-01
7.836318859015745097e-01
9.245847836938505537e-01
9.604391279967608996e-01
6.943415183823126169e-01
7.777161533618121014e-01
7.527450810248190738e-01
8.384596901940690739e-01
6.320788303992896928e-01
9.283878998690163753e-01
6.844551157679259479e-01
7.331168399367721245e-01
5.910518081136877377e-01
7.818107655557899882e-01
9.572796468700415229e-01
6.648228872198280737e-01
8.287137836122959733e-01
9.357819060998492366e-01
7.042304285302906086e-01
8.261838131653317374e-01
7.330405109908432193e-01
6.520003761213220006e-01
6.957895497241330940e-01
9.393584591329605660e-01
5.802871511954612593e-01
8.446584568229075218e-01
7.648066287165941057e-01
6.168882840749838614e-01
7.809729709556716415e-01
9.361629849842708628e-01
7.836400990079427364e-01
9.623849859718194288e-01
5.971401091697610131e-01
7.811131147838358268e-01
7.612007625954313461e-01
6.717687720270852925e-01
7.555078257164177247e-01
7.824735847565914559e-01
8.939973547466570913e-01
8.927957662516479154e-01
8.623994801435448387e-01
7.111571277481782971e-01
9.590641626150433474e-01
9.007100386362635325e-01
8.889919704329547478e-01
7.646888331516865644e-01
8.466453371384706772e-01
9.278163084756199108e-01
9.419167896786946326e-01
6.863575883542198941e-01
6.935240176079540131e-01
9.582602029957539846e-01
7.310732314005792265e-01
9.166679144419258574e-01
7.479934994837678097e-01
7.447241499719441382e-01
7.446270085047734799e-01
9.129486929479811996e-01
8.823212584671771275e-01
5.980018008856387013e-01
8.051490015947384560e-01
8.191312781594772829e-01
9.086018369344410761e-01
7.532142910613078834e-01
6.369440144627707134e-01
9.447156751352445703e-01
9.275572398703931798e-01
7.493718166806955239e-01
9.512775649522000609e-01
9.410635333620848142e-01
9.657746928521546703e-01
4.787713163466815747e-01
9.432511404524869247e-01
8.329934944768788707e-01
8.038062522600889492e-01
8.270690617729951066e-01
9.582614134130953421e-01
9.273562919867620602e-01
5.860719471168013284e-01
9.405977453636795715e-01
9.359334086046120493e-01
8.505652378257783086e-01
9.486131901428032087e-01
7.380868265637391401e-01
8.462599239551459318e-01
9.340030182599237119e-01
7.593363040552603138e-01
6.946226150495964369e-01
6.034078451487431272e-01
7.202984250763544427e-01
7.902494457437923003e-01
9.060368224440689122e-01
6.483607857785217421e-01
6.477832552848866721e-01
9.427122575465289867e-01
9.333237289344418208e-01
6.665368653412480082e-01
6.616060805425252322e-01
6.161902541085979568e-01
9.361929512627451544e-01
9.392814300665958127e-01
9.025247794247629463e-01
9.563479065730091655e-01
7.156815596270261759e-01
9.389367460825884804e-01
8.473444208741971462e-01
9.045206817698423496e-01
9.213418188765146732e-01
8.626267907294915549e-01
8.371331322054055279e-01
6.469959458245116979e-01
9.188484434238738396e-01
8.300116212032244700e-01
6.866567507573710927e-01
7.241411209891811529e-01
9.430525782339862495e-01
9.502626555126302277e-01
9.553051878276122011e-01
8.872856995811606584e-01
9.551458678847797312e-01
6.868202314379523443e-01
8.280074914227221194e-01
9.123289298326868746e-01
5.465896630430888692e-01
5.617309322132758576e-01
8.757292987417406582e-01
8.909412637181185479e-01
9.546723574921058830e-01
8.364175901485930709e-01
6.412213159352033731e-01
7.482454282404648049e-01
8.371317556836035401e-01
8.146076572298006635e-01
6.838322697797263316e-01
8.752473396158699792e-01
9.238941225367686139e-01
7.723633658487287779e-01
6.999275054326191681e-01
9.386245086041714591e-01
6.913249399864477285e-01
9.485500838878249130e-01
9.663141149961006482e-01
7.034422508066235924e-01
6.474999946647596039e-01
6.013905709278153378e-01
7.720796875182820429e-01
9.772621080436445506e-01
6.644630451359032630e-01
8.770075713005154316e-01
7.341783429381286696e-01
9.458815352992135939e-01
8.186899557464344390e-01
7.538419112726624238e-01
8.601133212385506654e-01
5.661702558333807644e-01
9.665782559570057497e-01
9.401575206512284844e-01
9.522312098301586314e-01
7.535607659702340255e-01
9.532180615855323502e-01
9.115933093920192132e-01
8.973806438954701203e-01
8.859837783718000903e-01
9.506667023999570976e-01
9.216254069093092749e-01
8.769230205037333858e-01
9.257033593914267833e-01
9.675134009715808947e-01
7.450724584724169874e-01
9.061388795718938738e-01
6.815866089015609752e-01
9.861344738322639358e-01
9.541273678388227930e-01
8.207898719908798268e-01
6.695657001205341796e-01
9.124656632366627829e-01
6.304481206024035167e-01
6.942637338952284409e-01
8.561867344770393018e-01
9.569966402029073116e-01
8.873170368333465063e-01
7.616179615397649094e-01
7.162732884145801560e-01
9.601895859993974103e-01
9.707827123350849519e-01
7.259701330289302090e-01
9.105675353991379284e-01
7.281681624090929894e-01
7.042426585063515931e-01
7.465860513105548879e-01
9.091784395429992616e-01
9.233832923949212290e-01
9.558815130206081978e-01
9.474252243092562420e-01
6.936635076672191813e-01
5.987612628359743061e-01
9.230426190120510910e-01
9.651127248421420557e-01
6.924813715173537831e-01
9.453543360050458144e-01
9.403881240381457562e-01
9.524335392781164700e-01
6.598659996340329181e-01
