7.878803624436592212e-01
8.145960604291074825e-01
9.501411169662923317e-01
7.932176268157731247e-01
7.319554816698066180e-01
7.521794593081234659e-01
6.408280432707016416e-01
6.919228317530521366e-01
7.619380137356357441e-01
8.405735353497310047e-01
8.626799655551488089e-01
7.288709583465617925e-01
7.490097277159030176e-01
9.066272940360305954e-01
9.419907128625404358e-01
6.836475895269510383e-01
7.821119166930423638e-01
9.360178408151873519e-01
9.803899371651674244e-01
7.871246692700352154e-01
9.441694451969937507e-01
8.765272361331646334e-01
6.550268881125955733e-01
8.928757089344758757e-01
8.086678407959699832e-01
8.966001679091177845e-01
6.914364830087621483e-01
5.780318273159519293e-01
9.614546469170787146e-01
9.443214219831612688e-01
6.265881868950449185e-01
9.467736565980455765e-01
9.260187745374525159e-01
7.087982927669637112e-01
6.230146472955579995e-01
9.652483466323102945e-01
8.723105157323639558e-01
6.045160654901743369e-01
9.576292025044215173e-01
8.819424642254589664e-01
9.489912461074374583e-01
9.595146975321986460e-01
5.653229373572843386e-01
8.642321599337873250e-01
9.198881836251504573e-01
8.226033264817836921e-01
9.493681177128399096e-01
9.591738666880884612e-01
7.158570804152739608e-01
9.576613021526878544e-01
9.525646680430609470e-01
6.963865009266844153e-01
7.438146449582019315e-01
9.462786692294666846e-01
7.063008330529153556e-01
9.330541441144644121e-01
8.778382125012332837e-01
5.665864323575577899e-01
6.675238298430755668e-01
8.919549871126017937e-01
7.073895997099267641e-01
9.657139069288661615e-01
5.718489008202525259e-01
9.411484923809179115e-01
6.998466109880345787e-01
9.039329467393386608e-01
8.487118733936492854e-01
7.508548185322087010e-01
6.662292401392168051e-01
9.445085283385380448e-01
8.747868658227312411e-01
9.239368961753098297e-01
9.767482982097015487e-01
9.409061077590953337e-01
8.579221170319627499e-01
6.294285431155475230e-01
7.157974932770991838e-01
4.746042921478205168e-01
9.519638188483581231e-01
4.747592867599511601e-01
9.823733136771717334e-01
9.119688053598001831e-01
6.652938987459080522e-01
9.419188680017751558e-01
9.331038916277073492e-01
8.426460216377944512e-01
6.864067761555832092e-01
6.553080068378003276e-01
7.111815759737651899e-01
9.546938770214876691e-01
8.226873936959652189e-01
7.855747124097990364e-01
9.671214933432608074e-01
7.563171802730842552e-01
7.241977586114138887e-01
9.561168184992346886e-01
6.401362923288618223e-01
9.466936796434453072e-01
9.694914191458973152e-01
9.516810114116867059e-01
7.536943704620325812e-01
6.265021639549257504e-01
9.027975802046459552e-01
7.609542387651949680e-01
6.664423774337300266e-01
9.458526267694786771e-01
6.371590384661849349e-01
8.543510604535031749e-01
9.397315973958126900e-01
6.147101664992545844e-01
6.889380351651495094e-01
9.547643186341550070e-01
7.882992648551732096e-01
6.669573561963484387e-01
8.941462609377321957e-01
9.825813214336858170e-01
6.814017720295481029e-01
7.209839357490848144e-01
6.420897412613562061e-01
9.096792519414254041e-01
8.945861730843108761e-01
8.814996889945455605e-01
8.286794415250013923e-01
5.289133501192967435e-01
6.679978534765960152e-01
9.416966642490789408e-01
9.426586560959031580e-01
8.516616151518188182e-01
7.044032035977372264e-01
9.527555905722441265e-01
8.228556088535626811e-01
7.623228219048669985e-01
7.828069865437383701e-01
9.407351949994993134e-01
9.683011181220596564e-01
8.094343256242665374e-01
9.514983853598448782e-01
8.577938644735794149e-01
7.773069495432185505e-01
9.193417748618253338e-01
9.512118977955792420e-01
9.154524245306319141e-01
8.384602195632596677e-01
8.841291095293721813e-01
8.551964840946678637e-01
6.694242357412735211e-01
9.631396288119454807e-01
6.549490333817898913e-01
6.273166811525014985e-01
5.909121822769280996e-01
6.985476446782904469e-01
8.847410795393904070e-01
9.470837562526772668e-01
8.156737715341335626e-01
7.998102275384453286e-01
8.357762971618653003e-01
6.791247958216178882e-01
8.722925652614544889e-01
8.180017711655860335e-01
6.564755246542537392e-01
7.037451387252067203e-01
5.569750484374781374e-01
5.550686915217269979e-01
8.517533610385246146e-01
6.696194587803243614e-01
8.895915584372899865e-01
9.475964684430153717e-01
9.049796055891992097e-01
9.373511378257479709e-01
7.703069089168859129e-01
9.569908982746667681e-01
6.322805812468468289e-01
7.052414336231230818e-01
7.498176195443632119e-01
9.564076688293674522e-01
7.956036526823423438e-01
8.987926334669932293e-01
9.512142340381795069e-01
9.483095603910084437e-01
6.960001134549743673e-01
7.383360140802599503e-01
6.894172106721327964e-01
9.587804129275623310e-01
6.855478246363806427e-01
7.720855455882127405e-01
9.389634742561883129e-01
5.234430881740766983e-01
9.521508439244805722e-01
7.039647669809374619e-01
8.043330681251411596e-01
6.874317211117497717e-01
9.429526828087406720e-01
6.659241203377344043e-01
6.795679049624989698e-01
9.309040210048409314e-01
6.780479917117090416e-01
9.079830577728462693e-01
7.228312305675861360e-01
8.343487636765183346e-01
9.292915320999141082e-01
6.279833756718086191e-01
9.412843015730812946e-01
9.389264358068962757e-01
8.771269926711294795e-01
7.791845541157619293e-01
8.617275070838642526e-01
9.081869309308026050e-01
9.455189680092450644e-01
8.053226868278988704e-01
7.175847103629934276e-01
7.017606709145982613e-01
9.355020210360867061e-01
9.372720811675194774e-01
7.953001200795232206e-01
6.612531022254245494e-01
9.011485484265713275e-01
8.485149821975424000e-01
7.882371361563322854e-01
9.610446420761360464e-01
8.872324677084983957e-01
9.388644453710718318e-01
8.245434307017159847e-01
6.890955963963343311e-01
7.833155924875722098e-01
9.765083833694350179e-01
6.875751143564248213e-01
5.952586798590464578e-01
9.405331084101480332e-01
8.180904143518761273e-01
9.650479522788550923e-01
8.940125835400740684e-01
9.611349866078902071e-01
7.338119665198652442e-01
7.849533045540884046e-01
9.499234411571548797e-01
7.211531972983019623e-01
9.363269077974302190e-01
9.485980510251277309e-01
6.336696194263475856e-01
8.516864726619171044e-01
7.057727337776129595e-01
8.356509032669900972e-01
9.192138281086086327e-01
7.148891155823958732e-01
9.547906248817598085e-01
6.118570437522010685e-01
9.310006346652628384e-01
9.459355427243457681e-01
9.250075960845842715e-01
7.106173196082024024e-01
8.853402940113080932e-01
6.078242020166572113e-01
7.152312956562901780e-01
6.586360186394288885e-01
7.496794822266971137e-01
8.050620684277232098e-01
9.519556204751690176e-01
8.616653768470690089e-01
6.097650515155350615e-01
6.257128659003280413e-01
4.873424261652015144e-01
9.495908768000417277e-01
9.543832297029699596e-01
9.776121308872293136e-01
9.423183053525259201e-01
9.501529805495025904e-01
9.514423161913744265e-01
6.937872559548712292e-01
7.526385158945984033e-01
8.487029171511245584e-01
6.573730911044786129e-01
8.618260581111276686e-01
9.366787437081625090e-01
6.376542951599185605e-01
8.112404000025928985e-01
8.922125436497210238e-01
9.435658370833059916e-01
9.572784661722766320e-01
9.132074526655773461e-01
8.614436931018637500e-01
7.294304266657256619e-01
7.126773231041467760e-01
8.653553320315876540e-01
7.046616857591641025e-01
9.024915827909534283e-01
9.087144064859715709e-01
9.424312986450757990e-01
