-1.504886284697491972e-01
-6.050817291122427555e-02
8.032563115850165358e-01
-3.253903426476666416e-01
1.666853415228438662e-01
9.064204874570501724e-01
-1.193573169246625043e-01
-7.503814370351827301e-02
8.802278659047003684e-01
8.534570776821324145e-01
-1.697419119604923754e-01
9.191711571323437635e-01
-3.881939658695875150e-02
1.134556280627134484e-02
-3.988464409228995033e-01
9.356514560681817860e-01
8.343910984118504404e-01
8.710286960005417800e-01
8.755732458534754015e-01
8.123128740827323391e-01
9.294821164401215752e-01
9.341078118807936148e-01
-3.721740852376679287e-01
7.870019080331779326e-01
-1.192721584646319888e-01
8.023116708840229983e-01
8.364556912503993136e-01
-4.621894884924095115e-02
9.242958986814451272e-01
-1.407805283391487805e-01
-1.000170874187148728e-01
1.621939862722155123e-01
8.342224570262812833e-01
-1.432724250837260349e-01
-8.128080223332195819e-02
8.264585895894023260e-01
1.160654449819286255e-01
1.131044025385924967e-01
8.796588822759990878e-01
9.282625166876168343e-03
-1.196958829024133836e-01
-5.128157651124918281e-01
9.269090528602508261e-01
8.748432547119625591e-01
9.243472984459454311e-01
8.900004685431064377e-01
7.666254970441128691e-01
8.909389567421972522e-01
-5.833520924688377629e-02
7.710953789753326459e-01
9.253211439235002889e-01
-2.190746459913874011e-02
-1.803244309211447793e-02
-1.224524637917448061e-01
-7.963167563140234606e-02
9.324067295230588082e-01
9.635460372472923751e-01
8.981235220020606924e-01
8.307284059290584999e-01
8.798425755233550971e-01
8.215394350783860045e-01
8.358513552084730902e-01
-1.248508801773076382e-01
9.314972916003285697e-01
-1.733854719896640029e-01
-1.902620407793297885e-01
-6.784993622762297560e-02
8.509061074361337074e-01
-1.046423118883622883e-01
9.290707344387026945e-01
9.254482144580807867e-01
-1.418039445335401716e-01
-6.934408626994800762e-02
7.395705774330310622e-02
8.703510730762727965e-01
-2.617917987920148626e-02
-1.405677832843534036e-01
8.284617280646040527e-01
8.029466250621111190e-01
8.901939824155994385e-01
-6.137290594260835959e-03
8.622702799181231059e-03
7.341370033502113701e-01
-1.760333802158022820e-01
-1.742058875863680689e-02
-2.315147180215641753e-01
-1.358353868349385374e-01
-5.744329851923753172e-02
8.244510619809403140e-01
-2.171618417595152506e-01
-5.951825527104195879e-02
1.040778220826603095e-01
8.107135449224147639e-01
7.201597695346573236e-01
-2.058352833328633835e-01
8.656877645701431812e-01
8.823439121150743469e-01
9.076070630241606096e-01
8.152343588113131201e-01
8.348935429293415922e-01
7.919610076760595918e-01
9.517515070603869143e-01
-8.144947819526884847e-02
4.685023408988448976e-03
-2.206395914490323074e-01
-1.046536164615951559e-01
8.471952982959316536e-01
8.763064866223081451e-01
8.114661997840079133e-01
8.214982152655200265e-01
6.693175107586676886e-02
3.347183000013162490e-02
-9.968007481052301721e-02
8.147339933514536892e-01
9.474282654441741336e-01
-1.494538486648394893e-01
-5.048601044564558771e-02
8.404508437420281641e-01
9.122451234088018168e-01
9.375031383410875607e-01
7.969411295975534770e-01
8.447192140080279632e-01
7.485499536417111743e-03
8.929476262132499675e-01
8.522742395504675494e-01
-1.055772834033024132e-01
-2.781444427501964523e-01
7.599516618767285792e-01
-1.069678484980497168e-01
-4.304604451840836343e-02
8.271778977964834301e-01
6.624567633749689488e-03
8.237719328722382661e-01
-4.468285489866300475e-01
-1.719028237840295459e-01
9.270223426372219411e-01
8.254744263220142875e-01
8.985206862433998687e-01
8.489482036192503855e-01
-4.023306836187251490e-01
8.113774495299717060e-01
8.613409257605618707e-01
8.985663991348306068e-01
8.702570179729391953e-01
8.686735610853089096e-01
-2.963184815119383753e-02
7.915424672607198620e-01
9.024295725101603161e-01
-7.975768558920424967e-02
8.228783871819862483e-01
8.367578470868981544e-01
7.498373512560829734e-01
7.802201595069857554e-01
8.171731746319113032e-01
9.105457596453818692e-01
8.912198904200964167e-01
8.477271885929980044e-01
8.577556059968176605e-01
-1.267802558403379465e-01
-6.385033226978500953e-02
9.254345070063281220e-01
9.237843283851284726e-01
-7.258359090833417515e-02
7.953766687656346202e-01
-7.485824634688639789e-02
7.853509099309461394e-01
-3.274604753126186818e-03
4.354464412495864800e-02
1.811404143315127890e-01
8.163019959991859587e-01
8.271451470583464083e-01
-1.622806469352210124e-02
8.725635783017555713e-01
8.478690140269240505e-01
4.888516132771487943e-02
-3.813914797358042286e-01
2.465028825255316525e-02
-4.523370967741602300e-02
5.709558884630916431e-02
8.890555227760470469e-01
-3.076797290034944399e-01
7.972198301904915851e-01
7.756847537546649463e-01
-3.002261385084070144e-01
8.522151750351175670e-01
-2.957949695194360684e-01
8.410353533259499192e-01
8.968852353620478945e-01
-1.425046864846841732e-01
8.648966558109031366e-01
3.822045805509330374e-02
8.582001133255637848e-01
-3.019749547638311826e-03
9.450080569056943380e-01
-1.304031831375348227e-01
1.540681500046190214e-02
8.362934788720329804e-01
8.238574970464672687e-01
8.928676548511949029e-01
7.782385975802250666e-01
8.580098857822074931e-01
-3.367097345659425534e-01
1.868403741853576217e-02
-2.407819660849198906e-01
8.216223580679827831e-01
-1.420501673947550947e-01
-4.583320805200552517e-02
7.992423048756316373e-01
8.065538083917747070e-01
-2.243229484744964641e-01
-3.648383962595129204e-01
-2.106281933927672823e-03
7.102058445462646752e-01
8.763758956655354204e-01
7.460358987841815281e-01
8.229536484076666047e-01
-1.492865502801067057e-01
8.246024094543582539e-01
-4.540224496239812779e-02
1.141500626101993737e-01
8.882192205575980548e-01
-8.155576067357223069e-02
-1.944435512791949372e-01
-3.245128750908429782e-01
-2.384689331874624563e-02
-1.720709996628408400e-01
-2.919567138408131479e-02
1.124229083923548034e-01
8.574333935063345180e-01
-1.182352325740046173e-01
8.218984051450145545e-01
8.874613640591511032e-01
8.802520712840578021e-01
8.375187601186990793e-01
-5.648292989371804518e-02
8.430716552700976418e-01
-1.899662130663284099e-01
8.490232655167672116e-01
-1.133811407499236978e-01
-2.631056805949885669e-02
-9.153863951353213846e-02
7.409247826452701746e-01
5.284102398092496711e-02
-1.439815138790111748e-01
-3.357192296731520975e-01
-4.181173314151227782e-02
8.458116539696113323e-01
8.722216229063216308e-02
8.303482223916311966e-01
8.997950205799504220e-02
7.264648646169005186e-01
7.703809336503328886e-01
8.336517763168793671e-01
9.338079780926240581e-01
-2.014182950348092083e-01
7.574164346703526896e-01
-6.068668028814641624e-02
8.214298246422113703e-01
-2.608132628647670259e-01
9.174202790074388325e-01
8.134623995816416819e-01
8.396597975364027411e-01
8.285756677759186228e-01
7.932961667957516561e-01
8.957534985312038955e-01
9.241745931984615692e-02
-3.978877430714530816e-01
8.350912876520597550e-01
3.257981495566132646e-02
8.976667797982704755e-01
-1.467589080446912719e-02
-3.203448240918070622e-02
8.850539381087595414e-01
-7.385277064504110200e-02
-2.566385659505218131e-01
7.819331334508735631e-01
-1.316846675982807913e-01
8.549083376410160362e-01
-5.358145467607673684e-02
9.820680367553176471e-02
8.647986395086348921e-01
-3.297453278232709284e-02
8.072558484429901426e-01
-2.726905189556124154e-01
8.250157150934959160e-01
-4.253112816069983260e-01
8.571709490496550732e-01
8.666898440449607444e-01
9.098207884343890717e-01
-7.861476607124590066e-02
-1.125828873103362493e-01
