9.199940144914945384e-01
-4.326004061429169489e-01
-2.446664062845639587e-03
1.155757686111940907e-01
-3.459619964137802817e-01
7.727805894788908336e-01
9.284347985153078575e-01
8.061691438214816374e-01
9.272601608411730201e-01
3.677832156075593328e-01
2.985539212499889461e-02
8.133501454140075193e-01
3.263647812761918954e-02
8.901963244222230731e-01
9.560564164267839615e-01
8.366589776039985438e-01
-2.646646703217933605e-01
3.538016460292474352e-02
8.970529084146884324e-01
1.504891625365427366e-01
-6.623251672849959915e-03
8.092054840000314497e-01
-3.996680592588333081e-01
-3.068971015035710376e-02
8.948014565519101238e-01
9.007278528513068538e-01
9.218267383674654258e-01
8.973430614976251052e-01
7.890358292770296433e-01
-2.001275628497869996e-02
9.072741874675039897e-01
8.744878984254478294e-01
-1.508693962466723659e-01
4.211618292960705306e-02
9.025780701088161884e-01
-3.445032347084794333e-01
9.689653235710210533e-02
9.017109993431435822e-01
9.140255271893376054e-01
4.744050678328495113e-02
9.309317429675911804e-01
-3.305359094428925726e-01
-1.785827110079504787e-03
-2.644260285463798099e-01
1.172265359614199920e-01
9.304566516588842484e-01
-4.564495936464021963e-01
-2.921748045540484284e-01
8.077460546218644399e-01
-4.377142822702465019e-01
-2.020166060174596878e-01
7.775469896109621359e-01
-2.384888784063676770e-01
1.712795275112363180e-01
9.076897232880433153e-01
8.432437818347428005e-01
7.800713297489157982e-01
7.015815338288889924e-01
-4.763177090491215182e-01
6.880343489428437653e-01
6.834498632633111137e-02
-1.941876494663235531e-01
1.534154903692687699e-01
5.608265732240550611e-02
-4.040371086421831182e-01
-3.436714632106984690e-01
9.032169022525946556e-01
-3.880414123888938360e-01
9.018345480420820737e-01
-3.177761779363518224e-01
8.132314039966918040e-01
8.733760249342341631e-01
1.066337579046988393e-01
-3.432827900705644475e-01
-3.974268848178271196e-01
-4.575248726799376331e-01
1.709686175935872313e-02
7.764342806072801473e-01
9.094934203661265704e-01
1.975530663856723268e-01
-2.110806297063722026e-01
-3.305384211051728971e-01
1.165069913908749061e-01
9.331392475310216206e-01
1.121654937379275574e-01
1.423614657882744106e-01
7.231878701639475882e-01
9.010256544019970004e-01
8.413724784043077332e-01
9.012379383661685006e-01
-1.386256420943270118e-01
7.309696508796522663e-01
-2.224684780678698459e-02
-2.466017791215985577e-01
-1.086173286584067449e-01
9.291525321245182045e-01
-2.267866971509368001e-01
8.749629526457458617e-01
-2.936726363308313492e-01
7.118131085874102038e-01
3.401648082979263910e-01
9.106982978945185048e-01
-1.508847060061809797e-01
-1.331573517856786404e-02
-1.772866191384161738e-01
8.477163651441411707e-01
9.255927655882788541e-01
9.074246771052684180e-01
7.626028924837164880e-01
8.949911445425077217e-01
8.818409698017412035e-01
7.393581875698784778e-01
7.837284404370460644e-03
7.134808285373160919e-01
-3.216321795919587778e-01
-2.519132282572272841e-01
9.117177685922992492e-01
-3.348108922151141753e-01
-3.740457532290508147e-01
7.601657929989744655e-01
-1.841427534316946446e-01
7.323859313350047362e-01
7.557706145201080750e-01
1.071273610397310283e-01
7.208465938685818530e-01
9.033844041626615251e-01
-3.095394237433713447e-01
9.140768761163361456e-01
2.562545500337129467e-01
9.071208162449961865e-01
1.023565635856332201e-01
-4.327431237899910244e-01
7.496917713755787416e-01
-2.593892754488463237e-01
9.066492694468615277e-01
-2.046323865480323412e-01
-3.791454095558555726e-01
9.330150068719966772e-01
-2.408287824819891620e-01
9.224617660997566082e-01
1.991151788599640482e-03
9.118363871354154826e-01
4.247993981993978402e-02
8.025802389153369187e-01
-3.059197055117174324e-03
8.114719873404315775e-01
-2.981803050911174813e-01
-2.920328375399577348e-01
7.619900870638588453e-01
2.140389216345358614e-01
1.381522602918968112e-01
-2.359558196904344707e-02
7.875673155095507250e-01
6.897179635924412244e-02
1.482696144932131310e-01
9.070111553528585890e-01
7.193756543356749633e-01
-2.145376843047752946e-01
8.699489364530983426e-01
8.883690485536460679e-01
8.861803546904880591e-01
9.081161300048563589e-01
7.973389757322982829e-01
8.955861030203138284e-01
-2.872579814800281239e-01
1.536080519427761304e-01
9.211908487317094218e-01
9.110903625685590201e-01
2.336899010055475956e-01
8.210675022535282030e-01
4.125221077805529823e-01
-3.629762888866712167e-01
9.113509065312301871e-01
8.369646710934266487e-01
2.585494508126467972e-01
1.532936461929992611e-01
7.788791598451442200e-01
-1.308210977687754850e-01
7.489082285429735641e-01
7.716990988018991304e-01
4.158876238770342626e-01
7.383349427994203573e-01
-2.141297769550061791e-01
9.166351001174651847e-01
-7.015658158627985364e-02
-2.375202784763815744e-01
3.036060617385011318e-01
-4.014980793033585682e-01
9.027116647121607995e-01
-2.326638970464411649e-01
6.396136809085517516e-01
9.117627989441717817e-01
-3.655830415323103599e-01
9.104952495499039067e-01
1.496398993660133792e-01
-4.044560975276991766e-01
-8.040425633823200524e-02
9.182031934081531510e-01
3.338732935548105463e-02
-2.111594898782961638e-01
7.352682844794385941e-01
-1.186486620512103435e-01
8.686390556936616214e-01
-1.058446659144007818e-05
7.737557336534589547e-01
1.321702356016193070e-01
9.854950643456224235e-02
-3.905843659726929706e-01
9.174161366677541229e-01
9.087141839432324453e-01
-3.942177233077077680e-01
9.247684300073765185e-01
9.186756921832984757e-01
6.377600193712718024e-01
8.082146927252562563e-01
9.308765567515112638e-01
5.571664938028766945e-02
8.136200639738545570e-01
-2.757677801104032045e-01
9.132705860212350091e-01
7.280293293231034912e-01
1.921582139423365088e-01
-2.728257447104197042e-01
-2.656081158446945700e-01
8.963188647435673673e-01
-2.963341359053286439e-01
7.375830740585326284e-01
9.303286826619729943e-01
-2.705036903414033134e-01
8.541337453798752977e-01
8.629561828915054411e-01
-1.848539252822410106e-01
-1.385213492996220097e-01
9.635164945883430976e-01
7.620190458003063272e-01
7.494015826414275327e-01
8.568616218050271183e-01
-4.983650141636764563e-01
8.793854221843910857e-01
7.780036649141712779e-01
-3.906811643449915605e-01
8.740292054800773425e-01
8.927404299323756787e-01
9.008900332054633475e-01
2.248085064762936902e-01
1.028811582190511942e-01
1.394568266472611673e-01
9.084198167103516575e-01
3.618460402300421874e-02
7.703511332607587692e-01
7.902355936418024029e-01
7.893396617608139376e-01
-1.732396574289961355e-02
-1.462635884257516283e-01
-2.636736297913644389e-01
-1.828867627032851051e-01
5.186485729923923094e-02
9.131278723692412003e-01
-3.096505609557548624e-02
7.639558491996261136e-01
7.088081300943325225e-01
9.184270064405360978e-01
6.727620768009604513e-01
-2.516013002983852331e-01
8.069798621285713125e-01
-3.680360389320548320e-01
8.713676044415833433e-01
7.700688975796534663e-01
-3.118113312199143894e-01
1.855733976323001647e-02
-3.948091336712515886e-01
9.119825970502830614e-01
8.669624464614578141e-01
8.269470686324145170e-01
7.653732865742527425e-01
1.060398708979870264e-01
9.219800611016224501e-01
-8.056755987048463963e-02
9.007848879134213727e-01
8.848213409436865851e-01
-3.654798233828810972e-01
9.039452584938836299e-01
2.225899990614348956e-01
9.341395533214191804e-01
6.987620856214968867e-01
-4.875382817293213433e-01
1.714546941087232712e-01
9.026168142516516335e-01
9.049843513412487717e-01
9.323857718727452948e-01
9.104260766193844612e-01
9.356609570898177797e-03
2.322471856250476474e-01
1.294171823454292602e-01
4.927087959849432708e-03
-4.094142931505693195e-01
-2.180376248466280309e-01
9.382737336949998896e-01
-3.333409812392853500e-01
-1.678059808492419480e-01
