1.785845942962700772e-01
1.100016822444597475e-01
-2.397586895910946425e-01
9.167855870476510072e-01
8.537333863309687354e-01
-1.812468431407979197e-01
7.697787663439324690e-02
7.625767442644632021e-01
-3.639957738282743605e-01
7.512749054211671496e-01
3.736350556649521704e-02
3.534182598818051413e-01
-5.732324189708788015e-02
-3.179716944244768140e-01
7.213817439198730863e-01
9.023797330066075650e-01
7.926131846245918489e-01
-1.876447988763522978e-02
-3.713299437037663742e-01
3.280495907030683278e-01
-1.125754305102176153e-02
7.898801334950857900e-01
9.115599561127287753e-01
-2.339064742329701740e-01
-4.438562183755302981e-01
8.571184722930456079e-01
-3.094528992588285732e-01
-3.237412640160868271e-01
-2.977619029857903610e-01
9.108411774263961425e-01
9.155551879608133659e-01
-3.052793328236731440e-01
8.086217709057023084e-01
2.122147257378434182e-01
8.752584420600494353e-01
9.004548979686118892e-01
9.110613775255239633e-01
7.706526669589919276e-02
7.848742035293606589e-01
6.918323192831590251e-01
8.835980421135305463e-01
-4.067281967694168499e-01
7.822996645028169604e-01
9.215906402595017699e-01
-3.278512164778006888e-01
8.372960036542403950e-01
-4.019849942620267180e-01
8.021452693445705329e-01
9.538285977029539731e-02
1.157468198250817815e-01
9.558987262501716931e-01
7.626475501642646648e-01
-2.965345638195613920e-01
-1.780960880819418973e-02
9.264367920464071648e-01
-2.542597385283873468e-01
8.147772373054572581e-01
-1.409524656440409862e-02
1.486114693736081960e-02
7.177042127258879134e-01
9.282033687562096791e-01
7.532091390302181333e-02
8.717654826464716900e-01
6.439994382826397246e-02
3.144613791017427523e-02
4.530399061994354326e-02
7.846190717809149451e-01
-3.275199718426387019e-01
9.149585978753188575e-01
8.609610806380747494e-01
-3.180806448804995856e-01
4.243121937974572017e-02
7.632446778970908285e-01
-3.474816900982091172e-01
9.182027473509327686e-01
3.648142214122159638e-02
9.163473788384103313e-01
2.097816763412855764e-02
-3.938807402040724326e-01
9.124615737709640406e-01
6.957444059042937612e-01
-4.278659402390849742e-01
2.234381690798624420e-02
8.129863724470873798e-01
1.697422997664626773e-02
-2.240330950260412124e-01
-3.933457595217089153e-01
9.271962226004980545e-01
9.154906708573115059e-01
1.900185168315466494e-02
-2.329054267666436639e-01
5.833363515631165841e-01
-2.816083985459366112e-01
8.997975768686349296e-01
8.508899446170036240e-01
8.146714625681756861e-01
-1.466380498525254872e-01
-6.784529569253891501e-02
-1.643220946164501151e-01
-1.154485604951070166e-01
-1.815000267960075186e-01
7.265795493668889549e-01
9.392831335879687771e-01
6.141517173219090964e-03
3.008079461326342852e-01
9.004325685709920757e-01
-4.624490553095172984e-01
7.182455406632235473e-01
-3.087562183004705085e-01
-3.146229945743998502e-01
7.865128990539710374e-01
-1.838220427705861137e-01
1.697077148379731726e-02
7.529721288656311406e-01
7.964967884058783698e-02
-3.026691347083200201e-01
-2.441549719507192240e-01
8.869267184211493404e-01
-3.063502175048575804e-01
8.085553562683769346e-01
3.271122743751040535e-02
8.590359387086135001e-01
-4.125583238179445500e-01
-3.199057947665869817e-01
7.739345300715548825e-01
8.799447094864766283e-01
7.104843283363646567e-01
-3.563466474898138170e-01
1.202016627320665748e-02
-3.679390121719583462e-01
7.615522129065005474e-01
1.229722853101277991e-01
-1.591184127982874230e-01
-1.553846959158567687e-01
-3.143953795593546485e-01
7.857005826273361082e-01
-1.279816231373945012e-01
-2.473092867281876661e-01
-2.851900711199928384e-01
6.932223993589075040e-01
-4.840042686853541221e-01
8.935515700929997918e-01
-4.207812091979832303e-01
8.830394072042649367e-02
-2.853468435603402353e-01
8.864589529097063325e-01
-2.877552399091493074e-01
9.094275065195392971e-01
9.108167046492874341e-01
7.911365652033648665e-02
9.141740504316837601e-01
9.144262900636938030e-01
-1.306304745104268084e-01
-3.145720306179873860e-01
6.657235790232197692e-01
-3.679574266384197379e-01
8.905854728025069944e-01
6.897908896838612636e-01
7.646940884242772185e-01
-1.782998775075078368e-01
2.059208370149870071e-01
9.374004003854149447e-01
1.607246969745135950e-02
7.666672503750634471e-01
-4.247815451696438926e-01
2.220157577137662763e-01
9.101158506075570642e-01
8.717497779643643696e-01
9.156928199444438476e-01
9.222090239024678393e-01
8.822339604999381857e-01
-6.515550071493651785e-02
-1.622126478406678007e-01
1.972064045708651556e-02
9.057095673872909147e-01
8.006207014770670982e-01
-8.283589719296205467e-02
8.873686546328353186e-01
-6.354972733684044472e-02
-2.509629111767286425e-01
5.768082194617083491e-01
9.023728763621677862e-01
8.943050675074376565e-01
-8.907388565536529523e-02
8.284581358055869149e-01
9.136568396741981957e-01
7.828342084041435278e-01
-3.633697728556466999e-01
9.044903485300427315e-01
-2.392592495502005034e-01
9.438964076652180957e-01
-3.028314904540667651e-01
-3.370047902692130393e-01
-2.287305764259408847e-01
9.175627321769131983e-01
-3.014657635654571788e-01
-3.224342760954487797e-01
-2.380282727515191377e-01
-3.136948301537032524e-01
-4.050587418411014107e-01
9.063347584048392358e-01
-2.759642900394997933e-01
8.200557545418977190e-01
9.270520860116694406e-01
-3.107534795175698750e-01
7.895861696953697662e-01
9.207641734465716876e-01
-3.271825296533275584e-01
-1.374995674964673287e-01
-3.393910422709492947e-01
-2.628359143608952619e-01
-3.897885590924571320e-01
-1.312504681082572733e-01
-2.616768495217915991e-01
4.896711624213834213e-02
-3.617101591956907169e-01
8.929005699851636502e-01
9.064456233627596893e-01
8.714345038604330851e-01
8.812216805670425313e-01
9.103941775516664059e-01
-2.601207169820032861e-01
-4.007627575946971499e-01
-2.095151025948610024e-01
9.208201698635583021e-01
-3.199280451091657262e-01
9.012393207643093485e-01
7.288762139531111961e-01
1.664603615042209994e-01
8.023865280918850429e-01
2.237016962055209945e-01
9.314316612675233031e-01
8.046040178509904495e-01
-2.586425732050217086e-01
-3.823339088962738330e-01
-2.264026645023541340e-01
8.780138261083854090e-01
8.966467128061347269e-01
8.074632305334868976e-01
7.937853699326972157e-01
-2.538390198559941635e-01
-5.192680697324408845e-01
9.506692222437882478e-01
8.027620462253984845e-01
8.299479122047358493e-01
6.435037470071024168e-02
-8.103708334941139846e-02
9.319782939529388521e-01
7.171364085859754933e-02
7.868794316455823834e-01
-3.443747497245693845e-01
7.982534210900935623e-01
-2.062119405498765989e-01
7.377449583971326108e-01
4.023801549952864265e-02
9.007478113594534763e-01
4.311850162436795530e-01
-2.403624341000788756e-01
1.814402435604549613e-01
6.674793637489537801e-01
9.406188420939893824e-01
8.829464812649920891e-01
-2.195251926140137366e-01
8.921878945821929419e-01
9.285738686474113157e-01
-2.719675266703805439e-01
7.980902439585919605e-01
8.750842951377444390e-01
-2.146502157109797526e-01
7.727192623293337448e-01
8.895594141129992138e-01
9.314098194704728551e-01
1.554194801287895888e-01
7.942884906188832916e-01
-5.186877044450732138e-02
7.758928436993662858e-01
9.222542018473414149e-01
9.296042277179661362e-01
-4.839033558108433164e-01
8.848631593877203105e-01
-3.068428437077396764e-01
9.208346988370957886e-01
7.151160014623848538e-01
8.813362043560875325e-02
-3.501509518179226621e-01
-4.878907828203275787e-02
9.055028936302975673e-01
8.361748069350948276e-01
9.167176458568380149e-01
8.315367137866260805e-01
9.020664805205622638e-01
-2.811196627353143573e-02
9.069189590181714333e-01
7.746809219137067437e-01
2.955465723810317691e-01
7.845520000030661301e-01
