-2.621177467006937101e-01
7.980482686865202346e-01
3.362515342707506766e-02
8.012782589646912923e-01
-3.804468568121158190e-01
-2.347637470269576532e-01
8.235530153630804540e-01
9.033988361813609647e-01
-2.884829374290940884e-01
9.241705911723515632e-01
2.113250565745272702e-01
-3.315041299295199417e-01
-1.573957390389154609e-01
-4.154959342226191565e-02
8.041505819925752752e-01
-3.298260021454944568e-01
7.246888335653328683e-02
-3.805995537231808279e-01
-3.015509604853017223e-01
-3.084834933487142772e-01
-3.246493295849451344e-01
7.359657297395474362e-01
-4.657492448162408455e-02
4.537484595212263883e-01
-2.949978746870856594e-01
-4.759489752022119657e-01
9.112714904060754684e-01
2.809920665696936659e-01
9.526093846794622677e-02
7.849029538603811140e-01
2.312311762221676559e-01
9.169983004963754292e-01
7.841048648763586648e-01
7.545289111651030112e-01
7.327910252965811333e-01
9.124447557701187428e-01
2.096649457389600513e-01
7.902563698064075659e-01
-3.455273446950639649e-01
-3.094146266494229858e-01
9.233768409715382708e-01
9.210085097751194994e-01
8.439700515823741478e-01
6.831207615703106528e-01
7.150779189010814108e-01
-3.070944261836660027e-01
-2.690575408032226390e-01
9.193701318733973338e-01
2.830763392469633488e-01
-1.132738603697529961e-01
9.079435742847308255e-01
8.745252370597426106e-01
-3.703722190023732153e-01
-3.614785255446909540e-01
-6.474351773346025130e-02
-2.352657610682208356e-01
9.220546319175139116e-01
9.035078742201484436e-01
7.625739986503375922e-01
-2.122062894626197127e-01
9.044255623510162323e-01
1.592534632251580984e-01
8.031475832439071150e-01
9.174431496774428929e-01
-2.627125709526134112e-01
7.991442343237084023e-01
7.918866918900587804e-01
7.854360151564077075e-01
-2.262348568685055294e-01
-3.853991600658895345e-01
7.923700837703209210e-01
9.096548317629599145e-01
9.161863551309459286e-01
8.798392296113580757e-01
9.232958422504154994e-01
8.379333308979590722e-01
9.193370693392762805e-01
-2.667025886887368635e-01
7.598829419614726577e-01
9.059898921063729293e-01
7.967943026734964906e-01
7.773754078632699738e-01
6.954012783770767703e-01
7.771392261590499562e-01
8.847816865812327958e-01
-2.748809816457052357e-01
-2.786855828200028307e-01
-3.281955364338314807e-01
-3.959763349977633573e-01
7.859704421491686688e-01
7.716114542157216372e-01
9.156659335158200408e-01
8.137136639382610559e-01
-4.543012375433487238e-01
-3.041088667985961114e-01
8.816777025500337484e-01
9.429061294574683227e-01
8.951029495190673257e-01
9.089328022307283650e-01
9.072837350114874022e-01
6.355623118461015686e-01
8.759472619901533808e-01
-3.041028566941923472e-01
7.133181532055489216e-01
-3.090722454463858959e-01
1.411999767387401850e-01
-3.578757672641401100e-01
7.087649115595244798e-01
7.461762399240524646e-01
-2.314200254676130331e-01
-1.886201577248656502e-01
7.146304818050793761e-01
7.951526753250314217e-01
-2.315230017014674457e-01
9.249076523250501225e-01
7.478694329075354919e-01
-3.303380271736058305e-01
7.755137304012111876e-01
9.093256649067024133e-01
9.191033794337472029e-01
7.335561019174950959e-01
-3.425814435347329101e-01
-2.353794432910660123e-02
8.547215676075941015e-01
-5.810718451212566749e-03
-3.523512994652151509e-01
8.822852763941710919e-01
-1.757709671826206965e-01
1.989041157171305696e-01
7.815435463826950757e-01
7.702296609342783595e-01
2.056726357411669259e-01
2.741065788939245351e-01
7.085485562008814187e-01
-4.802247267163677891e-01
7.738407771954364245e-01
7.923804636612107044e-02
7.484197102798616497e-01
-3.982607617518963417e-01
9.451436518596553205e-01
-4.465468480001527629e-01
9.408862327827683947e-01
9.120110448312082063e-01
8.504642322329546422e-01
8.039291376553689972e-01
7.031337149129135433e-02
-1.279666932746813257e-01
-1.494540999154180261e-01
-2.200148444394442182e-01
-3.277977385712280700e-01
-3.432421089299786954e-01
2.375209148377653567e-01
1.458038422898563259e-02
-9.160015797695678086e-02
8.989602235494448257e-01
-3.709612322272299867e-01
8.621668400235023011e-01
7.721902224064945974e-01
8.794794241088169651e-01
9.350349955824412973e-01
-4.303004642285405690e-01
9.085234021551592543e-01
8.045443382885114625e-01
1.121416922390119780e-01
-3.290469783295022488e-01
6.079684797907863869e-01
8.767039801655431008e-02
-3.183022475428680109e-01
9.142664853112191237e-01
-9.705672667787972052e-02
2.394384710599016253e-01
-3.367844482015615037e-01
7.695674739579687618e-01
-2.762796586711057101e-01
-5.249634941063791027e-02
-2.517348254278750641e-01
3.197677252487915456e-03
-3.628770732767644391e-01
-4.417213434106561643e-01
9.223560660804082101e-01
7.268078096342265315e-01
7.852138175647337404e-01
9.215994371904009386e-01
-2.902222117804897916e-01
-2.753080312348287206e-01
7.906624545516021119e-01
8.314469868282906573e-01
-2.324085035478677119e-01
-3.232911392468930112e-01
7.279001023067367404e-01
3.150728846354917678e-01
8.296408015913687706e-01
9.046749684606201214e-01
5.579395320456338458e-01
8.764797049442449861e-01
9.360470070859070457e-01
-2.637893342653648832e-01
9.538671549055611765e-01
9.163678248366140533e-01
-4.481756266836512959e-01
9.798101720089491540e-03
3.553463147429851143e-01
8.327234971054237045e-02
7.089243828083183763e-01
8.488862051181084167e-01
1.294139842887652159e-01
8.083579563382146116e-01
9.029012483351899210e-01
8.900909767490429170e-01
-3.557591732551045882e-01
-3.342277457877991798e-01
-4.168412745623012450e-02
8.562648348290510247e-01
8.305185754171436896e-01
9.390638761451250982e-01
-4.638305655219367163e-03
-3.621600649654272419e-01
-2.027723435342163871e-01
-2.716781924776209278e-01
7.934151853814463973e-01
-6.775246902667728111e-02
2.287889976820375176e-02
9.060268089838443561e-01
-3.667090838866775560e-01
8.259689410238278962e-01
-5.222703707511547888e-01
-3.117479080484257259e-01
7.817265260141909033e-01
9.101231159784416436e-01
-1.240827848885960039e-02
5.092358260943695702e-01
9.112204406979406146e-01
-3.120676986069542136e-01
3.481926244641738721e-01
2.089521921955357631e-01
5.694995477067147510e-02
1.239179733356031432e-01
4.237475468953484647e-02
9.247299674884122966e-01
9.061201480518831231e-01
2.059673463306113117e-01
8.836806104162288067e-01
-9.477079949075296883e-03
7.127042681790152212e-01
-3.673275066688036494e-01
-2.362358091317411368e-01
6.740572880251153309e-01
7.966401051055969074e-01
6.401268058134679251e-03
6.487709744503015186e-01
-1.182902921504830340e-03
9.089325765697463533e-01
7.363394996689862082e-02
-3.524242371059305157e-02
9.140367447492632191e-01
-3.127660471920242768e-01
-3.181571992253929282e-01
1.699943448261037604e-01
6.998473484100138642e-02
8.809109475042723458e-01
-3.337526462164871477e-01
7.897308616492999533e-01
8.052920179196965123e-02
7.152018664360353384e-01
9.300575993671161834e-01
-3.020374603566531868e-01
-3.330765563442346089e-01
-3.205967865715163290e-03
9.039488703751790144e-01
-3.455697396764428886e-01
-4.562471514708529852e-01
-1.045142327260034296e-02
-3.182781479429463434e-01
-4.419887570767444540e-01
6.668675393757136360e-01
2.253410767291536693e-02
-2.496359364361625532e-01
-4.735053333674149600e-02
-2.721835420746595569e-01
-2.608600717706343608e-01
9.194789927127953177e-01
9.209716398374635515e-01
7.196765597759921529e-02
9.476041932199159579e-01
-2.788501617277907019e-01
-2.869115042442921260e-01
-4.438893334349057751e-01
3.357896049330338917e-02
-3.569727332184889912e-01
4.037841974692855246e-02
7.717178795268590796e-02
8.067861427393918650e-01
8.702226870165639117e-01
8.349134829667601565e-01
