8.634530263774162773e-01
1.798628834585538627e-01
8.918805869484454085e-01
7.010309946971604589e-02
7.611874452945533998e-01
-5.457144835058024696e-02
9.046609326203567392e-01
-2.600868695750078174e-01
2.864203040947829182e-01
-4.775300078257949110e-01
3.087118470876223375e-01
1.506913570213743725e-01
-3.647050078163794340e-01
8.714771278946137345e-01
7.308597342004432562e-01
8.761318357300112991e-01
9.349563024582124848e-01
7.215823612253334796e-01
3.099419095314881467e-02
7.071873178875999200e-01
-1.844868080210884664e-02
8.137610736087440289e-02
3.359993742730962157e-02
-4.798006895224994905e-01
8.007838224577075170e-01
7.979426053999878476e-01
-2.058619559643628805e-01
9.095457248671316997e-01
8.430732494700756696e-01
-2.010090679011548587e-01
7.972167735968955782e-01
1.596769517984857611e-01
-2.896448824118019738e-02
1.402746671349887897e-01
-1.976237837628265215e-01
9.199940145589912133e-01
7.825798157695833535e-01
7.207761263807863084e-02
7.710495785824583725e-02
9.108116531215147971e-01
6.968427800140519768e-01
-1.187473110389289377e-02
8.665874843859745491e-01
7.164610098657346882e-01
7.758316981673396562e-01
-3.596082183591519654e-01
-2.803457235872309772e-01
-7.531664093610404564e-02
-3.153292535602663094e-01
9.071983050127613302e-01
-4.568024048319854202e-01
9.105311930675011878e-01
7.991489206944815127e-01
-3.193704930235043982e-01
7.706726867951412263e-01
9.159926632215293907e-01
9.329149042511186707e-01
2.032362066005491408e-01
9.525939670172210993e-01
-3.057648635547587923e-01
-3.000913507561278615e-01
8.169763166880801286e-01
-3.727018958645111207e-02
3.759891426414572746e-01
1.349875876886893339e-02
6.666272103004783345e-01
9.033339063459681073e-01
4.659739509832265536e-02
7.486499479571375737e-01
5.345363163403249462e-02
-1.139917455907420996e-01
7.790341202714160529e-01
-2.803283834896625470e-01
8.045504821600834022e-01
5.928626487962700142e-02
2.641672959033788265e-02
9.209048952129103016e-01
-2.017998777320575976e-01
9.028330335816736607e-01
-2.470070487139800278e-02
9.523144755646520965e-01
7.146283445353318609e-01
2.114652227324926859e-01
-3.311256555653153133e-01
-3.531460313521683769e-01
9.207338258967282529e-01
7.978919602279651579e-01
-8.976693343423661209e-02
-3.499204833636497258e-01
-8.118333008305539389e-02
-2.369328895936689827e-02
-8.384858090627460292e-02
-2.378283387598796317e-01
-1.014024507240635364e-01
7.553878641906837110e-01
8.894811935356168320e-01
8.287867822966320519e-01
-2.729746325354176148e-02
-1.013277754140540915e-01
4.265348968055840406e-02
3.728504186656208391e-02
-2.467793966802442063e-01
8.441214748591040484e-01
8.854884043810029581e-01
8.922721029186846398e-01
7.787477544022786136e-01
7.439779002761908178e-01
9.545991292370999137e-03
-3.834270669487680472e-01
9.300718035138130224e-01
9.191412360556094896e-02
8.597418955950235642e-01
9.088737734276229885e-01
9.445112092448234575e-01
-4.533599079867238757e-01
1.077689390780901257e-01
9.168536530394296724e-01
8.828213405310838535e-01
9.086845272555965636e-01
9.301740534573272878e-01
9.120655694290245030e-01
7.626348876391585430e-01
9.035681931727588267e-01
7.899884153258810437e-01
1.212751830119246088e-01
-2.990060132282663097e-01
-1.590034678169086613e-01
8.501365947948316126e-01
2.711841323989874764e-02
3.537122415521291169e-02
8.862760238122266987e-01
-2.321401900953141972e-01
-3.605622802479788724e-01
8.464221931645391495e-01
8.298005783862631990e-01
2.918086509860682853e-01
7.522175468269756138e-01
7.943816489851375229e-01
8.792132692672693928e-02
7.340291979365723973e-01
6.834804315571425537e-01
9.300596453209510894e-01
8.022411565336964867e-03
-2.325870919455527153e-01
7.892221877460611212e-01
7.675684216974543173e-01
-1.247928406823818198e-01
5.509394440797274473e-03
7.377888658061978466e-01
-1.021636192552527467e-02
-3.298823743070924408e-01
2.037254574516710048e-01
-3.191700972504347700e-01
-4.174635837136225769e-01
-1.732221040979273208e-01
2.441694009335356602e-02
9.157129745671873655e-01
-3.165612016519474547e-01
-4.532590803226992926e-01
-4.334274525038858128e-01
9.056252727527276392e-01
-3.087938969862321636e-01
8.686527097170655409e-01
5.400253113714605785e-02
-1.988124120782067961e-01
9.171315292876641712e-01
9.257073116276703928e-01
-1.891126239999419423e-01
8.931950422263770228e-01
9.119141331839681897e-01
9.090498632333844364e-01
8.999772446847577045e-01
8.937549287543690157e-01
-1.388826455037768248e-01
-2.596864741292421730e-01
7.773883593262698177e-01
9.139784656184531952e-01
-3.610821581744339537e-01
7.756637104558382623e-01
-1.425739950096389930e-01
1.265909306543593904e-01
9.867983198271412792e-02
-3.133971181638466330e-01
4.599522385264869645e-02
-1.584269966418284936e-01
7.114724643829506423e-02
9.218136649445108910e-01
6.457612458597111749e-02
4.140776142481168709e-02
-2.788607828698237978e-01
5.570172225677377104e-02
7.581357601110344513e-01
-3.813678206098620183e-01
9.243059097533145030e-01
8.558875388134712381e-01
9.001686504733734662e-01
9.214846925220508966e-01
7.068729785930150111e-01
-2.721343168777195509e-01
-4.121964810346756547e-01
-3.641227496417619447e-01
-2.697226073473136254e-01
-3.123602560061062294e-01
1.894792050129618169e-02
8.988281191936308145e-01
8.987320039563859719e-01
8.461968337250695971e-01
9.085801414310360480e-01
6.597314896127800532e-01
6.649183719559630390e-01
7.521593361455227722e-01
-1.438943795756657540e-01
8.731477048575000399e-01
-1.508152268325625156e-01
-1.882831529980467655e-01
-1.084350051411165222e-01
8.104956384136418057e-01
9.510191715928216771e-01
7.817225348452637723e-01
9.053515335480504245e-01
8.031255973841713303e-01
7.443081702076578265e-01
-3.126028236548221706e-01
7.392055705896123374e-01
-4.617629762286322437e-03
-1.160324032020218776e-01
9.085890837540293585e-01
8.710599319953348241e-01
8.712778007565114002e-01
9.032044473139296814e-01
-4.343987209803629873e-02
7.204849734414786600e-01
8.933829051318156189e-01
8.711640528697296437e-01
4.141974078605788895e-02
-6.412558786789264442e-03
-3.343526692992195293e-01
1.577735720101500205e-01
8.516456906559618512e-01
-6.805150440970322845e-02
7.721679663309796160e-01
7.763193633480438560e-01
-3.174618311903795731e-02
7.979791692435455053e-01
-3.144758579883242811e-01
1.981881105722233805e-01
9.121986786442640716e-01
8.938924470136123679e-01
-1.871007927835279527e-01
9.340885892899852827e-01
-3.796630957783583837e-01
8.829436675899854370e-01
9.194115215879358205e-01
-3.251059629566856457e-01
-2.637191860100591700e-01
5.209557760497056378e-02
-1.833683329604340051e-01
8.900582094584829074e-01
7.845365587285243469e-01
9.232975246576882178e-01
-2.709964235780017855e-02
9.155409836131027657e-01
7.136739499081465876e-01
9.160323854199047267e-01
7.917929642740889618e-01
-1.732097734528577626e-01
7.002945851835319369e-01
9.081433015446612744e-01
8.600768969965923993e-01
9.354434542399475694e-01
-8.676236791709111829e-03
9.029589423754598165e-01
1.451593103505813276e-01
8.243501936074766334e-01
9.183825440593451628e-01
7.375178571317295706e-01
2.501414982504823192e-01
8.268641613783784816e-01
7.812976067492396481e-01
-5.055729422445121024e-01
-2.044565245450578606e-01
-3.607769471055478627e-01
4.111025691495320822e-02
-1.134869853648833860e-01
7.880445788445945565e-01
7.942325350784750215e-01
-2.945222936799107849e-01
4.591166877914971967e-02
7.037633922643933559e-02
-2.801209537524596005e-01
9.297247366993233175e-01
-3.910680226510723778e-01
