7.775316871741774216e-01
8.119710420343129176e-01
2.256991749471230768e-02
6.930631985940835516e-03
-2.882963116532288872e-01
7.593174114318055334e-01
-3.029330142309951124e-01
6.852768808768978648e-01
8.469538476114486514e-01
8.208292756082284924e-01
7.956914478846497385e-01
8.942930797196747550e-01
-3.434344210227776029e-01
-3.132341121080440272e-01
4.551145988625707184e-02
-1.318115753287701919e-01
9.142353839394761206e-01
9.246296285670939641e-01
7.950558622329481073e-01
-2.461800606500437472e-02
7.877724167940612920e-01
9.140841621536127670e-01
7.193167314204233775e-02
8.546065480327695862e-01
9.872024947953209062e-02
7.413464727339756921e-01
7.757632662423474823e-01
9.115911515799316467e-01
-5.928284582339612974e-04
7.734025639551007636e-01
-3.098124797912378270e-01
-9.622823178282036150e-02
-3.286927561992697977e-01
-4.082040166633537637e-01
5.678738702580449910e-02
1.316871561581152150e-01
-4.186619699421885166e-01
9.117399591640881207e-01
9.155602009076835301e-01
7.729389779916933101e-01
1.277537449831149530e-01
2.565957395691687570e-01
-3.715376449663501113e-01
-3.261319444886168761e-01
9.327568750356662886e-01
-2.695087780587990256e-01
8.915541714808458140e-01
7.483940478188294554e-01
-1.542532090618677076e-02
-1.169723848126552057e-01
-3.384075364819290610e-01
4.206809771735574299e-02
9.367859304719524660e-01
-4.011699457846804595e-01
8.051311323475666137e-01
7.909645062123216164e-01
9.159542875027457676e-01
-2.502193067877960253e-01
6.494090277668047584e-01
7.183639904215400884e-01
8.669322435861727127e-01
7.796026173652477187e-01
8.995921007938885161e-01
7.831191468876178563e-01
-1.885651193800432779e-01
-4.325649568349759777e-01
6.285160595985245235e-02
7.402745674053519132e-01
-3.369173919973801334e-01
9.016337673155891963e-01
7.898698272295849865e-01
8.331701109110003500e-01
7.422401595766521254e-01
-3.279110415162583836e-01
9.108675132161340171e-01
7.144685669492765179e-01
7.290356539118595380e-01
7.925972238679738213e-01
7.901439257487613554e-01
3.963541998694519730e-02
9.285749187774883229e-02
9.204253350273806644e-01
-1.238890612067150288e-01
8.038878439034151668e-01
8.330019830936969960e-01
-4.442762716287301794e-01
9.012227717688219286e-01
9.058789166404608295e-01
2.483822776388835418e-01
-3.292221106270343256e-01
9.159684579574404184e-01
5.766396370679695016e-01
7.953392072593139517e-01
-7.294770575097843379e-02
-2.778841423518284004e-01
9.209131570305160164e-01
8.023345917509543401e-01
1.942388559183087782e-02
9.219268169678882519e-01
-3.718618870299287282e-01
7.772134533471600770e-01
8.431079026364368678e-01
1.943454937712846622e-02
9.033252215081282177e-01
-4.293150376512166466e-01
7.720409951220010836e-01
-2.968189210395753563e-01
7.555082853421382083e-01
7.690272285226849025e-01
7.818476043706363843e-01
-1.999863812136616348e-01
-3.723752680694265571e-01
-3.762733220516741722e-02
7.312911092604040819e-01
8.811733348504759977e-01
7.942581961416760317e-01
2.701224765192521415e-01
-3.302404808195358865e-01
-3.504726003714357385e-01
-2.195881598566128412e-01
7.475495800206044539e-01
-3.784775640386164874e-01
7.024277897507469337e-01
-5.131559248123566258e-02
6.225142377368272223e-02
-1.710413742658706271e-02
-2.713080694481533328e-01
1.755604953652022474e-02
-3.488958025924970285e-01
9.073193309376993421e-01
9.436544336771698349e-01
-1.305600808078196673e-01
-3.664411699236510001e-01
-2.227253557632877246e-01
-2.467549307519865120e-01
-2.813792537994170839e-01
7.631984795656261422e-01
1.990639330922598649e-01
-3.291139799814131184e-01
7.808827982728979711e-01
-3.318628214007143806e-01
7.440888806543638490e-01
5.667036701281412403e-02
-2.970970466536746457e-01
-3.685273816165081651e-01
1.913083852985552058e-01
8.867761677471414083e-01
-8.593921599730541816e-02
-2.714123884239125206e-01
-3.216887398745295612e-01
6.676258253819380983e-02
7.820208178991955306e-01
7.617055438438258275e-01
-2.912660738687687378e-01
7.215981006482325988e-01
7.999617545932780072e-01
8.800125897718070744e-01
8.874629256849613235e-01
-3.133285887278610682e-01
-2.126698372677191529e-01
9.141064155682225856e-01
7.197138397644035068e-01
9.119678193891590512e-01
9.822255325323914210e-02
-5.058323416640072567e-01
9.169767888765185671e-01
9.145398866521488035e-01
-3.530874037249389641e-01
9.108743944982954366e-01
6.505275727775886030e-02
-2.516332927281608733e-01
-3.577265224242841546e-01
8.008808774797296359e-02
3.769777619939956304e-01
2.543754422228771683e-01
-4.964962312864971694e-01
-2.917633278000650310e-01
3.980480917444499667e-02
-4.107382094115738513e-01
-3.503853605527152415e-01
2.378943232046336620e-01
-5.425295961244507026e-02
-2.758508539249470704e-01
-2.005592234369355520e-01
1.699388814903121658e-01
4.729265025827845692e-01
-7.852471007379763224e-04
-3.918162359996943400e-01
2.515830933107120471e-01
9.842767973089924793e-02
9.300299289118487689e-01
-3.058431632375691045e-01
7.330375458326584548e-01
-2.652399207645236845e-01
8.749186180395217560e-01
8.330899961668487563e-01
8.996898163749907917e-01
9.327526925590623463e-01
9.219049000891231804e-01
4.145804691096644651e-02
7.839415018454406470e-01
9.610742576667921089e-01
8.215352739015199246e-01
9.119795654595856949e-01
1.513785680009799017e-01
-2.597046823228268408e-01
7.684922980522365110e-01
-2.805845305459779560e-02
-2.517717360826590700e-01
-3.512032366627948488e-01
-3.064284970988567780e-01
-3.028598190124685563e-01
-1.819607113231073298e-02
-3.281869239065861033e-01
-3.128635546022257574e-01
7.070414619242046950e-01
8.999176713951571038e-01
9.235552112348316411e-01
8.291318654629194207e-02
9.047282943553710544e-01
7.552423335879727695e-01
8.721093473854555356e-01
-1.628089748164399109e-02
-2.467201955857099005e-01
8.230120582230681103e-01
-1.697621880200457789e-01
6.702550631635401102e-01
8.816631516954480663e-01
9.136892606919662096e-01
8.797455178469275605e-01
7.655159007469467536e-01
-9.461931902837883435e-02
9.061784896897273622e-01
7.754836298596006205e-01
9.148684614991637876e-01
8.527742204500358136e-01
9.161595504241241139e-01
9.117820907690402654e-01
2.546990401830774575e-02
5.071546408740315592e-03
9.316560109067159035e-01
8.134140318200918651e-01
-1.314070975266517227e-01
-3.225735158685651971e-01
-4.639943734994385061e-01
1.232960128837387037e-01
9.219792701904635512e-01
7.978408201235751562e-01
-3.122367322744696305e-01
2.043722726567287484e-01
7.593683822039579701e-01
3.195050424227096064e-01
1.216466223992365425e-01
8.862564615115107181e-01
9.300260425808489773e-01
9.017051266783882024e-01
9.003397729318587395e-01
7.916042120012298788e-01
2.844443594674836984e-01
7.730357673024126353e-01
1.466853978455310292e-01
6.872662270063769618e-01
-4.080956957450668776e-01
9.257580111874618156e-01
-5.240100737572781636e-03
8.981378223582723308e-01
7.193753562638368626e-01
-3.909380351817158261e-01
8.844750071676364955e-01
-1.070037686484086314e-02
7.133207604936786517e-02
7.939819788930351230e-01
-2.347162108507653833e-01
6.060027595675999690e-01
-1.113131593567663891e-01
7.572122060787885856e-01
6.087309076442323219e-01
-4.314284222255080348e-01
-3.048393085807637459e-01
-2.988820468496728999e-01
9.226662245523119532e-01
-4.164217277734818534e-01
8.930735489173765584e-01
9.218844524999630918e-01
8.955063135762487692e-01
7.623223946359813930e-01
7.971759005213814309e-01
2.949882626889368392e-02
3.412094778859432465e-01
5.845389184775624525e-01
1.116372268565613279e-01
-3.866521810789164681e-01
8.258895857292404552e-02
1.721614012495504276e-01
2.237805776861795937e-01
8.759374036816331976e-01
3.490571580060828488e-02
-5.281210956865028949e-01
