-3.665975479292286066e-01
8.459243314590108032e-01
8.189424176887228901e-01
-6.157973160709440119e-02
-1.618276124270435490e-01
6.508263711897904757e-02
8.213316260966038174e-01
8.328566203932888934e-01
7.368224108303311759e-01
-8.524298675669297887e-03
-9.490327396134308480e-02
8.442333221020410505e-01
-1.431360718597176618e-01
8.748534970924677356e-01
-1.147831767187435792e-01
8.152783325919203961e-01
-1.061851415435950269e-01
8.807701676072899888e-01
-4.685862015018003868e-02
8.694725489415300324e-01
-1.338051101745739435e-02
1.191955786734156947e-01
-1.855636361283294344e-01
8.574124878605926536e-01
9.258605619139665954e-01
-6.339356838242415915e-02
9.220676910860212683e-01
9.744668959359977789e-01
-1.667225246399333671e-01
8.768198435166721927e-01
-2.847476970168893451e-01
-8.703412996063085438e-02
8.485837083875351627e-01
8.879079208744380391e-01
9.313067624676844014e-01
8.389553627812733616e-01
8.035486607042882645e-02
8.993474352005320638e-01
7.861858769378606837e-01
-3.926668163419864133e-01
-9.271011307006025992e-02
9.358182547891193970e-01
1.935184899243369283e-01
8.014930555144339497e-01
8.903481728774633730e-01
-7.222146448310318156e-02
-1.834737075190574773e-01
9.588841304995812109e-01
7.634600492189483889e-01
-7.540125880673936853e-02
-5.294774993863535228e-02
-2.315451868370880240e-01
-1.527835585951185793e-01
8.007917293483278742e-01
8.577589348539287339e-01
-2.763609249306341886e-01
8.589412190424231541e-01
8.266210021637679928e-01
-2.171834246569168403e-01
7.873560621136380666e-01
9.085020529546345980e-01
9.030311566377213772e-01
-1.902208959385237874e-01
9.263476741881017107e-01
9.260096340310689511e-01
-1.922404302995514014e-01
-2.771212617715023696e-01
8.671367124410641614e-01
-1.102857406899580422e-01
-2.369141552720367139e-01
6.937135277506112363e-03
-5.064307669727864669e-02
-2.637864502251165977e-01
-3.267076764462694127e-01
8.357380665344852355e-01
9.347438214853461824e-01
9.112570056924131912e-01
7.402359701108683909e-01
8.657254378209187085e-01
9.158427164280880106e-01
-2.606026367534092225e-01
9.418522560977939939e-01
9.990363963500494826e-01
-7.516660883142602112e-02
8.045752078189573053e-01
8.176825540554411020e-01
-2.129784957038352577e-01
8.207320583972503858e-01
9.093119964546662048e-01
-2.641229224242127027e-01
8.295532018089979420e-01
8.379371059946226774e-01
-1.670804619338900066e-01
-1.635250173363389514e-01
9.510681742935221950e-01
9.053788638576867331e-01
-8.758354617694959210e-02
8.558662759153381483e-01
8.011539875535064192e-01
-3.478360142152814305e-01
-1.499440006007857762e-01
-1.476575128231011336e-01
-2.772776370247201187e-03
-1.753135289790356821e-01
2.113974134930866888e-02
7.970948631547114527e-01
1.192392330054722061e-01
-6.379352788404207830e-02
9.335617910160184385e-01
9.340556224607048375e-01
-3.133809146329997186e-01
8.990205366934049813e-01
9.236530924943500143e-01
9.947374694710892085e-02
9.417602786529220005e-01
8.327561742602734851e-01
8.760687364212687012e-01
8.665611929786991574e-01
-9.657460737199803635e-02
9.153894649081522061e-01
9.202365154745940634e-01
8.176289869591235604e-02
7.995273276536175588e-01
-1.792300492786909338e-02
-8.371123642949496180e-02
8.633764310679504783e-01
8.454782342825759578e-01
-3.363816318799988103e-01
9.121400465372053734e-01
-1.675333060679250197e-01
-3.653163972353432043e-01
8.758626144076542275e-01
-2.983352437086473352e-01
-5.965194866133446960e-02
8.138055323584102441e-01
8.514377048155986616e-01
7.861591975458864789e-01
8.413503005985664140e-01
-2.943594908996009507e-01
2.374932986877410432e-02
8.554668554094075894e-01
-2.756327377457885863e-02
8.949734436101473012e-01
-1.160461438629648012e-03
-3.164073792907408089e-01
-1.759107002224855054e-04
7.845293767884173874e-01
8.413653273187552406e-01
9.614155937831483922e-02
-1.684018355579537662e-01
-8.101498443825867757e-02
8.220446096483178255e-01
-1.271223259231080704e-01
9.071025413531103032e-01
-3.669298575010241925e-01
9.073167509820679877e-01
9.254641622055852501e-01
8.799584771537632966e-01
9.290514430083951503e-01
9.448715704262409254e-01
9.313210902649117218e-01
-2.715139660389188081e-01
8.880899848348685621e-01
8.798018620244870691e-01
-2.690808281127052282e-01
8.451452905512547575e-01
8.062751367055633889e-01
8.814103570058833270e-01
7.921572027615108036e-01
7.362475997106945336e-01
9.021668895692404044e-01
8.917223543902108585e-01
9.265158758407718853e-01
1.606480120841442816e-02
9.016576768453206103e-01
-1.249407367932080792e-01
8.881462220787905704e-01
-3.105481733225416430e-01
5.688954042502525343e-03
-5.589983705342145559e-02
-2.383740796741210533e-01
-1.701061628740327958e-01
8.262509435365855692e-01
9.087117866466910554e-01
8.705639437104633060e-01
9.387471310455215434e-01
-2.649361818760584408e-01
9.085508734878515735e-01
8.820353194443862899e-01
-3.037530914732328169e-01
8.512014352132791783e-01
8.055007865204240058e-01
3.477628798774634600e-02
1.787941561539025392e-01
-3.249903251855734698e-02
-1.877477940448026017e-01
-3.606847972184305806e-02
-4.995124049427784874e-03
-1.600333555659530782e-01
8.394666975081543914e-01
-1.277615743329214293e-01
-2.804900896153102452e-01
-3.081268088179802134e-01
8.911398470888022283e-01
8.330285021901293607e-01
-2.208951414082898079e-01
-1.710325196248218271e-01
-3.959032888092983704e-02
-1.470760717142355345e-01
8.115536169568940972e-01
8.090595872013184309e-01
8.696785766338472889e-01
6.499488726568458663e-01
-2.765823585143553642e-01
8.342176631598765546e-01
-5.979588429153097351e-02
9.062551208008120529e-01
8.594879832120742025e-01
-3.700681213417783000e-01
-2.229040031456094029e-01
9.133808870199975338e-01
-2.171134696112003437e-01
9.460825948397253438e-01
8.804444942776057381e-01
-2.825168632863563900e-01
9.594426922655145962e-01
-1.600926942816503218e-01
8.621349399188950047e-01
8.978855745713292258e-01
9.338119185301250180e-01
-2.933526206928467883e-01
-2.398218470424126059e-01
8.541737770033180910e-01
8.331864225194820506e-01
5.484154201673306639e-02
8.665680978741769902e-01
9.327630628178763539e-01
8.513201425809083789e-01
-1.878679980707642638e-01
9.336159728127864099e-01
8.563876671663233076e-01
8.900433062999406619e-01
9.587148292387871473e-01
-3.116902673775766019e-01
9.164765741213306560e-01
8.088188378697953596e-01
8.510334966250692190e-01
8.032499256656422393e-01
8.268380673334477793e-01
8.960024566129867196e-01
-8.736404447475609736e-02
9.194767469789721925e-01
8.532042885759114625e-01
8.407394749793019040e-01
-1.778510314597583075e-01
8.644935551771415483e-01
9.303744115709776663e-01
-7.788607587174194158e-02
-3.831077903677295726e-01
-5.068741148167656974e-01
-1.838964946934134037e-01
-2.436307310475052113e-01
-2.328085749901783741e-01
8.592024764258755498e-01
-1.571560322875514559e-01
6.908706227296679270e-01
-2.018947966246347758e-01
8.815716243284386078e-01
6.792935034088376511e-02
9.220245610410950921e-01
-1.334822645284518272e-01
9.198191956733434704e-01
8.299397345345009835e-01
8.911341823815259744e-01
9.556645022711063309e-01
-3.417457749677202949e-01
9.434926192593902083e-01
8.286241726374735661e-01
1.100649795060355957e-01
8.713657876365261679e-01
4.279521464864821656e-03
8.263273523040357560e-01
-3.244352810646861096e-03
9.295355185743066073e-01
2.930270561276912544e-03
9.060112971602073406e-01
7.898924671546144749e-01
8.879469297966617880e-01
8.425007259022710970e-01
-2.830995725946297559e-02
-1.631917252677506092e-01
-3.746072794699278341e-01
-2.029729549166831015e-01
8.583674778255233617e-01
9.449476429356817864e-02
8.768649182896165462e-01
8.956195474360271191e-01
-3.776285890237039977e-01
9.313438343095337135e-01
-3.133891371952350346e-01
