5.664150740577962584e-02
-3.708454424691400853e-01
-2.182201799165449096e-01
-1.774532275065983378e-01
8.141532725683356952e-01
8.131242642382419117e-01
-6.875130096826487236e-02
8.403689366933313476e-01
-5.908834622865927200e-02
-2.853191868108249929e-02
7.888320490662207307e-01
8.399271796488188002e-01
-1.896254973061861637e-02
8.032271983807727223e-01
-1.982103681851726806e-01
-4.097020929541814183e-01
8.083624997411811286e-01
-2.628738176313230590e-01
8.052601587601807553e-01
7.553927352938697437e-01
8.021631767544172842e-01
8.114112809599857146e-01
-1.724778444720536513e-02
-2.670139729404931717e-01
-6.430832568873318111e-02
-2.939644458427302931e-01
8.266634694105481351e-01
8.110768454808567895e-01
7.867492162246130238e-01
4.238562142385345066e-02
9.027721717892728259e-01
8.081802739080929943e-01
8.886484012032992430e-01
-6.906142831642067548e-02
-1.021134824997807361e-01
8.237275754705115638e-01
-2.079379871905960575e-02
8.166051669819573977e-01
-3.270370409179476634e-01
8.439132625734293569e-01
8.134781584223845785e-01
4.956661983598825011e-02
8.186014224762425684e-01
8.479283392478700332e-01
-3.879338901431321762e-01
-5.108744243831606080e-02
-2.704050459566551545e-01
-2.951241864657160874e-01
5.880571507917885937e-02
-3.139174264986178686e-01
7.735840532387729951e-01
8.329942074080146641e-01
7.628780601485073420e-01
-8.894064979791857506e-02
8.249308397687231675e-01
7.983943064915722809e-01
7.247970062147259807e-01
-1.481828045098350366e-01
1.419531355710625109e-02
8.103982403233965792e-01
8.065195216443640236e-01
-3.413580389696094786e-01
2.146686215161119904e-03
7.983882689464252280e-01
7.889046874988517866e-01
-1.616616953737059215e-01
6.909303687680592998e-02
-3.987183139522403053e-02
2.091949496684639975e-01
-1.026335244466476393e-01
-5.090660290431249513e-02
5.883295158000387826e-01
-3.757666405241373575e-02
-3.351767105272550062e-01
8.076294251340118135e-01
-1.658342757307710302e-01
-8.245678151355245733e-02
8.484538070384118891e-01
-3.998243111618304813e-01
-3.525429155553364002e-02
7.613966953448339514e-02
-1.656842574866473350e-01
-3.568891429480177679e-01
7.957120041648124698e-01
-4.194683496276330747e-01
8.017895082096910819e-01
1.814375431330759320e-02
7.574252531586991299e-01
-3.876329991231345917e-01
-1.799836208324130937e-01
8.056258203067445667e-01
8.190124647646161993e-01
7.821509160764910096e-01
-1.446010677855266713e-01
-2.838531459541797641e-01
7.968594288974027995e-01
-1.441566731878747565e-02
7.222146725278930646e-01
8.080413578601667313e-01
-5.437501281167349959e-02
-3.994825028598973926e-01
-4.074588744641820942e-02
-5.449877351069928322e-01
5.920964591408874739e-02
-1.707985016601641926e-01
-1.576818089922548127e-01
-2.932317547158459492e-01
-2.736793053084105032e-01
7.901482949396443356e-01
8.278741484613875157e-01
8.270594149407636264e-01
8.379075065116041721e-01
5.880393833020280958e-02
8.465202714691769104e-04
8.127016232266899287e-01
-2.915156446043315475e-01
-1.874271080709603299e-01
8.187315732999285167e-01
1.675088791043626013e-02
8.036896251091721899e-01
8.239571089896293721e-01
8.364766260806366649e-01
-1.335146921628962702e-01
-1.465748037242866897e-01
-2.969388416652259388e-01
6.527482689628119616e-03
7.450493768896200297e-01
7.904963113231832095e-01
8.136703421985637119e-01
1.574930438677469569e-01
8.007516769350198071e-01
-1.190772372150868674e-01
7.932503007808312523e-01
-2.663394337195780226e-01
7.516512688255627683e-01
7.999150849654341755e-01
8.098038675166822076e-01
-4.043260921869487046e-01
8.154992805579193149e-01
8.032669877132028180e-01
8.528083474508663109e-01
8.050386454139523140e-01
8.110945600538079781e-01
8.308503410112945131e-01
7.801953452325369742e-01
-3.590995833710353691e-01
7.877529303426102913e-01
-3.235153624086447022e-01
-1.571903018707610511e-01
9.471401278874529150e-02
-3.608076550534549537e-02
-9.737553501880714946e-02
-1.359609192992297655e-01
8.063933901688885575e-01
8.270404706769662884e-01
8.215746175013768360e-01
-8.322363477290173339e-02
7.959730830052231809e-01
8.892358773760157264e-01
7.808122560431596249e-01
7.386290224375715585e-01
8.290926072101553190e-01
8.167468981735714895e-01
-1.520794814851611498e-01
7.818782577934779709e-01
-5.121659027126931329e-01
-2.862214691227180086e-02
8.343389650793040513e-01
8.174534932084982497e-01
7.987161405661469260e-01
7.799779401160285008e-01
-4.844618096765439530e-01
-1.776031037649411504e-01
-3.330386522470088484e-01
-3.381528925861420065e-01
3.192885951225898217e-02
-8.550940161429426700e-02
8.304572344319558486e-01
-2.642045476590990649e-01
7.851355988181178969e-01
-2.408402917544892885e-01
7.938335106062754942e-01
-4.128473191553402172e-02
-2.515354398779534040e-01
7.955951364826928662e-01
-2.825667634484778645e-01
-1.833770376872381758e-02
8.145048519303499379e-01
7.891249079601925231e-01
7.980721923733411494e-01
8.360009478706031949e-01
8.223237771111189254e-01
7.407271443246593590e-01
8.136420552228119663e-01
8.157527796213879245e-01
-2.794950617034519524e-01
-1.707975130999979940e-01
-7.324483423613636912e-02
-4.579067899249675833e-01
-2.443268244237062348e-02
7.929861158118949316e-01
8.248242700012567985e-01
-3.164498333784142303e-02
-3.308544907913926747e-02
4.465576443942793905e-02
-1.319665719012487470e-02
-2.266148317629702591e-01
-4.027449393816687762e-01
8.038373962310525478e-01
-3.455368381658195931e-01
7.686958277048585586e-01
3.685644074064922671e-03
-5.503888304484033656e-02
7.764825594388152785e-01
-2.111718671228421107e-01
8.109650471058955645e-01
8.296735375534940449e-01
8.172731630413481163e-01
7.485999802532620206e-01
7.674902943091986840e-01
-1.889769819033996490e-01
-3.114381798304103888e-01
8.129940390542957918e-01
-1.190561549224897764e-01
-5.853572203035937171e-01
-1.109372277967647230e-01
-2.267883617336849678e-01
-3.014691147405659244e-01
7.706346980659332102e-01
-1.084753014445636599e-01
2.723742845136835067e-01
-2.430203083991855362e-02
8.795550769252269419e-02
8.067803723883373301e-01
-1.589197062946517969e-01
-8.960387407918096736e-02
9.199247444729934386e-01
8.180158911144871370e-01
-1.522594942183608246e-01
8.166037554422088673e-01
7.934165988449884965e-01
-2.260233132268990308e-01
8.316111841542128680e-01
-1.621363236180803913e-01
1.626692823943924615e-02
-2.021539406137946859e-02
8.377000217225166745e-01
7.859183282216106736e-01
7.590355456486583829e-01
-3.506009973157143134e-01
-4.825037220680550298e-02
8.007197084610109261e-01
8.354431548265486285e-01
8.154439936743451689e-01
-5.913298988303421211e-02
-2.594909621545054002e-01
-4.434299662620262705e-02
9.463276760968423185e-01
8.406062527301715326e-01
8.145181342734466590e-01
7.995625190772082114e-01
8.255317016849040845e-01
8.053285350526443453e-01
-1.552678519010939340e-01
-1.371260162212180056e-01
-6.655313524638249711e-02
-3.701582561774017788e-01
-3.387192608168011765e-02
-9.948584450490929876e-02
-1.598824598931563590e-01
-4.205468047024063516e-01
-1.906287614145438514e-01
8.392569879053912718e-01
-3.309300118006279212e-01
8.090944810150710875e-01
8.413633999051496337e-01
-3.422628757237138331e-01
-4.332598064363073487e-01
8.087757304788505408e-01
-2.704294341968251081e-02
