-2.550637506294914925e-01
-4.218177551012138871e-01
-4.520411280745658122e-01
-1.960930396542463483e-01
1.501810562403993743e-01
5.541810521924627614e-02
-3.715649638238851526e-01
-3.568793930494532779e-04
-1.690946076673403853e-01
1.163241763264758893e-01
-4.705630549958019770e-01
3.940987932584921749e-01
-2.346282073210959884e-01
2.066743161945779894e-01
-3.622864135683117048e-01
8.808354353544084470e-02
-3.331010085430626821e-01
-2.968844794696858247e-01
3.626986944316627492e-01
1.667918075862100946e-01
1.342786421908165606e-01
-2.695116173957095573e-01
-3.386540246348653804e-01
-2.764496607485722457e-01
-8.893203967531097820e-02
-3.580868575696292688e-01
3.008096863894514916e-01
-4.115185529999396685e-01
2.227951239380611681e-01
5.263135569209146380e-01
-2.201040742652536075e-01
-5.730315810051764269e-02
-2.817692541600548273e-01
-4.085837943560340357e-01
-6.712232226186190531e-02
2.617091704104305694e-01
-2.614908342732885638e-01
1.857954681857603152e-01
2.895180495269467635e-01
4.408200056126993505e-01
3.661839144107258970e-01
2.368234751257420889e-01
-3.745888067778916364e-01
-3.522328980446681745e-01
9.919258117012519360e-02
2.569394143669251895e-01
1.038622359541421791e-01
-4.167216765459369476e-01
-3.376517263495084631e-01
-1.745564720420077487e-01
8.573949860154309738e-03
-4.363917118204218570e-01
7.024341448240430108e-02
-1.630852712106974634e-01
3.328438891679995626e-01
2.083062991148219856e-01
3.093646587331840350e-02
-3.967045510124737606e-01
-1.132541955657343988e-02
-2.901513637164197523e-01
-2.326405221364857556e-01
1.195527463624459913e-01
2.700468831294255412e-01
-8.228645892344454982e-02
2.754937424941799606e-01
4.117717925860509554e-01
4.894560567870646084e-01
-9.105960943925081597e-02
1.979280025241693663e-01
3.734579584858799817e-01
2.053993563942111134e-01
4.234213998057324013e-01
-3.742928953812116322e-01
-3.549111235530955644e-01
4.285909327987065531e-02
3.381601455411287899e-02
6.530952033936028925e-03
4.091512235317221191e-01
1.354335188964372605e-01
-4.213365927017287960e-01
2.010318167992888871e-01
-3.377431826515509550e-01
-4.368829113061338254e-01
-3.800006231319297823e-01
-4.035364264113177613e-01
-2.225065169929350550e-01
-1.586834679320547805e-03
2.856585654223547932e-01
-3.238488103092097004e-01
9.809931809393088176e-02
-2.672988879865903500e-01
1.749897655474277336e-01
2.566582576261477455e-01
2.293138662171074760e-01
1.326642539644210805e-01
-2.265431012181892134e-01
-9.789926385631848860e-02
1.206046973647817017e-01
3.023738744721868876e-01
-2.801001558598959496e-01
3.083073147051958451e-01
-2.662755742638018286e-01
3.844021920630512068e-01
3.347957732357974558e-01
-6.828724428614590947e-02
1.779301586758197939e-01
-2.785890049579527461e-01
-3.085743546314014679e-02
-2.089504682572965177e-02
-9.921600175119872633e-02
4.635770719285700059e-01
-1.797185359455883980e-01
1.964332787625757415e-01
2.438114034468135405e-01
-3.867274756504138766e-01
2.032535017054240833e-01
5.029268865036293779e-01
3.046271378719802581e-01
-5.646304957927871654e-02
2.877445524279467759e-01
1.525751259720889152e-01
-2.786162980758754570e-01
2.025052174451893311e-02
-1.761249442285510447e-01
-5.148802763000118188e-02
-3.775653890659197987e-01
1.993078632920068649e-02
-2.306978970534548090e-01
3.329226711121726079e-01
1.554820027847669539e-01
5.443111985858524182e-01
-3.659359351140578087e-01
1.814419816894761450e-01
-4.088544358158486824e-01
7.565904923157955320e-02
5.334376367859917645e-01
-3.334596881742194485e-01
-1.203183661207742339e-01
-3.367109604860146765e-01
-1.884054546015024034e-01
-1.859514152157998312e-01
1.969963191055794371e-01
1.650901172423903385e-01
-1.784880719187695586e-01
2.606352922546528172e-01
-9.825296833965671550e-02
2.709178304463129017e-01
-6.392014909118735877e-02
3.138391885901394285e-01
3.258936507636581853e-02
6.853197797531333790e-02
2.700181940638257672e-01
-5.566922033733172348e-02
-1.811853885886890725e-01
2.635531469644467606e-01
2.363648810589970284e-01
-3.680500716124695537e-01
-3.517971130927195489e-01
2.691914694189732615e-01
1.652871310911788183e-01
-4.392272332243526423e-01
1.625037726890002365e-01
9.080016571046219120e-02
1.584910232295699828e-01
-4.275005443812971984e-01
2.967269053730655082e-01
-1.588532105392232718e-01
1.293856390018967017e-01
2.923467021030354829e-01
3.330128072381770277e-02
1.590321651912842693e-01
3.404005339430203891e-01
2.278869358791885957e-01
-1.914241893819792345e-02
-4.498088240283711348e-01
4.800505349763624641e-01
1.457351219490394811e-01
-8.193691199506518419e-02
-1.193765119955550735e-01
-3.025005396889263176e-01
8.266968403781925490e-02
-3.211856744353808191e-01
3.289427063403361218e-01
2.716624419040535032e-02
1.228037668679484440e-01
4.081611746986939515e-01
1.855092398828174505e-01
5.243036719680364000e-01
-2.005545702835644650e-01
3.068513500412889949e-01
-2.453795216412363867e-01
-1.685514036902223678e-01
8.191000703379211489e-02
-2.784097450977010002e-01
-3.835118889271584841e-01
-9.017721166076887729e-03
-4.072889233839380174e-01
-3.265896625048088642e-01
1.494895416390315257e-01
-2.368998184606011803e-01
2.604827092208693573e-01
9.174914773643125243e-02
5.025786507128520153e-01
-1.206872170770634384e-01
-1.702575309936564529e-01
-1.415231465928703247e-01
-5.267542715880388915e-01
-2.565824518054571346e-01
3.979626981947956832e-01
2.256815371600617848e-01
2.115644210316368623e-01
-9.680692114630905232e-02
1.433434636302927390e-01
6.449973003411467454e-02
2.279214619709910294e-01
3.873002973572344798e-01
3.281094558005760997e-01
-1.428885722442845840e-01
7.857340987549610301e-02
-2.068402738038307986e-01
-2.159055327009481162e-01
3.890472085021264292e-01
1.849312304747453839e-01
-1.612655107342144123e-01
1.068613568772675271e-01
8.624315146526879972e-02
4.698911035499882538e-01
2.009520258950938110e-01
-1.479823270725418721e-02
-1.621452614337164089e-01
1.819817995818977518e-01
8.726434561345765284e-02
-1.912464963858741263e-01
1.687250429600993529e-02
1.742935029602199759e-01
4.095529392301829330e-01
3.530377098707591643e-01
1.391075276494027624e-01
-7.890330682212197411e-02
-2.272961174551786367e-01
-1.836997619550562177e-02
-1.241494204520020850e-01
2.594362923865887738e-01
1.743891886778176359e-01
2.243558536148949345e-01
-1.524629030761725235e-01
4.695762172344606911e-01
2.650409006100460929e-01
2.263850915222615778e-01
5.868489208522486428e-02
1.252979855399110609e-01
-6.814966757212026494e-02
8.989285423389395402e-02
-7.352056849889952728e-03
-5.065878655966533223e-02
-3.566568723242519723e-01
-3.014156274317680850e-01
-4.455969973170860743e-01
-1.799666738561388202e-01
2.510749967351688650e-01
3.901441053655425040e-01
2.852423504561225620e-01
-7.971112040282421485e-02
1.443833611117294746e-01
2.401545957414203958e-01
-2.881401910799851196e-01
5.976913149225385746e-01
1.699178775821261200e-01
-3.496902305016942880e-01
-1.686235499387148395e-01
2.155636331093678526e-01
3.629568062337003576e-01
-3.472917085212018917e-01
-1.122689751760481136e-01
1.169901049186292535e-01
3.835852781713233739e-02
4.529779201110241682e-01
-1.969214948760234299e-02
-1.797921269224944940e-01
1.733897672779565469e-01
5.471493501380453317e-01
1.886196353409896331e-01
-4.731141095217669679e-02
6.363849022770254327e-02
-2.109517364175413773e-02
3.649736949430206212e-01
-9.935635045266133503e-02
4.458053920773926149e-01
2.169374852727984637e-01
5.939785158031971046e-02
3.472747083207270435e-01
1.087175286642288047e-01
-4.138233858490533157e-01
-3.510024245246458618e-01
7.973833571650933150e-02
-1.950202876774238536e-01
-2.021134965654975205e-02
1.279884856552854777e-01
-1.437550341607503057e-01
