-8.397393422108015426e-02
-2.597354261852594104e-01
8.097898159670127161e-01
8.549711661943799612e-01
8.686822277688682759e-01
-1.223085761387654041e-01
8.856516659817104120e-01
-1.479170454400755563e-01
8.614126209432727554e-01
-3.565687705839260535e-01
8.208945257513873273e-01
-1.815425981813019451e-02
8.722813230369846904e-01
-3.110276659695531687e-01
8.381920139846692486e-01
-1.008227664835323334e-01
-3.253454841143152421e-01
-1.517818204949532568e-01
7.280522587314286476e-01
9.451294818615462168e-01
8.643176776949260676e-01
8.701044246254552306e-01
8.820526954321854518e-01
-4.879834361888617245e-02
-1.117109432009054382e-01
9.393629846847668663e-01
8.633318584256020056e-01
-3.898869728735877005e-01
-1.568761910690934513e-01
9.193041965640316171e-01
-2.216668141854582497e-01
8.419938070024586274e-01
-4.244018674930818413e-01
-1.190750944705236958e-01
8.695889135339924803e-01
8.853270008428252291e-01
8.218552900347592116e-01
-1.343509534855314991e-01
-2.227484462719979130e-01
-1.313436740231043731e-01
8.548460311728526273e-01
-1.202706334819407391e-01
9.130840561532036492e-01
-2.738344892098406591e-01
-3.746075790767908753e-01
9.528468156484557472e-01
1.133651826801144874e-01
8.603224924272345753e-01
-3.465531128002815042e-01
8.786949748536998506e-01
9.218260367507439268e-01
9.322084571220505822e-01
1.144192229598589294e-01
-5.425092443528380104e-02
9.168876286438740753e-01
-2.285251031015329837e-02
8.275882446390931957e-01
-2.543087972557195320e-01
8.383126754801751845e-01
8.963742062518239573e-01
8.661720691340555334e-01
8.907979199269462356e-01
9.313468423193772550e-01
8.696421833023393333e-01
9.247463653906785597e-01
1.918689303730483631e-01
9.176175733297876613e-01
8.215154582529626826e-01
-1.617007537437850639e-01
8.454519715738832986e-01
9.098698049053800530e-01
-1.075116023581934588e-02
-2.805015085944388975e-01
-2.692336711345876266e-01
8.450124719440631482e-01
-8.472000339114356404e-02
9.085174208468493884e-01
-1.348584173610684611e-01
-6.046571722291339546e-01
8.820239483741052489e-01
6.777223174379648496e-03
-1.368407337982396610e-01
9.250219152374234977e-01
9.307524895866557957e-01
2.017250419223801106e-01
9.098608215119671216e-01
8.547750924360317804e-01
9.990256369097356703e-01
-3.643592871320661120e-01
8.043755468420982213e-01
-5.850243215278096154e-02
9.312284514283257764e-01
9.414284789943573317e-01
1.506235313063093439e-01
8.584983948719162594e-01
9.270518326446501867e-01
8.273180474016961217e-01
-1.334443265555836922e-01
2.966521638467814470e-02
-2.605357365796334146e-01
4.667576992607590236e-02
9.427078596505577002e-01
8.636556839245428385e-01
-2.269640725040033558e-01
8.524537117699158006e-01
8.512142047906109399e-01
-1.832270556252647564e-01
9.451676656941903065e-01
8.546872823215121429e-01
8.873366797587178834e-01
-3.454296355340252811e-01
8.386100133498866072e-01
8.697278323621754348e-01
-1.324539508944551081e-01
2.250735549753322962e-04
8.853453106965151198e-01
-3.005887079899144942e-01
9.888242389379744424e-01
8.384687788747180459e-01
-2.398774140616230510e-01
8.638618421904665778e-01
-2.091315712119040104e-01
-2.970247269037142868e-01
-9.702193351277751954e-02
9.985890030135984308e-01
-2.666488749189804275e-01
9.044644345562862231e-01
9.233868368468446386e-01
-5.499691508051498534e-01
8.095902730185294827e-01
8.090289533198816718e-01
-1.393604609924204429e-01
9.233544373097481994e-01
9.730840071161196703e-02
8.426522677772254610e-01
-1.392811919597948533e-01
9.290981748860392964e-01
7.526543963684069194e-01
-6.932353017698278386e-02
9.368429304900064425e-01
-3.904506304168582353e-01
8.951491609636074154e-01
-1.861255917094697676e-01
9.099918075881660018e-01
9.349835014348064632e-01
-1.436112097675534827e-01
-4.544294945531673902e-02
7.928921172146069507e-01
7.546291049958866459e-01
-6.069727630146447284e-02
8.533122980793037549e-01
-1.896472446397014233e-01
8.359115123230063948e-02
3.495689380359323639e-03
8.682488433199795352e-01
9.358356781071575092e-01
8.234903251136849178e-01
8.278069021594194332e-01
-1.628826480475711047e-01
6.611476908034681355e-01
8.048398285912279349e-01
8.575308952642763938e-01
9.215110675579138988e-01
9.306239576645072287e-01
-3.263610925151192999e-01
8.597787058696811924e-01
-4.229126370196749640e-01
8.505728682539102081e-01
-1.628993364866024030e-01
-1.850979942549145218e-01
-1.673812608256097234e-01
1.342755958775900538e-01
-2.758005252946316155e-01
9.472757421377590026e-01
7.843100939438470975e-01
-1.586486256675135875e-01
-1.138160664020512747e-02
8.692361732256792539e-01
-2.489392027937751828e-01
8.781402573678278589e-01
8.771796288694104771e-01
-7.150792705458546006e-02
-2.995066483625463682e-02
-1.706514370622117527e-01
-3.133063923573968790e-01
-8.970889326598682767e-02
8.893731579745345339e-01
6.972272628738548916e-02
1.538471120312456808e-02
8.785328122199258516e-01
8.410956645238887308e-01
-7.638771498842478191e-02
-3.328004461789021429e-01
-2.194343012656262970e-01
2.178058458880645365e-02
-2.771116400147058401e-03
8.554687326237963019e-01
-6.447634968449662829e-02
9.128030235719748475e-01
9.295508902520313033e-01
-2.225059467320015250e-01
-3.037108123856579467e-01
-2.806259131711960064e-01
-1.215331684246063748e-01
9.036278099877335102e-01
9.532270772506334922e-01
-1.297031927398539786e-01
-1.148164911567243762e-01
9.082559678469886988e-01
2.883959787897037719e-02
-8.328980725978302191e-02
-2.304444882622847801e-01
8.533577391678663915e-01
8.033019667703586997e-01
7.248467569779462605e-02
7.945692908707173707e-01
-2.356564659682313656e-01
8.839741379470846816e-01
1.425008932480482937e-02
9.893191203428022273e-01
9.203347478886781952e-01
9.072841229277115449e-01
8.229912851389837858e-01
-8.173445783990776481e-02
7.967642951698716836e-02
9.045587543636972594e-01
-2.709539557782404962e-01
8.690147484407373391e-01
8.368551087840601088e-01
9.359321807277358740e-01
8.460611873694801055e-01
7.120707976267140471e-02
-3.742300424111372203e-02
8.270274572549067837e-01
9.036782066858015661e-01
9.419739869418051192e-01
8.530224651537604563e-01
-2.067228729552498256e-01
1.804011381545365666e-01
-4.161844709358626659e-02
5.684470519277007305e-03
9.299952336105479223e-01
-1.006812284422977932e-01
9.511644946958000557e-02
-3.372023211158431399e-02
-1.982153704668257466e-01
1.156537055884644671e-02
-2.917966414882732784e-01
8.763982063762826291e-01
-4.531349985157979987e-02
8.150358342457703076e-01
3.799072723233479741e-03
8.633374477681419190e-01
-3.318265393251755846e-01
9.069859773142682213e-01
8.580884695104906701e-01
8.618756620332698182e-01
6.009286113973638654e-01
8.480261782527224179e-01
2.412180790433719746e-02
8.457051972685559749e-01
8.126643268799299547e-01
8.321037482577275934e-01
9.503158973471439452e-01
-3.640887284120301048e-01
8.520977002213934171e-01
9.330507578834958959e-01
8.841215303849356832e-01
8.377799843959432557e-01
7.748000040697470281e-01
8.638720519310668644e-01
8.847781578954435622e-01
9.077514744777572808e-01
8.749006229830024184e-01
-1.838895797254389286e-01
-6.700506387459581603e-02
-1.953130803763903633e-01
9.335601450461350481e-01
8.410712394409256554e-01
-1.328025077957596112e-01
9.524104033829028371e-01
-2.680436225696150032e-01
-5.437425437775685044e-02
-3.401873229772059415e-02
-1.943940280845393442e-01
8.953955306126906155e-01
8.771315741954682776e-01
8.432632658512327906e-01
-2.985796779817530278e-02
8.885557170887914413e-01
8.402546134744015571e-01
-1.390297434083664352e-01
