-3.985763537346347918e-01
-4.921555396859648157e-01
2.064019141256161760e-01
-4.379568599285859620e-01
-2.858054676950219086e-01
5.341292997900792816e-02
-4.728485103014669066e-01
-4.599567678922801828e-01
-4.161428338549951200e-01
-4.564955216425273798e-01
-3.836098884985882917e-01
1.667932399391503506e-01
-9.868806997860943286e-02
-4.589017169044459776e-01
-2.616166969559409194e-01
-4.252790620015012291e-01
-3.038678734148937410e-01
1.215505778033709877e-01
-1.530717720402448301e-01
-3.087187142090505598e-01
-1.218394858416734783e-01
3.497416269136022771e-01
-3.153826970123819740e-01
-1.835182677794633399e-01
9.592255413366394812e-02
1.346263773163417776e-01
-4.217524694721421774e-01
4.790620311341124704e-02
7.791265812609277086e-02
-4.057392902694380021e-01
-4.390441496396472187e-01
-6.129462855739628568e-02
-4.088624514519567099e-01
-3.663812413986359262e-01
-4.219602304342287558e-01
9.838038377469243700e-02
-7.345039676210363133e-03
-4.425758748047144142e-02
1.313723940232550957e-01
-4.681302987746852606e-01
-9.439545364422192997e-02
-4.412833623208581857e-01
-5.043558675219158571e-01
1.778409928711535415e-01
-4.639206190628848980e-01
1.802943057882165634e-02
-3.703135225993047230e-01
-2.827210798899406630e-01
-3.048280729111978449e-01
-2.739487672951826935e-01
1.095705242506590793e-02
-3.925259409070232519e-01
2.579823377728782674e-01
1.770551892881833123e-01
-3.243237825881156167e-01
2.685623867859658342e-01
6.877016381121306421e-02
-1.029127983227878795e-01
-4.082052198475825122e-01
-2.868625299377860483e-01
-9.527009378156997554e-02
-7.016778506727158748e-02
-7.439098991774067277e-03
-2.106756003191917748e-01
2.572300545183645037e-01
-4.567465567024639461e-01
-2.973745648812471942e-01
6.182770709771426981e-02
-1.057769150187873874e-01
1.361903009612911442e-01
4.999778211522490912e-01
-1.261210321794247191e-01
1.376891392837854000e-01
-4.276806482176059299e-01
2.545672008542818054e-01
1.543639377804663926e-01
-2.564705310357539014e-01
1.253151169550894561e-01
1.447063081509839533e-01
-4.615163511485796954e-01
-4.296968922009393177e-01
-1.924666138401161519e-01
-4.478940039454567534e-01
-1.934400456324694706e-01
-4.318682251178693199e-01
-4.975759819173334875e-01
-2.390926015529416526e-01
2.137096565707093943e-01
1.048778893072796620e-01
-3.525889050049673679e-01
-4.454585445117772435e-01
-2.814872588063755399e-01
5.299670771247175227e-02
-2.008138179757694708e-01
1.255428302615999026e-01
-8.137717704431332577e-02
-2.674960234134156623e-01
6.796400197092442030e-02
4.026438042095756981e-02
-3.181608083805845810e-01
-3.844148106525758779e-01
-8.835987150652546696e-02
-4.724191220702042560e-01
-4.591940557694663694e-01
-3.182824078542895174e-01
-3.664499277403876487e-01
-2.392612339595586168e-01
-1.270247410060553750e-01
-4.726172652144721154e-01
-3.742986247712249970e-01
-1.421039357227538713e-01
-4.661188398034616376e-01
-2.333786976267301916e-01
-5.025701814593274558e-02
-3.280209596691256446e-01
-2.137727952740070894e-02
-4.232711012937965256e-01
-3.666935794465747689e-01
1.380516874355082746e-01
1.055822959395671390e-01
-3.113095651120715845e-01
-9.614692105679784051e-02
-3.113862987104422733e-02
-3.711542557540172815e-01
-3.809373561352984994e-01
-4.323389931472860354e-02
-4.274649024750490356e-01
6.126021429713190969e-03
-5.226600778509069567e-01
-2.621215508787816950e-01
-5.220143091648633549e-01
-1.308796407587999311e-01
-3.782997237887864017e-02
1.081380723909203673e-01
4.576087234209366139e-01
-3.809817847837307925e-01
-2.569994385694531758e-01
1.760868217509862499e-01
-4.472104063629112058e-01
-4.075352858747085527e-01
-4.251748868801326076e-01
7.383474344964099934e-02
4.098221124425574513e-02
-6.053430490341174530e-02
1.430308052551097775e-01
2.310524516688735042e-01
2.684290165800813921e-01
2.070401546722962227e-02
9.851597078855407752e-02
2.719255263806112655e-02
-5.047065726846263756e-01
-4.165148278008758975e-01
-3.928437220432631216e-01
-2.914971829502626122e-01
3.083992327198455639e-03
9.444938623403112410e-02
-9.338033606797399577e-02
1.437995690678770533e-01
-3.623623352965233968e-01
-3.102662849702976233e-01
-7.368308377425893119e-02
-4.795148098992699226e-01
-4.573673427044659956e-01
1.125234663577579092e-01
-4.804640538540773664e-01
-4.179206261347409579e-01
-2.420397762487320192e-01
6.310464370126536715e-02
-4.081957223991427575e-01
1.554632318306737870e-01
-2.298655531681313424e-01
-4.091142912974847778e-01
3.456836742148326758e-02
-1.882541952050003076e-01
-3.701857033296304111e-01
-5.293493773152092852e-02
-4.791291812124010008e-01
-4.915068736269677108e-01
-4.563824712208491841e-01
-4.280910689923522749e-01
-1.104305225907682986e-01
-1.151625014560640758e-01
-4.673249183305700494e-01
-5.355460743188503736e-01
-4.516066521753819285e-01
2.504623890209229931e-01
1.763108590712041124e-03
-3.200958770666247344e-01
-6.999423760454814847e-04
-3.770184431200072073e-01
-4.403947515518193134e-02
-7.299702790088925808e-02
-4.508955242280908160e-01
1.196862456413775172e-01
-1.236659852348108990e-01
-2.886322801722100984e-01
2.510014594275462030e-01
-3.964134053799102109e-01
-3.689178765534491533e-01
-4.134729077943442577e-01
-4.644850164515004765e-01
-4.384163871568925730e-01
-2.544611309579620784e-01
-7.944363595888891127e-02
-1.096672532227642299e-01
-3.152170311645742240e-01
-1.316260853105191697e-01
-3.840759509750333311e-01
-4.018091259527757364e-01
-4.569166172642945001e-01
-2.631752318652442746e-01
-3.773851213379914027e-01
7.516074173910085310e-02
-2.021593591359835407e-01
-1.171629609668176503e-01
7.354457576346397352e-02
-1.409730934417777193e-01
-4.117950249513630534e-01
-1.322676264145879188e-02
-3.954077414624670439e-01
-5.077554060001716607e-01
-3.924782016909079962e-03
-4.402312472900278273e-01
-4.795153905000925088e-01
1.037238049008657598e-02
2.234928130698297655e-01
9.875772281490878546e-02
-5.548733983934245328e-02
1.399353559676425329e-01
-4.390926023103680631e-01
-2.727769721405802761e-01
-4.047450637733210344e-01
-3.981825880602617440e-01
1.079564722397673149e-02
-2.860586682752946364e-01
-1.177983669199424849e-02
-4.467206104129654021e-01
2.390628948998532455e-01
1.251602728682842114e-02
-5.032844478902562813e-01
-4.708290620373197233e-01
-4.341603636043632475e-02
-3.313038937686427765e-01
-4.503463686191974680e-01
-3.894177980963214325e-01
-5.105194831563163449e-01
-3.554422750054732627e-01
-2.491853562011036027e-01
-3.481314395345895263e-01
3.678845835983561852e-01
-3.510416602951275666e-01
-4.536118104928049122e-01
-4.879639689590175022e-01
1.550317691370222545e-02
-3.250833921668128679e-01
-5.100286557373486795e-01
3.516010263912868195e-01
-5.743193665107952928e-01
-3.278011855337675112e-02
-5.276489353624176371e-01
7.626096162999498190e-03
-2.440904665895853032e-01
-2.878355156188956432e-01
-1.474271220535846444e-02
1.687811238178517914e-01
1.641224198684100577e-01
-1.162193942740483987e-01
-1.993058876313361094e-01
-3.608366313180882273e-02
-2.141282467166198689e-02
1.684627007908794660e-01
-2.152970129332254234e-01
-1.114856408284098377e-01
-9.113009939258502612e-02
-3.764375997583093159e-01
-3.438943524134988050e-01
-3.953183723941232075e-01
-2.604626795730019539e-01
-1.257840440603678611e-01
-3.774972231952640200e-01
-3.831493073040633801e-01
-3.137965923897284570e-01
9.661883454640182722e-04
-3.247748266989417543e-01
