7.872032457984512455e-01
9.572154570049742350e-01
6.340468944084332037e-01
6.744583455443015074e-01
6.643182698367559036e-01
8.787503793802227126e-01
8.710739937894672602e-01
9.603266344107166397e-01
9.373277050446162662e-01
6.923373685472706818e-01
8.059900894282111539e-01
9.433424804948336018e-01
9.494246693872481213e-01
9.614499419108972766e-01
7.263114752092523219e-01
9.566339453883383470e-01
9.349901086649083926e-01
9.245673710591330030e-01
6.684317401532124947e-01
7.866853026805569193e-01
7.460356448527178941e-01
8.870212025008232803e-01
9.460445784978031014e-01
9.479314685490477510e-01
9.459159909828804835e-01
7.448488239290036450e-01
7.875816356545471963e-01
7.231909110652788852e-01
9.658108414438042466e-01
6.136390624872115618e-01
7.565260244153297897e-01
8.595727140415767575e-01
9.345220593249585761e-01
7.030462621694681946e-01
7.598299542033696286e-01
6.521536522212951770e-01
8.013373822056135687e-01
8.319806801475591040e-01
7.567194589502985735e-01
9.189590505751099592e-01
8.623353506935532709e-01
9.299106958526690558e-01
6.049599807797225726e-01
7.673894716597383647e-01
9.321811199760182687e-01
8.471842976153629579e-01
8.451175944347453228e-01
9.136042053028117227e-01
6.319780477503641469e-01
9.363307793875957907e-01
8.742270670033928104e-01
9.438271937470298356e-01
9.500299540025682887e-01
9.404728318177640878e-01
8.253696577020229741e-01
9.600624470810221744e-01
7.843980768531529923e-01
9.428872441066615817e-01
7.063999714969096955e-01
9.019677546586357675e-01
8.858170981930895138e-01
9.587530727260624719e-01
6.912160860755718339e-01
7.659350241758239308e-01
9.617953802072902736e-01
8.281113733684665190e-01
9.259033737109612083e-01
6.403426660773789969e-01
9.158286215075341907e-01
6.951372869811971444e-01
6.492938391309468482e-01
6.929806705817467272e-01
9.480635940461250577e-01
8.639324629261777577e-01
7.264836087096132600e-01
8.702362138707515626e-01
8.062470036003743790e-01
7.276882616339250820e-01
9.615008935062772100e-01
9.651018986712531778e-01
6.633431325455898531e-01
7.873403492652161217e-01
9.103639442614248622e-01
5.963694465958115920e-01
7.065338964219529672e-01
7.009822802960125054e-01
7.338881734529094647e-01
9.340061767004519400e-01
7.165730270381307498e-01
9.282086322132189204e-01
6.819182462543672552e-01
9.315994208658084919e-01
7.496447067931566455e-01
8.210083427828512859e-01
8.928693726613623483e-01
6.270390595659047772e-01
9.395447177365858771e-01
5.735266143759819579e-01
9.656308727652831436e-01
9.384423692902230663e-01
6.425166248818828807e-01
9.266307607665729140e-01
6.959667699741980407e-01
7.982498991338616845e-01
9.220486345841785170e-01
9.696507974488717263e-01
6.503094350878162455e-01
7.421588635572435866e-01
8.934019054274368044e-01
5.585407377202117329e-01
8.393865442174741620e-01
9.335633582002205166e-01
8.697799458744381873e-01
7.911399042508960866e-01
9.484364008188366224e-01
7.805149191930458308e-01
9.454432714888937328e-01
9.502388788358717697e-01
9.407990125268762549e-01
8.891057628532952339e-01
9.016793455461669105e-01
9.165184366585605868e-01
6.280667182315278207e-01
9.427140364308121967e-01
6.579435407642848510e-01
7.464318018897454499e-01
6.350397725959247008e-01
8.912292801962178324e-01
9.392139359800849574e-01
7.318634259348995030e-01
9.421004732314780528e-01
9.181788515323463518e-01
7.487312487682159512e-01
6.368966592094587043e-01
8.300440120041108205e-01
9.544107128043236576e-01
7.662421549535094467e-01
7.602673667790716960e-01
9.347830861223411780e-01
6.969000218587744211e-01
8.805290959321920852e-01
7.505024970734678336e-01
8.162309141935488732e-01
7.476541502381615079e-01
9.400319280385307508e-01
6.632379670550928585e-01
7.467752149992797905e-01
7.890727717050547430e-01
7.050596410750840093e-01
9.713604625661180769e-01
7.551096456086553443e-01
7.373545770259039012e-01
8.593415713073255802e-01
9.559202855575863467e-01
9.292197371444697040e-01
8.434828191681559284e-01
6.864154728981952669e-01
9.739677505862250895e-01
9.001064410253909465e-01
8.427931149092302565e-01
9.727744515963312466e-01
9.552917036428825170e-01
9.535228136518487663e-01
6.628801951064973164e-01
6.648976131598235417e-01
9.538108150737756308e-01
9.592803955517901215e-01
9.572416641178138619e-01
9.560195266217146326e-01
7.265347346079602531e-01
9.421473485370890355e-01
9.270760147596130984e-01
8.284349517907418914e-01
7.380123471938866420e-01
7.272795610552971191e-01
7.478975758397425899e-01
7.683277561695821545e-01
7.466371655174338651e-01
9.313119342637192766e-01
9.679088089887681878e-01
7.576743073049554411e-01
8.415996382954371580e-01
9.311783996902749383e-01
5.647058158722725318e-01
9.155511418121381473e-01
9.616975004582833941e-01
8.952083494207381253e-01
5.847014904494508558e-01
7.070222446036739106e-01
6.445434015760338475e-01
9.308716566012709137e-01
7.799673336575749794e-01
7.334226772537217887e-01
9.404086435800518284e-01
8.504874861213487236e-01
7.591143537170270683e-01
7.241124912788686752e-01
9.474689178501531917e-01
9.508219179132582077e-01
9.152278313111110730e-01
7.443866625922984648e-01
6.094827115679335439e-01
7.828197735561389647e-01
6.683918481359085728e-01
7.071418164633215264e-01
7.078171886781261524e-01
9.149243812985924373e-01
9.339310062624690545e-01
8.514688124719700379e-01
5.747620359069609552e-01
7.096247508350808086e-01
6.300843148466901411e-01
7.061214265386888123e-01
6.858554871701525446e-01
9.557200982326401473e-01
8.175566830509216620e-01
9.301311713870603626e-01
9.437511286264508303e-01
9.410947092206198850e-01
7.935408599102113936e-01
6.829575703927666108e-01
6.815268272700789609e-01
8.086730655020253344e-01
6.220010620276188451e-01
9.191475511083045946e-01
9.158307426323124556e-01
8.808251100750166263e-01
6.864515075935379018e-01
9.291032821094996619e-01
6.824484871585033696e-01
7.957260140027214712e-01
6.063521125879669516e-01
8.530283994640953660e-01
6.644422509023836243e-01
7.116559629306863366e-01
6.303552925300457410e-01
7.776170342393349255e-01
8.139300108612732565e-01
9.320365186166252869e-01
9.596606805485196068e-01
6.939483108140517276e-01
9.453006809161783597e-01
9.126314673798547883e-01
6.917774469827090433e-01
7.531273244605130035e-01
9.572812469847851169e-01
9.068730699803013717e-01
8.457942641828123387e-01
6.164523862234846385e-01
7.224001763664400499e-01
9.221171528051128607e-01
6.666892732484308581e-01
9.398163198234219529e-01
7.709005200644325484e-01
8.863189193282302591e-01
8.127640590782057028e-01
9.583240664787253671e-01
7.911219452516807804e-01
6.938100350608468192e-01
9.267175057418925999e-01
8.214046476428218391e-01
8.245734632936581043e-01
9.163697005467763557e-01
8.216258866931660521e-01
7.061050602954876965e-01
9.702075620170624859e-01
7.342480421782419109e-01
7.321054711428574002e-01
8.765082064716841481e-01
9.463080125951909283e-01
7.285647437532782877e-01
9.383982039964959831e-01
8.316317207684827961e-01
8.737518074474470708e-01
7.619185806581207920e-01
7.331168269530045078e-01
8.816612418097402593e-01
7.376730286563092376e-01
6.731497951364554533e-01
9.651801209990703567e-01
7.235055138627080051e-01
9.287695713756771720e-01
9.383702075376958440e-01
6.201830329098013683e-01
8.856734116669154888e-01
8.754148164098698448e-01
9.492322070884904317e-01
9.446990761598732522e-01
8.359948083717250178e-01
6.641909741764209230e-01
9.467372374589030359e-01
9.412544771907875862e-01
6.576765274602602851e-01
7.114360171240166064e-01
8.736359515256778563e-01
9.510949375282287122e-01
9.378698961972320447e-01
9.403946101959662629e-01
9.201516481446740947e-01
6.074417161316459923e-01
