7.835446019064111756e-01
-9.432437687781089486e-02
-1.376192343513323868e-01
8.375565672595091105e-01
-4.107188747997057021e-01
8.109101475761062439e-01
7.611130881905893153e-01
8.035466699468539753e-01
8.010665740415729985e-01
-2.314556648348592149e-01
8.010769677189981675e-01
-1.957839666385907673e-02
6.110244912416601393e-01
-3.833111959393075696e-01
-2.558122700125113336e-01
-2.903788648027499364e-01
1.105569691169688284e-01
-2.369063875594504265e-03
-4.714630703647348930e-01
-3.026297911406147789e-01
-2.761404829664297345e-01
8.106375685060519531e-01
-1.498997198841492684e-01
8.200714578972442270e-01
8.203581599312412820e-01
-1.837738025526836905e-01
-1.528917938016204070e-01
-8.688934030039077716e-02
7.583589819158494949e-01
-2.039757210725768322e-01
-1.978478463210493199e-01
8.039812426816954627e-01
-3.694092578068809973e-01
7.851631768185364235e-01
7.978305974351690422e-01
-2.940317720656038247e-01
7.807569840351812340e-01
7.727142238875414071e-01
7.871075516502535896e-01
1.262388603049385827e-02
-2.884028236015798163e-01
8.551413188316460134e-01
8.336815133417524448e-01
-3.509263295413459494e-01
-3.285239497188048308e-01
-3.379045831273602141e-01
-6.680091465076581914e-02
-1.415633287291800935e-04
-1.823644328251655122e-01
7.450433506947029549e-01
7.995699024357995066e-01
8.267931385724462956e-01
-1.062493338859894637e-01
-1.070933312870678555e-01
7.962951606112149694e-01
-2.747316144564889706e-01
-1.082995875808956121e-01
-1.174107217395174985e-01
-2.994870944181412531e-01
-2.542968182120474152e-01
-2.801662325447180912e-02
2.697529076285398730e-03
-3.575654024727729086e-01
-2.342706695876204392e-01
7.446266148817795028e-01
-1.063545146614346959e-01
7.924887067745922664e-01
-2.840077373676963557e-01
8.027947853662609212e-01
8.466689478490032617e-01
-1.859110256434262920e-01
-1.507148186926806910e-01
-4.144720494081990392e-01
7.891205526040416807e-01
7.472554239767911777e-02
7.796484802830530025e-01
-3.074368101200350978e-01
7.992477388452389198e-01
6.106035625437135350e-02
7.595219621075766092e-01
-3.512757383391709731e-01
8.025060727782471481e-01
8.001459503133958595e-01
-4.180461524381595129e-01
7.789420296667026733e-01
-2.893218414204700162e-01
-2.028301071973503122e-01
-3.247693199562390887e-01
-3.319828044783311727e-01
-2.195289068654346365e-01
-1.806980681088398155e-01
-3.881657700196655680e-01
-2.813509542190865687e-01
-3.117251370593842053e-01
-2.950009743713870314e-02
7.897920141584282572e-01
-1.031101028028365563e-01
7.902018801944821202e-01
8.220813508199098507e-01
-1.003928106374534501e-01
8.042032134599736981e-01
-6.075081308928571566e-01
-3.478452098773829881e-01
8.033046348624112154e-01
7.900551621842688554e-01
-2.613577401511445464e-01
8.117459925198849957e-01
7.956443946608374729e-01
-3.141664811461529760e-01
-2.551729551043243061e-01
-5.587465505621777018e-01
8.009841176282869180e-01
8.241327908035082084e-01
-3.517601542420716876e-01
-3.461026186939671345e-01
7.680530782986713101e-01
-2.539070455351982170e-01
8.006531434843076056e-01
-3.261769685797508700e-01
8.203487228456159963e-01
3.427412654241020207e-02
8.162393913837140413e-01
-1.469513946026467510e-01
7.783861343500630969e-01
7.950382207946168345e-01
8.222859475991532996e-01
7.516535229926466499e-01
8.167434321821807064e-01
7.982686359989992209e-01
-3.651063334925285231e-01
-8.290777313608627130e-02
-3.308038307253043930e-01
-3.481947561925995416e-01
-1.205336932891436091e-01
8.031926628744884278e-01
7.803351716339913535e-01
-3.525949899654249320e-01
-1.814915274817145430e-01
7.885732249540903238e-01
-4.096354134495494015e-01
-1.206599609763032155e-01
-1.439344243775007859e-02
-2.312972519125860160e-01
7.936033155827352248e-01
1.459794140699103848e-01
7.951125865091270839e-01
7.838067347855346423e-01
7.933402212806410780e-01
-8.558725210775861014e-02
-1.599099706795406584e-01
-4.049399710626580551e-01
-4.508200956482341648e-02
-1.554168100101984418e-01
-3.959293073664965634e-01
-1.779311714277665435e-01
8.091432634685613579e-01
8.272670696580524119e-01
7.747217894619726763e-01
8.076132021972990405e-01
-1.393451965390632430e-01
-3.472702617737166153e-01
8.110587951875285473e-01
8.000559500476396302e-01
7.964357892589427612e-01
7.936814125020712485e-01
8.148841992297733983e-01
8.035423382449060625e-01
7.814775111556062637e-01
8.379524868746275335e-01
8.129170672685405163e-01
-5.576578114930352825e-02
-2.643272539468773386e-01
-1.301326938881886552e-01
-1.872498415298351204e-01
8.212095484385137922e-01
-3.167934210349324098e-01
-2.828143068474277544e-01
8.102041666711700119e-01
-1.511775155851775021e-01
7.607728064353075359e-01
-4.118054573405744989e-01
-1.194205500063211522e-01
7.477954660329420022e-01
-2.942247516818239372e-01
2.477320418040387939e-02
-2.362992193500710048e-01
7.691557024792008423e-01
8.333134088797611305e-01
7.243889273582182486e-01
8.407141750794304702e-01
-2.599598485113470137e-01
-2.621957942780821504e-01
-2.640465020868181245e-01
-3.629560315517069147e-02
-2.086322026130585094e-01
2.627325508609472393e-02
-1.573652257678773148e-01
-5.154609052046565942e-05
-2.917712302081807985e-01
7.932532026036016592e-01
-3.235573920110328405e-01
-3.263734550374536303e-01
7.914933673543965709e-01
7.861886821436506745e-01
-6.931076937425323381e-02
8.263952763422025560e-01
-9.821299017166901235e-02
-3.306110652654054571e-01
7.972136271970028387e-01
-1.194047888124379064e-01
-5.769223542236128210e-01
-1.046454809418523035e-01
-1.789126270841353561e-01
-3.426456529996236844e-01
-3.273488837790931583e-01
-4.274239140188166308e-01
8.014381075881107375e-01
7.595434407960824919e-01
-6.921597282855804223e-02
8.150643305190307109e-01
7.988950518854884830e-01
7.985804978235049312e-01
7.351873998791096099e-02
-4.691378968450381909e-02
8.060862324338406992e-01
-2.590248089823888322e-01
8.137747636129543105e-01
-2.246745378494704459e-01
8.376796653040134988e-01
7.956175948465171732e-01
-3.557338266782190117e-01
8.224951493735916941e-01
1.651914897341681676e-01
-2.822513508387471393e-01
4.943868269579260177e-02
7.714153343648403327e-01
7.916377743906444220e-01
-3.685992345221889011e-01
7.822655279986675536e-01
7.941038749294564436e-01
-2.266409000832050047e-01
-2.107182018062478124e-01
8.168614562898579567e-01
1.029198833946212699e-01
-7.424042212198359025e-02
8.145148913757446207e-01
-3.238882973386765785e-01
-1.232940828950926521e-01
7.746992195664843539e-01
-2.183607151631947740e-01
7.987152984018390800e-01
-3.389666293877766079e-01
8.069050091405661762e-01
7.447594735900761043e-01
7.605291210248465994e-01
-2.427695739658940477e-01
7.992741657693419599e-01
8.231275260345649603e-01
-1.506736812431358208e-01
-1.279068063448233206e-01
7.393074513693498329e-01
-2.813544481815981602e-01
1.559527576549535333e-04
-3.446320240556116632e-01
-1.211256909636000689e-01
8.197645550919153701e-01
8.109718249294313175e-01
8.019152913525626758e-01
-3.620758598831464448e-01
7.675132615136357472e-01
1.810044661140195188e-01
-1.066206074955938915e-01
-3.504613768591445799e-01
8.120401761982436462e-01
-3.433446031642614082e-01
-1.390824410716731685e-01
8.490692946754836434e-01
-2.041405603126092982e-01
-1.891568245632617995e-01
8.018442277347647140e-01
7.734782882416156857e-01
-2.647471755696207962e-01
8.084860252955388127e-01
7.962791862919220698e-01
-3.800374075999192469e-02
-2.878526940760944841e-01
-2.901794355208041631e-01
8.076668006728623395e-01
8.057814871134005852e-01
-1.990109036334676007e-01
