-3.296489899133348556e-01
8.742682227925162586e-01
8.461030605477293243e-01
-2.895845300097878994e-01
-3.161755859278099767e-01
8.996230896814723099e-01
8.490727222691717424e-01
-2.448407434945963912e-01
-1.418741995681054302e-01
8.850676824178490554e-01
-6.184530290190184965e-02
-4.938686851771970088e-03
-1.139077938431491133e-01
8.396504466039386161e-01
8.547767113809847661e-01
8.863337746693090713e-01
8.745623592721665229e-01
8.974815701757783426e-01
8.799649051207490968e-01
8.262783156686527297e-01
9.038929934139929845e-01
-8.192590562203766469e-02
9.115197478929873975e-01
-5.701040785226836605e-02
-9.481132360543431670e-05
9.144809916734496502e-01
9.490041879688220217e-01
8.221070230574442084e-01
9.037672387720193656e-01
-2.109236837628618300e-01
-3.720791141342614239e-01
8.830696866613036988e-01
-3.395552957711111541e-01
8.661342970848338874e-02
9.168292952325314271e-01
8.440405009924891733e-01
5.568426163840153875e-02
8.716316256497602666e-01
-1.496641535111487009e-01
-1.177072531440015585e-01
8.922792658399193444e-01
-3.288058353629490227e-02
-9.757520135233622993e-02
-8.942939962058686632e-02
-3.285183135930886955e-01
8.707641830555098439e-01
7.859321574012044787e-01
-2.896523973105705752e-01
9.104602314527148188e-01
-1.489146140599179879e-01
-1.636630300498909396e-01
8.614708182754862165e-01
-4.559920774861359050e-02
-5.255786812242601025e-01
8.515506357234177148e-01
2.037068338752409669e-02
9.090076688074748557e-01
8.858267195870126454e-01
-1.807505977671211017e-01
8.628169027699997828e-01
-3.664025680342708480e-01
-2.507243080942267444e-01
-3.205873629671576741e-03
-2.446138822799449331e-01
8.406913951137051644e-01
9.133849295754985498e-01
9.002674765962064285e-01
-1.940298174576887413e-01
-2.417664978648088603e-01
8.401502154320241722e-01
-9.810110463680299375e-02
1.121199502050925084e-01
6.294539982060465277e-01
-3.678442113133121305e-01
-9.961416448918797295e-02
-2.603437928831149328e-01
8.353847602623500901e-01
-7.761244861042067289e-02
8.499124437255848319e-01
7.488922023319701804e-01
9.123890319667026239e-01
-1.836586905176436080e-01
8.397292721724609610e-01
8.100529111219512135e-01
-3.341726875134383712e-01
6.970023877779321642e-02
-2.145746332615474372e-01
5.702697771861367504e-02
8.270800958344645126e-01
8.624780618082413808e-01
-1.779853836578813853e-02
5.706798836250884244e-02
8.470170973451550678e-01
-1.543574343280367245e-01
7.509038701783405934e-01
8.858444954273814176e-01
8.173243430456063052e-01
8.445192933469124474e-01
9.594350774570796769e-01
-1.823329570264152766e-01
-1.012710516082059864e-01
-2.011889860303761601e-03
9.216171056026465358e-01
9.038916600891055975e-01
8.163536425704723820e-01
8.130643488787586692e-02
9.277255085127271705e-01
7.882040378064257835e-01
-1.442783971426832568e-01
-1.382913734129977701e-01
9.199847173626021224e-01
-3.737034854856046695e-01
-2.572562505444681014e-01
9.287586406536121331e-01
8.053100195490776603e-01
8.725524469954232254e-01
8.614206384047665699e-01
-1.312458112907955166e-01
-4.336901890399831594e-02
8.060181246836463087e-01
-3.241009890656891268e-01
8.486300121176899580e-01
8.363490456222691938e-01
9.038908783829564531e-01
-3.792428678232980244e-01
-1.451759119935597253e-01
9.076325707221881700e-01
-9.594557056817988594e-02
-2.285242585894725897e-01
9.962473996242382501e-01
8.628341596103554778e-01
9.380224036573443502e-01
-1.154216418831406354e-01
-3.945057805478604518e-01
-1.315411031823667254e-01
8.611901940410948697e-01
8.199464427742610972e-01
9.363783636681191069e-01
-6.476005293513992234e-02
8.533940672760066404e-01
9.088291522027285296e-01
8.917884746117246131e-01
-2.828118136424353501e-01
-2.752519850237319932e-01
-2.906010859063097862e-01
7.585042840071808401e-01
8.355270810406183468e-01
9.342921325736206484e-01
9.282562589402407749e-01
-1.523984081162929605e-01
5.415560646282097101e-03
-6.634297920263214354e-02
8.385658177332789842e-01
8.007491669275543789e-01
8.968570228214596263e-01
8.064900011116503675e-01
1.968205095024196105e-02
-5.136564338678064612e-01
7.821788225450168053e-01
9.044509593285925408e-01
9.535343397145410460e-01
-7.245360209479791147e-02
8.904170849684801547e-01
-1.403151722728863127e-01
-2.229771100584623522e-01
9.227670356024824105e-01
8.850714088105745558e-01
9.023950044644131196e-01
8.611109465470170310e-01
8.476729992757964238e-01
8.354166655446142453e-01
7.982617471989101876e-01
-2.225218075704063769e-01
8.816788244272319996e-01
-8.733701590078422894e-02
-3.331352054427295928e-02
2.225357873678594778e-02
8.736756672677234992e-01
-2.843591454469406310e-01
9.373735936297715732e-01
3.892548841691588490e-02
-6.347209203916363840e-02
9.145569163055631279e-01
9.058572914527159847e-01
9.469521385024969318e-01
8.204701937402859580e-01
8.947909635710169507e-01
8.277547269789573559e-01
-2.910833836458265322e-03
-3.881235401297833398e-01
-3.621658729424694911e-01
-6.697267394133596397e-02
-4.229320567518984886e-03
9.978912418594690914e-01
2.119864737613150196e-02
-4.733669060334219636e-02
-1.942412738622439627e-01
8.295137775057660479e-01
8.327432156184088052e-01
8.385991436377778774e-01
8.780843105122587700e-01
-5.347094963627410658e-03
7.480813130632738561e-01
9.094152638224117791e-01
-1.424983584737146147e-01
8.436587733658176269e-01
-1.533414840126764156e-01
8.804512926904483061e-01
9.377165074520987798e-01
-5.256568936893551980e-03
7.957630920626890259e-01
9.344313665960441995e-01
-9.054584105572083264e-03
9.054449647762353726e-01
9.406294251199465162e-01
9.023812331349917448e-01
8.885634707596398174e-01
-1.031978630343249465e-01
8.190193655120605598e-01
9.164811609547047766e-01
-2.612573086680792800e-01
8.918155205433575539e-01
-1.849105392732348641e-01
-3.705807661443574208e-01
9.441441092401736679e-01
-9.492783797831334802e-02
-3.061200129884069088e-01
-2.575835192373851501e-01
-1.120400923031075746e-03
8.759931561544732626e-01
9.124886560782625722e-01
-2.893851979931916230e-03
8.839168839630955343e-01
9.170424628585167603e-01
-2.320153408827625718e-02
8.455098511942771289e-01
9.187396830905005807e-01
-1.468656196927876079e-01
9.519123564660312287e-01
9.108461587018514827e-01
-2.445824726716100406e-01
8.800867462557901977e-01
9.395377969086835535e-01
-3.396818267026150417e-01
8.312529153619611089e-01
-6.602937274798119371e-02
2.832254764113451007e-02
-3.818919588078044658e-01
1.070400669511406555e-01
8.909930883227565879e-01
8.823854287798473806e-01
8.997475623940467404e-01
-2.863519795597471718e-02
8.710905364620205038e-01
9.342666195097900639e-01
8.790997768005590629e-01
-2.024757816806534438e-01
8.942930488989143667e-01
9.086596466761702739e-01
-1.091140394115905771e-01
1.239086828007190944e-01
8.142636235958435886e-01
-1.182343280946718256e-01
-1.437016769856327425e-01
8.444830786423570546e-01
8.397355509600340495e-01
8.463756758141469660e-01
9.064153955470395374e-01
-3.548686287317001642e-01
8.494560967370526905e-01
7.830134412962944657e-01
-5.289663235408245678e-02
-3.483909568856762839e-01
6.349697118810652130e-01
-1.846678621485612903e-01
8.275036362698693360e-01
8.255971869486816717e-01
-1.952662785128561340e-01
8.394092821960655870e-01
-2.164747850755829872e-01
-5.662703295223307787e-02
-2.035464110577608621e-01
8.993468439545018178e-01
7.678828717271835025e-01
9.154380202366541042e-01
7.305060696582396651e-02
8.466537539784921851e-01
-2.152766134415255994e-01
-3.595185243519931628e-01
-2.012276489648863464e-02
-1.029502960930397532e-01
8.020555322545501742e-01
9.191803654396246692e-01
5.727861729416947045e-02
-1.744262641501442834e-01
9.563474693799767223e-01
-2.401547637307845096e-02
8.362903993549059001e-01
-3.106840075299788784e-01
-1.502089032392927292e-01
