-3.786647685651666762e-01
-2.477323682361685098e-01
-1.141133448504047521e-01
-2.800591766102297764e-01
8.308371451725367063e-01
8.401794121050781827e-01
7.687953651133764277e-01
7.970372052942903407e-01
-9.695084725431800388e-02
4.187057133396909769e-02
7.526761120357311485e-01
-1.530238295369239776e-01
7.376189664566524806e-01
8.223173969148963591e-01
-2.623338585563426695e-01
-1.500743291667607227e-01
7.639915134359712701e-01
-3.690307378080502909e-01
-2.855799963353916060e-01
8.035087405327427934e-01
-3.896315920207524264e-01
-4.904662333941868235e-01
-1.594931497473972559e-01
-3.082231375273915552e-01
-1.636656804845036672e-01
-2.326770574375403300e-01
8.400735672287399369e-01
8.334825430051074902e-01
-3.481162470556136146e-01
8.114310538465708822e-01
-1.522604478017568208e-01
8.037415800225069518e-01
-1.618652553410735440e-01
7.513798153332261753e-01
-1.256531429840451464e-01
-3.389311962845237836e-01
4.095029033627117093e-02
8.092193527401596587e-01
7.456560422387428222e-01
8.237818827468930127e-01
-2.726811321592749193e-01
8.145293242909474873e-01
8.221127164213198890e-01
-8.263804072640722198e-02
7.917749793527880664e-01
8.135263230850250382e-01
7.911253115790147783e-01
-3.545636299580223749e-01
-3.221968840557842828e-01
5.579464247714360087e-02
-2.276492711221289877e-01
8.191957837880370352e-01
8.210857713830199689e-01
-1.597954532399823158e-01
-3.151787586676067510e-01
-2.288042200417403083e-01
-2.589624361447767087e-01
1.498230080368901096e-01
-1.180817844345198181e-01
-2.696087195632212996e-01
1.052950253155508081e-01
8.126229753269053058e-01
1.692561245870770614e-01
8.321115667038788688e-01
-1.504307502246251815e-01
1.669025796571045606e-02
-2.979858332415419864e-01
7.981486927309655588e-01
-1.817387985581703225e-03
-2.075913105319916740e-01
-1.488120701030275495e-01
8.203691826771031259e-01
-1.846163745652578958e-01
-3.171664582037559965e-01
-3.704291161000434207e-01
7.889794497415092422e-01
-8.283917136173120366e-02
8.134181884063802492e-01
-2.566968336889032809e-01
-3.706713869948643492e-01
-2.118136340350895708e-02
-1.888376772274878435e-01
-9.828667977899599451e-02
8.232431994276250276e-01
8.024394187937626821e-01
4.838134149110495663e-04
8.276207162478987911e-01
-3.639915149790535209e-01
-4.259335154079686436e-01
8.037037985516527483e-01
-2.844399658349106019e-01
8.280819604249262111e-01
-3.196154137765098713e-01
7.851482971381256171e-01
9.079115042356147303e-01
8.087157481900023592e-01
-2.908188524202541259e-01
-8.568045051626504982e-03
-8.541222624697178412e-02
7.501216319355705764e-01
8.146657769210491340e-01
-2.763331194954802283e-01
-1.451197307710069828e-02
8.183585779495223811e-01
-4.837663971640580596e-01
7.355884345569055904e-01
-3.137092882561150486e-01
8.089600067156587082e-01
8.172853592895726882e-01
7.385305869520324418e-01
8.162303906869121661e-01
-3.277281989384684957e-01
-1.142710853101299578e-01
7.989173849097213065e-01
-1.505956868732904463e-01
8.177336581045062669e-01
8.166516007119507536e-01
-3.576011582283618040e-01
-1.541546999568589871e-01
7.992146796070155323e-01
-2.698896936739734742e-01
9.715777416556166113e-01
7.942680413584832788e-01
8.424799455422402605e-01
-1.873671545953778106e-01
8.407520541137676329e-01
-3.806284137810980739e-01
-3.588387153572085153e-01
-2.255577457032738042e-01
-1.602226959683531460e-01
-3.295972458109069358e-01
7.873741731990377968e-01
-3.448179577815316810e-01
8.519999998122154139e-01
8.113460130600690379e-01
-4.170949457500026658e-01
9.895834961905324301e-01
8.101950329763235592e-01
-3.683019100360532816e-01
7.780935531245807280e-01
8.048491208495527349e-01
7.846727544933143061e-01
-1.824285049632667355e-01
8.025442272724681025e-01
2.023233217255193117e-01
7.599160003670389907e-01
8.148823248725641788e-01
-5.055078768288012725e-01
-2.483139163907675251e-01
8.388337124033969916e-01
-1.726790888669189894e-01
-1.124924215735675359e-01
8.186730313771444223e-01
-3.399341616103158936e-02
-2.157344942175469515e-01
8.287798960194369124e-01
8.432927235921492404e-01
-3.274276298928377460e-01
-3.532391980891106398e-01
7.717858333582228170e-01
7.370744174125722914e-01
-2.413162283598900559e-01
1.237915330347019727e-02
8.047667949905301654e-01
-2.395928510287635704e-01
-3.375352229569885676e-01
-6.877713909792942948e-02
-2.811691101801365167e-01
-2.344977103912863625e-01
-1.910286637673618282e-01
-1.639779767874458283e-01
7.850309725116024762e-01
-3.154229749688530759e-01
7.934512562315120254e-01
-2.846684035104332100e-01
8.329156350528339470e-01
8.173082485239534511e-01
7.852300913801647519e-01
-2.489166190415576518e-01
7.982939674896453175e-01
-2.596797582859710074e-01
-1.481975689150682729e-01
8.104732207028907398e-01
-3.418180096366630893e-01
9.914067894082956300e-01
-4.986623904837310384e-02
8.307356719660802247e-01
8.023909255837686771e-01
8.073426028453317693e-01
1.804494082830483681e-02
-3.539094119084806311e-01
7.641499607527239002e-01
-3.785645423886818683e-01
7.501981768966036190e-01
7.465574282283234941e-01
8.062028983435933771e-01
9.893027300103407473e-01
-2.236120514145431282e-01
-2.486259890293351649e-01
-1.442259683559051764e-01
7.952648809966584853e-01
8.043471101726851202e-01
8.292178536980950865e-01
-2.608297464401767018e-01
8.229512669463120433e-01
-3.876276695189553867e-01
-1.209863877690171008e-01
-2.464608102525599198e-01
-5.863054651788135452e-01
-1.567407064809678841e-01
-2.719144925426128512e-01
7.865382898497836894e-01
7.508396414529203700e-01
7.556825588126029336e-01
7.968774838451906373e-01
-3.425942894388287474e-01
-2.544199651075019220e-01
-5.401385353663289424e-01
7.948281118008919677e-01
8.300066117556834655e-01
8.249126816126740591e-01
-9.746465140611726419e-02
-1.947695614271256204e-01
8.146548700726694570e-01
-1.890541228054458400e-01
9.860422008605023159e-01
-2.727533282112746815e-01
-1.549923154475307818e-01
-2.110018792094942031e-02
-1.246357232892816996e-01
-1.541861983952468040e-01
-1.946794616053552918e-01
-4.687103408376769309e-02
-3.161285195793346880e-01
8.068516225847276457e-01
3.735708733682437110e-02
-4.025190167904338923e-01
-5.758529361934188184e-01
-2.636818165649816303e-01
-2.875966004498404227e-01
-3.752656516173019097e-01
-2.470322763789650766e-01
-3.532513735950434386e-01
7.937448209502879770e-01
8.125872517108655435e-01
8.270706876954865283e-01
7.915367433623937687e-01
-2.486442825857102801e-01
-2.548840966392412200e-01
8.026253349525576120e-01
-3.295687616677409060e-03
7.238032313540985196e-01
-2.736966701252706580e-01
-2.220828676590335116e-01
-4.083796786283979685e-01
-2.654749173153991282e-01
-4.404182230947836785e-03
8.388186709311342693e-01
-3.926219767419384943e-01
-3.049381279020400570e-01
-3.232566429992410062e-01
8.203517119077178288e-01
8.139248837782526724e-01
8.274174938332783391e-01
8.222401807345529612e-01
8.198280117701109981e-01
-9.391462406729275680e-02
8.288975647647756073e-01
8.265763080593641066e-01
-2.315097613362164242e-01
8.009492989759080528e-01
8.196891318839769625e-01
-2.798639343559218284e-01
-1.177299482066322123e-01
-4.092741226728060511e-01
-3.342941020801488694e-01
-8.363815458914845846e-02
-1.893895848790937142e-01
8.389861775573270730e-01
-1.799918787370341222e-01
-9.495370365328437146e-03
-2.833650536017893740e-01
-4.535229925956307806e-01
-4.944014834124523250e-01
