1.708013973874172586e-01
-4.487741516385289620e-01
1.004661243845290097e-01
-3.193800602580910697e-01
1.098525381526062605e-01
-4.689705303261832436e-01
1.051872884106624662e-01
1.389742039989856071e-01
2.032828643615582631e-01
-1.612023098971178681e-01
-4.216673664340994110e-01
-5.237353502187868104e-01
-5.248708852040612216e-01
-4.923558438610612931e-01
-3.089617282542017618e-01
1.630344055892019861e-01
-4.353579627423671550e-01
1.548573865329398724e-01
-2.089804950714899481e-02
1.015009347303272025e-01
-1.277317963904156528e-02
-3.285572688617397485e-01
1.280120958087633543e-01
-4.706524567057382979e-01
-4.503576673622932125e-01
-5.852259959143999435e-01
-4.811512956601267654e-01
-8.450014353292367719e-02
4.313389914170334682e-01
-5.097763349255546306e-01
-5.162018833549582020e-01
-4.899831763394355555e-01
-1.670109976730756174e-01
-1.251194272081899289e-02
-4.227967567505051538e-01
-3.630650705859079785e-01
-4.370466699906313535e-01
6.795920818771193639e-03
-5.202088298890849005e-01
-4.490135652172391745e-01
7.786707738794065858e-02
1.754149606424280916e-02
9.853552677837243423e-02
-4.782037379071230054e-01
-2.277157674222930472e-01
4.588747006089302638e-02
5.981053007105616159e-02
-4.318834985430438506e-02
7.814076816122250690e-02
-5.581755821339177137e-01
-4.614552186406369327e-01
-1.080521328507185463e-01
-5.193457494878015446e-01
-3.760300474109846691e-01
-9.705186002213642138e-02
1.629206208525263155e-01
-4.467506571810606064e-01
-2.285349264996102692e-01
-1.513145419510454892e-01
-3.107780863656134374e-01
-9.404519872216735021e-02
-2.087224681229490342e-01
2.219451196413835536e-01
-1.743671686960041600e-01
-3.636250712365056703e-01
-5.944563351855329802e-01
-4.294936797682329943e-01
-5.862010611194576892e-01
-2.452994593263920775e-01
-4.866895843041243452e-01
-5.477880625352400390e-01
-2.998646067847801633e-01
-3.758468309764395054e-01
-4.513163170769390886e-01
-1.635542857532744643e-01
1.805688614570718220e-01
-4.390951566018251873e-01
-3.880520274673620595e-01
-4.713372018218843773e-01
2.248989128893633394e-01
-5.148269019713643813e-01
-1.247646425540887144e-01
-5.003502989759335551e-02
1.340571864355834808e-01
1.915388141965386481e-02
1.773046740477609573e-01
1.115700671869367111e-01
-4.446941021885849055e-01
-2.856605696896827307e-01
2.607175404086531367e-02
-5.214632857539689414e-01
-4.817736948908861727e-01
2.019729927983150986e-01
-5.338590797653223197e-01
-4.474148004404751022e-01
-3.807306700348572215e-01
-2.912864966084029450e-01
-4.759437251157117021e-01
-4.950031265590150165e-01
-5.483803868368625212e-01
-5.309089157902993072e-01
1.314538276512632053e-01
4.370323720941017565e-03
-1.382086825531637642e-01
-4.226983330485135637e-01
-5.610844386211919499e-01
-3.854230506343615525e-01
3.172829303185377148e-01
-2.169811706076957281e-01
-4.116524307927585946e-01
3.769689970292536968e-02
-2.678189913435358172e-01
-4.257913616863281958e-01
-4.472511378275845217e-01
-2.401731250367639126e-01
3.497895596981999422e-02
-4.544422833882716950e-01
-3.869241260400495264e-03
-4.202325562675871540e-01
-1.779037397184583119e-02
-3.971890645593442737e-01
-4.998796551057200221e-01
-3.918655712703914551e-01
-3.750395403088741531e-01
3.207567044961931457e-01
-4.722471557426636268e-01
-5.949423116518735150e-02
-1.319369657519522399e-01
-5.178213184623661203e-01
-1.064736459565862603e-01
-2.958125441290175295e-01
-5.677016252153028741e-01
-2.958414843869776045e-01
-3.230689095675083888e-01
-4.404923345673186219e-01
-5.143558748806456027e-01
-4.697628417441603865e-01
-4.175852357166910944e-01
-4.896652199865019206e-01
-3.686897213766547887e-01
-3.291875567280866388e-01
-5.135958130441743430e-01
-4.533570239828931259e-01
-7.263598194457931978e-02
1.569811979205192332e-01
-5.469559645759475286e-01
-5.334534855700923117e-02
-2.715726740355227653e-01
-4.672309557720054074e-01
-6.708590552914073246e-02
-4.765426366656532187e-01
-3.338792987246683719e-01
1.207414707109127905e-01
-3.966916813530547148e-01
-5.312903179879164828e-01
3.582759893579551269e-01
9.378534713543651424e-02
-4.337765602227268147e-01
-4.483931268871181597e-02
-3.790003964901009770e-01
2.326770485005539013e-01
1.665102464761560319e-01
2.320975986645262557e-01
-4.904340732755757548e-01
-3.573875465800550044e-01
-4.209189603442992089e-01
-3.651365652780129700e-01
-5.113259279179075412e-01
-4.470135350293181209e-01
2.559411804087495801e-01
1.128750775097357856e-01
-5.060109828405003896e-01
1.988997689121048684e-01
-5.362688217373496880e-01
1.473114554060850345e-02
-3.444866073565841513e-01
-1.172005051142815946e-01
-5.405884670728360319e-01
-4.764483774865823085e-01
-4.141274135702241455e-01
3.240834591027413891e-02
6.562781803970779704e-02
-3.658301026810819034e-01
-4.223504618409185674e-01
-5.687178402097694541e-01
-4.546442945639841415e-01
-4.125424671063208093e-01
8.032469598937187760e-02
-4.690601425734696739e-01
-4.694931499338056979e-01
-3.846510388545558157e-01
1.295254783221789219e-01
2.194776801695850765e-01
9.559947786380931789e-04
1.218159773767236997e-01
-4.346826803308385667e-01
-4.551096278197161449e-01
-6.647870540915154502e-02
-1.315268105837330281e-01
-4.307523005760188206e-01
2.253640789381421150e-01
-4.490204617004757703e-01
-7.600404291285237091e-02
-1.946666055489469360e-01
-5.226946318625540489e-01
-4.400602131998774258e-01
-3.945421443022676389e-01
-2.318015257462967549e-01
-3.320641963385022599e-01
5.848306628877232571e-02
-3.175306715851656247e-01
-4.489618397927903071e-01
5.765096832757106438e-02
-3.447689608700221231e-01
-2.841651254130281301e-01
-1.910179767659542782e-01
1.797635072925657107e-01
-3.653475682758410836e-01
-4.287706418840090405e-01
-2.254257033125692256e-01
-2.534757989274340484e-01
-2.793495301686976240e-01
-4.932579602074838587e-01
4.839084342886823542e-03
-4.454824731923254233e-01
-3.633437653735538952e-01
-2.515233130403549122e-01
-4.930351581478447653e-01
-5.470381401647410602e-01
-2.116247647122110886e-01
1.295316230060650775e-01
2.453480543710302719e-02
-3.183982715841576772e-01
-3.552454748988129740e-01
5.466578567429350617e-03
-5.237894276785837189e-01
-4.712917241545603320e-01
-3.912770048808934531e-01
-5.412874571713321981e-01
-2.060385251732291811e-01
-4.434867153154310460e-01
-4.929117986421557851e-01
-4.633115231885287510e-01
2.512276918154009442e-01
-3.432897721289283888e-02
-2.965254010711345090e-01
-1.657717514734298181e-01
-5.045178725561852984e-01
-4.091825839010522770e-01
3.277772182665403267e-02
-3.723104923505859976e-01
-4.873840318841496932e-01
-5.457197629097320091e-01
3.708552986717786326e-01
-3.581599333041316502e-01
-2.275337769943388544e-01
-4.921199146056253748e-01
2.123677693003473144e-01
-4.733189301823421680e-01
-3.887363603205095108e-01
-3.891195723534064399e-01
1.331068318876968415e-01
-5.646809603215759976e-01
2.562297041472297310e-02
-5.536175651825941957e-01
-5.065558869744839487e-01
1.622919988362702126e-01
-4.406927323497837889e-01
2.857023434818262708e-01
-3.089005546075951902e-01
-4.263816613002456291e-01
-4.569344772042032155e-01
-5.473569918299314024e-02
1.513380169333455594e-01
-3.253662974919212525e-01
-5.115718171267750192e-01
-4.696734672476209349e-01
-3.324298306473305598e-01
-5.228177014635297937e-01
-3.721596442179234687e-01
1.597421072980952927e-01
-5.366624887384547904e-01
-7.626028831683613618e-02
-4.914798868070895388e-01
-4.547289249624145713e-01
3.168759971678926646e-01
-2.152242559742938155e-01
1.740539578565486745e-01
-1.303842731503970787e-01
1.260400581726624503e-01
-3.310922467492412591e-01
-3.403537270055736474e-01
-4.749840472450599926e-01
-2.263509095780443792e-01
-7.369138570333333416e-02
